8.321735031737371457e+01,7.116513588325108775e-02,1.307583565971493726e+03
-1.059409727339048146e+01,1.413421154908017230e-01,-4.219985102943109467e+01
-5.048898769235131034e+00,1.061804370247359797e-01,-3.563672470394263314e+01
-3.029440436675859161e+00,7.574756640871264934e-02,-4.201604648928254448e+01
-5.057800628477860982e+01,7.357703185501279775e-02,-7.434766164038305760e+02
2.222677637882490842e+00,1.958099060218135984e-02,4.613147046095493238e+02
7.439366632012223590e+00,8.554890391759432111e-01,8.089044028043050893e-01
-3.535118818082871872e+00,1.099132589458020996e-02,-2.328595111589323096e+03
-4.497943804866291195e+00,1.978681695628489723e-01,-9.142233067956381021e+00
-2.047709275841181675e+00,1.227449260530352575e-02,-1.081561791243105517e+03
8.388222249214379644e+00,1.312110711623503193e-02,3.877208023975088508e+03
-2.283612116999935893e+01,5.877195300343217993e-02,-5.261047579117090436e+02
2.485887895689203475e+01,2.340145997647391785e-01,3.612316288235737005e+01
-7.953523287525788632e+00,3.031589823584052712e-01,-6.886662692839482958e+00
-4.103507002463683051e+00,4.833733022540501190e-01,-1.397590678615157511e+00
-1.248042478379401521e+00,1.267431423510218154e-02,-6.182591641256514094e+02
-1.800041976472265715e+00,3.339694298981637360e-02,-1.284278873409289190e+02
1.425154997081722108e+00,1.284845946592232391e-01,6.869895301945259547e+00
1.299619848991363469e+01,4.778596460307894533e-01,4.529035840917106981e+00
-1.772438866215508924e+01,2.814858324385808297e-01,-1.780116060455499394e+01
-2.417753679055805804e+01,1.260212006665447845e-02,-1.211476412221069040e+04
-8.513261817374194962e+00,6.413371954418319865e-01,-1.647074597875557211e+00
3.745095775088067569e+00,8.960524836348984778e-02,3.711813685809631380e+01
-2.609591896366038455e+01,2.628634640100651065e-01,-3.005399969053019404e+01
-1.517519624027650060e+00,3.265432743492907575e-02,-1.132512398896956256e+02
1.046188468287450046e+00,6.437624172992412186e-02,2.008856092397627435e+01
2.246652976406926960e+00,7.677201213195358198e-01,3.033334361808242563e-01
1.673850455484474509e+01,3.142044691977551735e-02,1.349217838803838958e+03
-3.674922971642658354e+00,3.734867840265252564e-02,-2.096466364202968862e+02
-6.721736553044773643e+01,6.989458351414408466e-02,-1.094925525213139963e+03
-1.887588405229042010e+01,1.452378459546403711e-02,-7.120948396075240453e+03
-1.654836246815768241e+00,1.595575908664590564e-02,-5.172615778056731415e+02
3.458491524814973683e+00,5.805542904252608549e-01,8.165657761652629354e-01
-2.806725924940017158e+00,2.069630818183640017e-02,-5.214400403305363625e+02
-2.261498586250317544e+01,1.843122771868748733e-01,-5.297584915675771100e+01
-6.417741511119899656e+00,1.384204185660791765e-02,-2.665459208559359922e+03
-5.043804222938308612e+01,1.295269694083615308e-01,-2.392367799561874335e+02
4.096700451198105952e+01,1.275047426126502126e-01,2.005264511463080339e+02
4.044666685640465431e+01,1.091173937864762661e-01,2.703241865727039794e+02
-2.327449374689761985e+00,4.119768090418356454e-01,-1.091251466371736312e+00
4.360608029798115837e+01,1.524931326569687606e-01,1.492232909949525776e+02
3.404370712693067347e+00,2.160626186639301172e-01,5.803202306573442826e+00
-1.205550374372033673e+01,5.680497325165826394e-01,-2.973053872992295954e+00
-5.250525557418451505e+00,6.245289956503410206e-02,-1.071242266126074583e+02
-8.964942684180556398e+00,1.496188798665047393e-01,-3.186873722495719363e+01
5.169042889095877058e+00,5.232871819177314920e-01,1.502173437641187936e+00
-1.581441214062882850e+00,1.943549563862274621e-01,-3.331593054606689641e+00
1.128318843915216307e+00,3.604930578086883858e-02,6.909206387489140866e+01
-7.642604613931432311e+00,8.596982777838750589e-02,-8.228855094288618943e+01
-1.871033060180981922e+00,2.242571843308217502e-02,-2.960594085540635660e+02
8.696493321327395165e+01,8.178515799364782790e-01,1.034630578325738526e+01
2.871321679661400239e+01,2.649367657880362659e-01,3.255273818777642703e+01
3.523142469549992484e+01,1.733333147438538835e-01,9.331603061507645691e+01
1.759792351831784396e+00,1.474752137063202462e-01,6.438926883217382269e+00
1.485312551153752736e+01,1.785400332696528841e-02,3.707974716603146135e+03
-6.986182007192624610e+00,7.702000097527085254e-01,-9.371799576635212459e-01
3.956932110031780070e+01,5.404138206273880751e-01,1.078191343326902896e+01
3.831988883414892300e+00,1.577282634690222590e-02,1.225731459106270904e+03
-6.455381625199965612e+00,2.151957918573960682e-01,-1.109288495061393043e+01
-8.594885595011497514e+00,6.091722092646484343e-01,-1.843104975234737486e+00
6.729904169548393433e+00,3.825394182582366603e-02,3.659709639521977920e+02
4.937182600379097863e+01,7.849841735700333611e-01,6.375988485915780046e+00
9.930243124569983593e+00,1.561393530124754181e-01,3.241345059603511913e+01
-1.240548913237133632e+01,3.827365405117161834e-01,-6.739135281794289334e+00
-3.528261332481064994e+00,6.175392690460868722e-02,-7.362439216120498031e+01
4.172744172970999088e+00,6.250493208274889023e-02,8.499303156288827665e+01
1.939038457252495462e+01,3.369733125784610261e-02,1.358893884358412379e+03
-1.709129010662754311e+01,9.198518093779771698e-01,-1.607419557102328866e+00
7.346903529539962108e+01,2.259069992122293355e-02,1.145605525698283600e+04
-3.803236846749347677e+01,6.860602818774851064e-02,-6.430118152505791613e+02
1.690715313712626067e+00,1.693412371860556487e-01,4.691753272538524477e+00
-2.179747656947476298e+00,1.271275082812778345e-02,-1.073290501232167571e+03
-2.866544349194644514e+00,6.277187248210893689e-01,-5.789201068437697106e-01
6.556841445372739940e+01,5.199282508733202995e-02,1.930180776443919058e+03
3.236332096882167164e+00,2.834610878638084766e-02,3.205208733124005107e+02
1.214112372677311669e+01,3.117512710018659552e-02,9.941056803155425996e+02
3.466122555491575330e+00,4.574348455331186947e-02,1.318182560982375833e+02
-4.384551280602325107e+01,8.348606217981463518e-02,-5.005959547679624393e+02
2.052085343120655736e+01,7.233971434298301917e-01,3.120555963105372310e+00
4.227521980325639106e+01,1.475306831734943536e-01,1.545650516205188012e+02
7.081660206435829608e+00,2.980232476849219436e-01,6.344902229527948911e+00
-1.397585328828515827e+01,1.540373159994253838e-01,-4.687233441577895832e+01
1.295736304053312971e+00,2.094496474668660138e-02,2.350430941296744720e+02
-6.980191322216352745e+00,7.914379613593218732e-01,-8.867959636459614714e-01
1.916913374301368655e+00,5.760965376651046022e-01,4.596233599272343540e-01
-7.009951821022709417e+00,9.751252538740262654e-02,-5.866571405832178954e+01
4.468247207712070690e+01,1.075379405491329148e-02,3.074708146013695659e+04
3.544554926064713118e+00,2.301447841232211189e-01,5.325367371686512641e+00
-1.976819676728128172e+01,1.276932713485802451e-01,-9.647641673650561245e+01
-7.135199709666112611e+00,4.275631267607280517e-01,-3.105959442496940781e+00
1.873785913618213117e+00,8.164550932053876720e-01,2.236894494194513749e-01
-1.202128250289631328e+00,1.067631922172501170e-02,-8.392625376754231183e+02
-2.136287056691874398e+01,1.685735995319611810e-02,-5.982333558984661977e+03
-5.427806546472101701e+00,6.859491497900790935e-02,-9.179745737261637828e+01
-2.306111382221929773e+01,3.417390415323512398e-01,-1.571379999775612291e+01
6.081275891402455613e+01,2.036893715157870599e-01,1.166401598897149228e+02
1.314114345301276110e+01,1.073106333791965655e-01,9.081085732623272122e+01
-8.720804264319377808e+01,2.498690376585224401e-02,-1.111531530272857162e+04
-2.028330571800823101e+00,2.109159851225708010e-02,-3.628355910528514414e+02
2.718182660803526218e+01,1.671719953718446283e-01,7.740013555321435490e+01
-7.057669633561908995e+01,5.407556131820389494e-02,-1.920655122530644348e+03
-7.311486000078126324e+01,4.948910715159979268e-01,-2.375617694732529728e+01
-3.033611036111065573e+01,2.741103720644835207e-01,-3.212913943604709743e+01
6.921697348722735121e+00,5.371882087574321174e-01,1.908753291987412393e+00
1.583948189637326465e+01,1.327288047135612853e-02,7.154853423326238044e+03
2.834215952222682855e+00,3.696982852631582883e-01,1.650168154219250116e+00
-2.407307539796324392e+01,1.754565944434379257e-02,-6.222749532742616793e+03
1.994673036728544346e+01,3.225529276489395164e-02,1.525667436389384193e+03
-3.881402253562062299e+01,6.894172973342474475e-02,-6.498519680596951957e+02
5.576667051772491668e+00,1.555253055002993601e-01,1.834690135862249249e+01
-5.837015236272891983e+00,1.058986781044046616e-01,-4.141902628758677452e+01
3.237323596996026964e+01,3.814564887873464483e-01,1.770460472393029150e+01
-5.244279597971240747e+01,5.306549656959184263e-02,-1.482011278717775212e+03
8.470018170408138758e+00,4.919110837949700749e-02,2.785487805422244492e+02
-5.111097854945742824e+01,1.127961967985693752e-02,-3.196799647518162237e+04
7.625480989659767950e+00,5.317135052060307787e-01,2.146357182982661982e+00
1.184827442527863006e+01,1.424266423980660549e-02,4.647964133240779120e+03
2.287752486357612636e+00,6.919460143789607498e-01,3.802373265249455736e-01
2.806543591295703521e+01,1.265890210307257790e-01,1.393701750395409533e+02
-6.882510959989748933e+00,2.259020149527076471e-01,-1.073239969616709821e+01
-4.110588093750893179e+00,2.921955542826948707e-02,-3.831306426848188948e+02
-3.445296993595550195e+00,8.590149625689129376e-02,-3.715483560138926578e+01
-1.174182256067684227e+00,1.312600507031467384e-02,-5.423261099389470701e+02
1.304871980959791067e+00,1.181992320538597235e-01,7.432394134430444943e+00
-1.547984316671323413e+00,3.549675381077057462e-02,-9.776410196253461038e+01
1.979356519700211869e+00,2.068397584284458607e-02,3.681680676914359651e+02
2.215050863152814742e+00,1.038653810730585068e-02,1.633925314887598915e+03
-2.961719981606541374e+00,8.624259680540111717e-01,-3.168768277128716782e-01
-3.778247657395149162e+01,1.946736015119098634e-02,-7.933529312637947442e+03
-4.716895991678250688e+00,4.322929102766365772e-01,-2.008584976407591149e+00
-2.345287637157019489e+00,2.509497059943834735e-02,-2.963554155002790367e+02
-5.250155963000160853e+00,1.504004093921671725e-01,-1.846988979197016434e+01
5.063975552049832629e+01,1.796574488948826376e-01,1.248507855779189271e+02
1.838251698712182147e+01,2.030140279603522696e-02,3.549302507299970785e+03
6.795998465438265690e+00,4.821810220024762977e-02,2.326072151721423040e+02
1.090726188625017912e+00,9.944393555424161368e-01,8.777064096059999931e-02
-2.224388467481150933e+00,9.942739766480230834e-01,-1.790558956910428268e-01
5.249862064970140629e+00,1.485930972473766334e-02,1.892085504599968090e+03
-7.219437473091813828e+00,5.227965408511130452e-01,-2.101977604996009497e+00
-5.538108395128685402e+01,5.416596435673660670e-01,-1.502099247334410492e+01
3.791001603701874245e+01,2.198893542770956055e-01,6.239297532284353309e+01
-1.008947325338344303e+00,4.182777168858780453e-02,-4.589117438666929871e+01
1.690826013064325650e+01,1.730159377684449551e-02,4.494866885059674132e+03
8.145415859080367227e+01,7.920841187837399100e-02,1.033143829504699852e+03
5.752026404173888885e+00,9.216783530495972765e-02,5.388305759502562609e+01
-8.476832205731259506e+00,2.204611678853031498e-02,-1.387904280235783290e+03
1.663687876586978920e+00,2.955399757400310051e-02,1.515756785855840576e+02
-1.589297525580064629e+01,6.771166393301301933e-02,-2.758470671405765415e+02
-1.759565319602259592e+00,1.615133970243836092e-01,-5.367578770810959021e+00
-1.217627934119384525e+00,2.518362334651411127e-02,-1.527806341260259160e+02
1.732172788268358943e+01,1.397775219686017353e-02,7.055156859198276834e+03
-9.355135845967099328e+01,2.194079400282452144e-02,-1.546448830018784247e+04
1.241365765978392766e+01,1.797458887284643370e-02,3.057538744077503452e+03
-6.527592254323158372e+00,2.900245691056296468e-02,-6.175520588393733306e+02
-2.666828310156023285e+00,7.438148507409088062e-01,-3.835796006126112601e-01
9.386993804035340361e+01,4.864275508817577504e-02,3.157041836034347853e+03
6.559255514285291611e+01,7.396610938519870837e-02,9.540675707261519847e+02
-3.897124030196314148e+00,3.689052447488055247e-02,-2.278792096647739811e+02
4.678135755932792961e+01,2.834028658452334565e-02,4.635050617488505850e+03
-3.821515544109315599e+00,7.975977167590660999e-01,-4.780330924691580941e-01
-6.400968743955296247e+01,8.986404471299046237e-02,-6.307596718796957020e+02
-1.336883077206999459e+01,6.758166249653473345e-01,-2.329302107148683465e+00
5.170095770747508368e+00,1.452122126785753038e-02,1.951113068819762475e+03
-1.200258498971942922e+00,4.661243970696073852e-02,-4.396036165367137016e+01
1.296622171364630383e+01,3.504590070134990659e-02,8.400964069379087960e+02
8.446607708922359237e+00,1.045192706071486170e-02,6.152898059086682224e+03
1.104549997292792129e+00,1.785990830824067330e-02,2.755605640688461335e+02
-4.967744748609156602e+01,2.036659028900987545e-02,-9.530435691097911331e+03
-1.044326639344711483e+00,3.606633931278252492e-01,-6.388845178176792983e-01
7.069887158590429976e+01,2.205138692916905618e-01,1.156993179034624291e+02
-1.058258612472806171e+00,1.290418974054072764e-02,-5.057320382508399916e+02
1.532915291650970291e+00,9.005031156272606807e-02,1.504311768261259452e+01
1.137542569189371022e+00,3.202750495282726817e-01,8.824936310246279669e-01
-2.149850918724713456e+00,2.653595033561019501e-02,-2.429568730640986587e+02
-1.201307598380565977e+01,2.168390416026506201e-02,-2.033149911046270972e+03
6.459252839755789921e+01,1.445998389969196073e-02,2.458310872861716052e+04
7.820806641015204264e+01,1.047939102421575203e-02,5.667213748715231486e+04
-5.537149656827358513e+01,4.993151994337233779e-01,-1.767367338423528622e+01
-1.411678464839473079e+01,8.567223210341567974e-02,-1.530543795897562234e+02
9.972191540311216329e+01,3.127710939698220005e-01,8.111992291971111513e+01
-8.771943361472281708e+01,4.154215800663307173e-02,-4.044900550523255788e+03
2.561192978348739047e+00,8.051593878758930289e-01,3.143899947474717016e-01
2.648556116291621976e+01,8.824492766826354251e-02,2.706573417100528332e+02
2.181611631283828956e+00,3.041251861036159063e-02,1.876993639597732795e+02
9.338379033058890499e+00,4.014954765414270599e-02,4.609993574813631199e+02
-2.068235802754803743e+01,5.741881151866243815e-01,-4.992082911523884725e+00
-6.493290617501183704e+01,2.050391196969169605e-01,-1.229083871151751310e+02
-2.518269842683229598e+01,2.667235730432218621e-01,-2.816888131184104793e+01
2.029561094233626406e+00,1.009458405422959948e-01,1.584949422008154585e+01
3.217204570976767375e+00,8.761508231351217146e-01,3.335116941062239992e-01
1.752476579628269349e+01,1.046595339517923801e-01,1.273165218577454425e+02
1.305739015695951188e+00,5.990383518346392711e-02,2.895591288868448743e+01
-6.549045434655113240e+01,6.446878098332382567e-01,-1.253918248039678573e+01
2.903561901102836629e+01,4.664619765854613465e-02,1.061912489533174721e+03
-4.388831391742893828e+01,2.639723979271683674e-01,-5.012126199150501549e+01
2.963579422235886440e+00,5.854927153882401314e-02,6.879608343374397350e+01
1.561962367700277188e+00,1.621762916494167150e-01,4.725915706679573169e+00
1.623631186353440059e+00,1.421781678452772174e-02,6.391630987517208951e+02
-2.331623246039719710e+00,3.449395493271135149e-01,-1.559417951233100341e+00
9.196509820390177836e+00,5.105887621368254692e-01,2.807182650354254072e+00
9.972206538961407318e+01,3.389443852505789195e-02,6.907557562427006815e+03
3.634356306750658128e+00,3.243783518170172409e-01,2.748615004837849707e+00
4.553172165659990611e+01,2.062384542765669793e-01,8.518535117914228749e+01
-1.120976191939463185e+00,4.909325371335559463e-01,-3.701202884510566005e-01
7.910321502617608580e+00,9.401804760045580356e-02,7.121341530335114101e+01
-6.399718180204547302e+00,7.735278383473472019e-02,-8.511362538901300923e+01
-9.231571406600716401e+00,1.155194421230150703e-01,-5.504978200364835317e+01
-7.287616095098340452e+01,7.508129507449246010e-01,-1.028755362480096736e+01
2.593898645716656848e+00,5.484737592507655385e-02,6.861695312106259337e+01
-2.579652596692692867e+00,3.196204928894732372e-02,-2.009472769403733139e+02
-1.051779258998990230e+01,1.030156665969000906e-02,-7.886933591242983312e+03
-6.051350149370248488e+01,1.241875385933880471e-01,-3.122384485734639838e+02
1.613344253225438951e+00,2.406869261129766790e-02,2.216216487763678629e+02
-8.122427475695238286e+01,4.159841592141348687e-02,-3.735273377148104373e+03
6.348256860478639574e+00,1.683178363476925399e-01,1.783135502525254878e+01
4.619674801542278431e+01,2.161648699459325917e-02,7.867401403116132315e+03
-2.474123523800850322e+01,1.906856672750393833e-01,-5.414712630713840014e+01
-1.864572007119710495e+00,9.585036331238807605e-01,-1.615034369931341862e-01
7.904723146366969821e+00,4.243859625843446892e-01,3.492647686029122234e+00
-8.951783102437899231e+01,5.052383760586026673e-02,-2.790660631689167985e+03
-4.263878938361698090e+01,5.252505781882623737e-01,-1.229877689324960777e+01
-8.408806268918155524e+01,1.480570915131225740e-01,-3.052572978054768100e+02
1.516793239637235935e+01,2.833605704047036447e-02,1.503272400852327337e+03
-2.997156632446159108e+01,6.766767371597068870e-01,-5.208792809661900058e+00
5.785801016517331874e+01,1.216282068304043278e-02,3.112325574994646377e+04
3.645155180965269182e+01,7.711192867462214606e-02,4.878238468656662690e+02
-8.092364888943910373e+00,1.774710564134899804e-01,-2.044610204996964953e+01
-1.220813007538065165e+01,1.652927486165924609e-01,-3.555753784225215242e+01
-8.040959581533111589e+01,8.794828143249976138e-02,-8.272624276758716633e+02
-4.341163196351496367e+01,5.194924401424504401e-01,-1.280081981955008708e+01
-7.175271573194916819e+00,2.164276632991229271e-02,-1.218997845480875412e+03
-1.489658101379153798e+01,3.199006172996312486e-02,-1.158368082552162605e+03
3.911717167421515207e+00,1.505740117119213350e-01,1.372958908229584551e+01
-2.300492609984989301e+01,3.224796418936828890e-02,-1.760379784795498153e+03
-3.298900999988520155e+00,2.238819871365604897e-02,-5.237464744817569908e+02
8.604868249167115124e+00,2.262310752984810769e-01,1.337919062673096349e+01
-4.201403336849454462e+01,5.790489544480329626e-02,-9.971349723541090952e+02
6.116220503510187712e+01,1.682493843322005189e-01,1.719357957162422963e+02
-2.861214385733013543e+01,4.511910551507226225e-02,-1.118457725227213587e+03
-2.045871370511634879e+01,1.045342536759170590e-02,-1.489879742036149582e+04
4.739849769565231519e+00,2.065440252282620820e-02,8.841571021261630676e+02
-3.603995986219704406e+01,1.387285745798188044e-02,-1.490193232103679838e+04
-8.805338697888302590e+00,7.595546958913566848e-02,-1.214557543261117019e+02
-1.172272212601413699e+01,2.172469338743289458e-02,-1.976565884463863767e+03
1.849007499058688708e+01,3.076110997963876423e-02,1.554979986049708714e+03
-9.797435715333959294e+00,2.039976488294036883e-01,-1.873493689355137448e+01
8.834662744466633910e+00,1.262069832266013089e-02,4.413807007306153537e+03
1.231535431506719291e+01,8.371626248601624631e-01,1.398354824227136417e+00
-2.186362772368541929e+00,8.067752235140981387e-01,-2.673051063731718968e-01
-1.741066043196190627e+00,3.626388045769304846e-02,-1.053554078064640436e+02
-5.460423784849147921e+01,3.416831590032590182e-01,-3.721939748032414741e+01
1.995408663456504028e+00,1.697457529260065767e-02,5.510920621272321114e+02
1.977303069645252265e+00,2.048364016187352588e-02,3.750153985282189524e+02
1.075686384555358810e+00,6.696698977098154426e-01,1.908772866102944610e-01
2.516249705477039456e+01,6.712785751434426906e-01,4.443634199236540461e+00
-1.210158132317430990e+01,5.180890238974017459e-02,-3.587760767778478339e+02
-5.351199644083076912e+00,1.526594589974867300e-01,-1.827232672057735741e+01
-5.127838912532125093e+00,5.855544631547254797e-02,-1.190117711635990929e+02
4.305622958085800533e+00,1.648182311626534280e-01,1.261291979827790044e+01
1.336980435650838128e+00,5.002639783304613230e-02,4.251250765715569457e+01
7.015242594609961202e+01,5.999526829530326538e-02,1.550953689851010495e+03
-1.652314627887329301e+00,1.967089971750240751e-01,-3.398086539798652161e+00
1.514754153478038212e+00,4.767574200711283822e-02,5.303192185543479553e+01
-3.997152035780446422e+00,1.141099930310212132e-02,-2.442831129689991940e+03
-2.228864594948426703e+00,3.420099474390142502e-01,-1.516339142723315270e+00
1.984543611330213153e+01,4.554045570156620842e-02,7.614756828126704704e+02
-7.299672664662060129e+01,2.571029680403258966e-01,-8.787783344617049863e+01
1.972098146211467196e+01,4.352010881806327447e-01,8.285881455138767393e+00
-1.430829917323082157e+01,6.341395016095245918e-01,-2.831447636063505247e+00
2.699601281037495859e+00,3.078940351770259598e-01,2.266142473598957263e+00
1.698910606442943916e+01,3.129905299282522146e-01,1.380060954858099187e+01
2.001462595419424417e+01,4.518959744154402158e-01,7.799390569271640317e+00
-6.554106506818555999e+01,3.172896504987407496e-02,-5.180740244916754818e+03
5.359593417129689286e+00,7.572730453373756054e-01,7.437328832058752726e-01
-3.434782739313459388e+01,5.066866686622688576e-01,-1.064658809886134883e+01
1.249249786128578776e+01,3.985753063585453088e-02,6.257756248945702282e+02
1.689356049639097535e+01,6.989313391356483107e-02,2.751961153738315602e+02
7.584426261021145876e+01,1.236333465742955329e-01,3.948586160645151608e+02
3.594479294361443777e+01,4.210997122735237602e-02,1.613081211952182230e+03
-4.057065107127913350e+00,2.577763067854374132e-02,-4.858655635530956829e+02
-4.987762402761130431e+01,1.437169804089252767e-02,-1.921674050271228043e+04
-4.899922589461868760e+00,9.747976675446925476e-01,-4.103461775390890853e-01
9.684110796065940008e+01,3.849008591817824898e-02,5.201781724028322060e+03
-4.989603989506809256e+01,1.860516519036118921e-01,-1.147067971525255530e+02
-2.441531571469053752e+00,6.396371177218538318e-01,-4.748814061586518198e-01
-5.594577386078445613e+01,2.434249653271686534e-02,-7.513238717731802353e+03
4.554266514177347602e+01,8.661036589390497253e-02,4.831353678645701279e+02
-4.343276955011366880e+01,8.548803066910416470e-01,-4.729301853943434608e+00
7.466698512755820083e+00,4.191640006399742768e-01,3.381822415291244166e+00
8.409253680870808978e+01,7.376651710811778229e-02,1.229784549850867506e+03
1.995294457574565916e+00,3.576476813717818781e-01,1.241327293417295197e+00
5.981547365045715026e+01,1.691862164882901309e-01,1.662929069474253083e+02
8.515583795827909341e+01,4.873098570795463824e-01,2.853607058050126000e+01
5.555471389066968690e+00,7.591734469657017703e-01,7.670594626671926042e-01
-1.133566782744342971e+00,1.249177205862568446e-01,-5.780815987283827617e+00
-2.868530285237730482e+01,5.740277332989204145e-02,-6.927616293579740159e+02
3.588695834296002118e+01,5.559006319614895331e-01,9.241286851172416661e+00
1.699081780895834504e+00,1.670393712179652213e-01,4.845813839649563803e+00
2.880585055635414449e+00,7.900997785762065018e-02,3.672036243200012251e+01
1.791130769709369375e+01,1.188635431667299097e-01,1.008834874323761426e+02
1.160174851018754438e+01,5.622907476629119411e-02,2.920059550149064194e+02
-3.027814067825404720e+01,5.869602390563892491e-02,-6.993619056873517366e+02
4.243165545983359266e+01,8.495314132964310039e-01,4.678657209471815293e+00
-1.740624092103748666e+01,6.202592244732925419e-02,-3.600382670722826788e+02
-7.088663786346099727e+00,2.996718040162685281e-01,-6.281491113936071180e+00
-5.291770914772992285e+01,4.230242182436938503e-02,-2.353210122207698987e+03
-6.322753187622978110e+00,1.017777184216225178e-02,-4.857255439267463771e+03
-4.741178702198347139e+00,5.380029703683377601e-02,-1.303488229698741350e+02
-6.780638188667383659e+00,2.094553133027120956e-02,-1.229923058964767733e+03
3.760157627426499971e+01,9.135253971991169619e-02,3.585543002372901356e+02
-4.339022449742995668e+00,4.862319573697132524e-02,-1.460478051391925760e+02
2.178929058344587588e+01,6.574550291253256074e-02,4.011447595475867161e+02
1.091013627138991637e+01,4.248781997986479653e-02,4.809405707659842619e+02
-1.736948214069417418e+01,3.131969467013606123e-01,-1.409100494534774306e+01
1.193127829847854571e+01,1.219698551635738509e-01,6.382224775903100067e+01
1.891620599635151478e+01,3.746019129992821939e-01,1.072714593763976332e+01
6.314182181799994353e+00,4.128093982449256016e-02,2.948547252845616526e+02
-8.171044167099755384e+01,1.502215883672598784e-01,-2.881396303090297693e+02
1.047852827058535885e+00,1.645291322202735440e-02,3.080383661520516512e+02
1.403881741970417263e+00,9.395320049800942597e-02,1.265603024988598513e+01
5.693128403545997251e+00,1.792629009563254452e-02,1.409808986784663375e+03
-9.916289856391660607e+00,2.180590092878948241e-02,-1.659553584153584325e+03
5.040679021650267089e+01,4.198275147817603220e-02,2.275817241324402858e+03
1.986060280416966473e+00,1.484942353810989046e-01,7.167428562210409027e+00
-5.869172331609920690e+00,3.030221098477196146e-02,-5.086491956382475337e+02
-3.610347989246240274e+01,5.145003245939262504e-01,-1.085345209987286808e+01
1.294640278629648478e+01,3.627292294232722369e-01,7.830223240308620269e+00
7.519522547206743468e+01,4.058155441964045318e-01,3.633482273477005009e+01
-6.525138522154357190e+00,5.422958213358981538e-01,-1.765661127413743481e+00
-1.414329812417293830e+00,2.422258103270431562e-01,-1.918226988403560318e+00
1.382688886205203360e+01,2.548603609339966658e-02,1.693986794339981770e+03
-4.682776589053776028e+00,8.410683117167493394e-01,-5.267821288633552923e-01
3.056862265301627968e+00,8.309386412584368609e-02,3.523125354874388648e+01
-3.381888327148685391e+01,1.497267928037302777e-02,-1.200467355696564846e+04
6.894575942798158330e+00,7.561883524921568511e-02,9.594839807418675548e+01
-8.868125062890813481e+00,2.405264578128164521e-01,-1.219821360239718899e+01
3.254239576157573310e+01,1.113770043605372302e-02,2.087606271496680347e+04
1.778662169490603961e+00,1.812765211631135187e-01,4.307254047658796381e+00
-2.403637267676583367e+00,7.367254878878995994e-01,-3.524095548488375695e-01
2.650496958411958204e+01,1.473838419467634817e-02,9.709965781791839618e+03
-9.073399056925618211e+00,4.143386747781691026e-02,-4.205805674679951949e+02
5.007489214913776010e+01,6.539190235988830147e-02,9.318847715981751207e+02
2.669553597654316324e+00,1.545563565191918343e-01,8.893138138174647267e+00
3.719044604061068071e+01,1.263654302866315804e-01,1.853382090288576478e+02
3.542946789284482367e+00,3.383960185307774426e-02,2.462091997479373333e+02
8.397370044545785106e+01,1.261013290032633911e-02,4.202368187293176015e+04
2.768710242250748266e+01,3.691484217129134549e-02,1.616834663062288428e+03
6.367523774773053447e+01,4.586418634260945315e-01,2.408869787276527674e+01
1.662399222163682566e+01,1.026657763786216482e-01,1.255087694454526854e+02
-3.781976147013541834e+01,7.451909872112465194e-02,-5.419681114905033610e+02
4.253431669392040426e+00,2.573231077040877834e-01,5.111778426860257518e+00
1.064129703383818404e+00,3.898509433520546130e-01,5.571697416122769475e-01
-6.476045970624103632e+01,7.141451174976328753e-01,-1.010478590330505000e+01
1.438064184960791358e+00,3.121026280689388754e-02,1.174826015243956192e+02
1.456115513224658820e+00,3.284943067618880108e-01,1.073816988832938968e+00
7.624740570109910465e+00,7.583301487758940806e-02,1.055112000319998771e+02
1.076167960528010958e+01,1.567202759508684595e-01,3.486742045314366578e+01
-5.065693388870927905e+00,2.286239047246485245e-01,-7.712332765566628723e+00
-4.227263811657583403e+01,3.535773621659376587e-01,-2.690794831429922951e+01
-3.727318782433068378e+01,2.951548141643236534e-01,-3.404763349022680075e+01
5.753317616205460006e+00,3.970327417826695626e-01,2.904396070475005143e+00
-7.614541198707853731e+00,2.116627924263540794e-02,-1.352523544522470957e+03
1.430322299457696955e+00,7.993087010542403170e-02,1.781537483522672005e+01
1.333418245352766318e+00,3.589192653625575269e-02,8.236884742219314148e+01
6.593777065611512000e+01,2.236466871231999193e-02,1.049057895908410865e+04
-1.633193635697399948e+00,9.636571411209791105e-01,-1.399531657637920756e-01
1.017890598981405992e+00,1.180523616606363874e-02,5.812217798119079362e+02
8.549373641196613960e+01,1.424577715655270076e-02,3.352371507682062656e+04
-1.078449188646136747e+01,2.200618911571140535e-01,-1.772148625831038871e+01
-2.579331572573729048e+01,1.514604660417411819e-01,-8.947438718358610288e+01
-4.979470689274147333e+01,8.267038541641433813e-01,-5.797935659212719806e+00
1.451881701210077091e+00,1.810279018227947956e-01,3.525578036751286781e+00
4.260218056323761004e+01,5.923303708916268784e-01,9.662599134338556439e+00
-2.174452127431416315e+01,7.653443290236965069e-02,-2.954107189420735153e+02
-4.985417399763667845e+01,1.433630314769515912e-01,-1.930266660122608187e+02
-3.796771152745946409e+01,1.042256719160303442e-02,-2.781346841747964208e+04
-1.059237224562035529e+01,8.742925480621070999e-01,-1.102731592986122111e+00
-6.292908980582176071e+00,7.104075098083931228e-02,-9.922623173064222613e+01
1.258174578194128257e+00,7.445486008253053567e-02,1.806113081567635348e+01
1.294652710440935106e+00,1.300607221697535829e-02,6.090474071136135308e+02
1.035573981641531205e+01,1.605574490685461250e-02,3.196762319099177603e+03
6.623189786254514821e+00,1.411064401305571203e-01,2.647059264922722122e+01
-9.913145101881497112e+01,6.990671731778718145e-01,-1.614223929720876782e+01
3.004124574733504804e+00,6.331945396171334561e-01,5.962573586295222272e-01
8.799376674507119844e+01,5.390372382483359093e-02,2.409930442768883950e+03
-1.686913232606559987e+01,5.164018940604363228e-02,-5.033930647052117138e+02
-6.290367856092159116e+01,7.174336147508112438e-01,-9.725293947008054829e+00
-6.619432802329578180e+01,2.531175212444967126e-01,-8.221792199337407681e+01
8.244557436494621072e+01,2.033412408992190182e-02,1.586742831003821993e+04
8.158585740840486267e+00,1.378132767589854701e-01,3.418400159268446714e+01
4.191737800957370474e+00,3.559815661663747605e-02,2.632262678687983453e+02
8.631853654714377910e+01,1.605327192165682260e-01,2.665428765572721090e+02
8.015494963345841484e+01,8.724543063141665389e-01,8.379827917134679893e+00
-6.934092790071741774e+01,2.103813829840937011e-01,-1.246709226407924973e+02
1.917312479003248749e+00,5.916581546078218956e-01,4.358542906832500452e-01
-4.721755764368917418e+00,4.987011957903531023e-01,-1.510820385083042172e+00
9.034274538871257221e+01,5.058342800103921011e-01,2.809744982624282272e+01
1.057617531295626190e+00,7.491130603449962233e-02,1.499767849938742970e+01
3.076246531300995013e+00,1.945321640090103277e-01,6.468870200798320980e+00
4.928619781028078961e+01,3.183630344449423499e-01,3.869636588334131488e+01
3.906731231419193762e+01,2.735486982951249590e-01,4.154649253753159854e+01
8.682188109802623899e+00,6.129435583282626387e-01,1.838985718888629606e+00
3.808396044645783185e+00,2.257359540625288388e-02,5.947449564839421328e+02
7.225619353218394991e+00,3.532415773495316547e-01,4.608096702755173801e+00
-6.756706608271453263e+01,4.092358242710347066e-02,-3.210538690860978022e+03
7.999939409011449953e+00,2.053547284309489851e-02,1.509619229443193717e+03
4.571823892200699291e+00,2.864717279067535358e-02,4.433187435604314146e+02
-5.062804988885471857e+01,1.410682458666164818e-01,-2.024523411062789080e+02
4.818951888800556915e+00,4.198107641839120968e-02,2.175883237682991762e+02
-3.469000299998998571e+01,1.231146037432964829e-01,-1.821274177786048654e+02
-2.779587212421984432e+01,6.344305184781640072e-02,-5.495437956002550663e+02
-1.441622576762534136e+00,2.908442671000928126e-01,-1.356190492735485753e+00
-3.067061646317454926e+00,1.109938673434368583e-02,-1.981137751314833395e+03
-2.536619966727325703e+00,2.032151212128713996e-02,-4.888025933314373219e+02
4.742349310486453362e+00,3.352196456349374604e-02,3.358340683729905436e+02
-5.817609071086774009e+01,6.852861373326556149e-02,-9.858044567752673402e+02
-5.089005769622341191e+00,2.258823060209911790e-02,-7.937041547320992549e+02
-1.724098275968604455e+01,1.159928829633655005e-02,-1.019740030059303535e+04
6.031637571082437432e+01,8.202850757390250935e-01,7.133386468289732107e+00
-2.297055282450449543e+00,1.953620878625923415e-02,-4.789398869273035757e+02
1.304446247141740844e+00,1.088523769189059590e-02,8.760733916376927937e+02
5.688986628734249251e+01,4.932397106077253401e-02,1.860839775092412992e+03
-1.268219312870523030e+00,1.386409125614203874e-01,-5.250512319371844150e+00
2.167615458284835039e+00,2.317547226313277503e-02,3.211553711985541213e+02
-1.746074797405679391e+01,2.484963475273159125e-02,-2.250157721241177114e+03
3.543369886980306305e+00,6.489278709129931988e-01,6.695974201512860935e-01
-7.481336583636620574e+00,7.549389914487775188e-02,-1.044589405447531334e+02
-1.302240495565833278e+01,7.551164455993088220e-02,-1.817412349236201976e+02
-1.896316527873289104e+01,9.945266751009361472e-02,-1.525696302794808332e+02
1.046374788303341852e+00,1.495725874651293065e-02,3.721974469763286493e+02
-7.629669836763294022e+00,1.460539944746744138e-02,-2.846223516409619606e+03
4.001011853297163157e+01,1.178070265873520754e-02,2.294127678352582734e+04
4.115965516891194831e+00,2.259056675971085268e-02,6.418116707102037708e+02
2.155133071885531848e+01,4.824343792766346839e-01,7.368646621348453607e+00
6.561331605832791958e+00,3.798769370857242589e-02,3.618230814350043261e+02
-4.364760621035485855e+01,1.151848628156483013e-02,-2.617940354372892034e+04
-2.214030145080842971e+01,2.311498018427037004e-01,-3.297513747010237495e+01
2.445994800538140446e+00,2.259735972463761469e-02,3.811801417346664493e+02
1.471619540723071928e+01,1.654811238506750590e-02,4.276502778074623166e+03
-1.454771306470571623e+00,2.925001446316217724e-01,-1.353108718073131378e+00
6.866312800187193943e+01,1.536278914926058649e-02,2.315120390941961159e+04
-1.288126477198844633e+01,2.409145867615347103e-01,-1.766129117808436888e+01
-3.233561674456451041e+00,1.182931491340779989e-01,-1.838874531124632483e+01
5.687598285160844114e+01,5.541285711266440428e-01,1.474001631613315588e+01
6.463796778849731695e+00,2.986292605724668453e-02,5.767838770116114802e+02
-2.008656815695947984e+01,1.308817735570934684e-02,-9.331200814409579834e+03
-3.441173923267970025e+01,5.470318582501592503e-02,-9.151062464856869383e+02
8.500595216434854251e+01,1.807169970142587928e-02,2.071292677055428794e+04
1.523695496389690485e+00,7.870189727404824920e-02,1.957572771971109660e+01
-8.014481194002550879e+00,5.748943861130956928e-02,-1.929698301779310157e+02
-2.244945007514013824e+00,5.333491291378034127e-01,-6.280188254328290531e-01
1.642584743805005232e+01,3.701519824369140510e-01,9.540206196870219202e+00
-3.079134785409414121e+01,2.031794915730209330e-02,-5.935524439779169370e+03
6.839192365405209806e+00,1.813268014453264521e-01,1.655278040855022326e+01
-4.016671350466117474e+01,3.599804849505135185e-02,-2.466598818953234513e+03
-1.303758028194932272e+01,1.173684345551606438e-02,-7.531552496669958600e+03
-8.804973079506901001e+00,9.172448312296789530e-02,-8.328132423882969704e+01
-3.405700102712756028e+00,3.106874380668033786e-01,-2.807689970301789018e+00
2.589281557490516050e+01,1.782773440020407607e-02,6.483016148994332980e+03
9.286710295378011182e+00,4.209982034492428665e-02,4.169572681079813492e+02
7.278530814166180107e+01,1.589673237307204778e-01,2.292018587747829486e+02
3.330427662784337883e+01,2.722729974957575627e-01,3.575040745982548884e+01
-5.930004518045654294e+01,8.605209290871344008e-01,-6.372682554989798298e+00
4.016238705013687849e+00,1.324168659897833611e-01,1.822732945299920360e+01
-1.398846923568534173e+01,1.057098257628677901e-01,-9.961611813624799083e+01
1.135144305688680078e+00,4.628325637688110450e-02,4.216900914092605746e+01
-1.524272100635197624e+01,1.005787032693830629e-01,-1.199059053096778484e+02
-3.211658579884073550e+00,1.747760113502924359e-02,-8.366732017694988599e+02
-2.635869710573416125e+00,8.986453943900861718e-01,-2.597391229797661460e-01
1.030581525732723058e+01,2.106655149649816830e-02,1.847930316442539834e+03
-2.396702546332256656e+00,5.870476019552417490e-01,-5.534235509411067344e-01
-1.250208652223697037e+00,2.981213863682303233e-01,-1.119402755897097590e+00
8.594490893769505035e+00,1.139441547645394202e-02,5.267762537605171929e+03
3.384614013744803085e+00,1.156662616050834896e-01,2.013195198340556757e+01
-1.161822828619771819e+01,4.867716169928321818e-02,-3.901930659132531787e+02
-1.433950699795409678e+00,6.141085668777267470e-01,-3.025756984548245709e-01
-3.070962393282031577e+00,2.657588925329457119e-01,-3.460102971753958645e+00
5.004639546351620893e+00,4.269047467462844248e-02,2.185249209733729572e+02
3.403622508808545000e+00,1.809085425363561317e-01,8.275864538710036911e+00
1.440561802439019701e+01,2.028824970278799433e-01,2.785049176693905437e+01
-1.733196076541740638e+01,8.170493521830379802e-02,-2.066052025047541747e+02
5.348512540551361383e+01,9.188633896373141208e-02,5.041052935452797215e+02
-2.338590325757215638e+01,5.573309313407748961e-02,-5.991257579547710748e+02
5.112628836058073389e+00,1.089769584728361301e-01,3.425823907803952295e+01
-3.215998776076870236e+00,5.848596195288013888e-02,-7.481742138592684910e+01
-4.519622846552596940e+00,6.905534663379908622e-01,-7.542194224919218648e-01
-1.449110706968971929e+00,1.699187571909544781e-01,-3.994009149703356520e+00
8.506758334716271008e+01,5.043071947516959419e-01,2.661729408723014956e+01
4.973711824163850537e+01,1.287379711885389966e-01,2.388127080089516596e+02
-5.479103303933260349e+01,1.968775497239456107e-01,-1.124882689200686201e+02
1.729881764567022984e+01,9.670684866960451709e-01,1.471946732251823375e+00
7.574734752252081194e+01,3.282849743966113204e-02,5.593138252974350507e+03
-2.834884593213401871e+01,1.056256259006610881e-01,-2.022026899248363065e+02
3.073636547757210025e+01,3.964782498937709232e-02,1.555979648307976504e+03
-1.989727905414356357e+01,7.938610082782772137e-01,-2.512435284585450734e+00
3.655295384942903780e+01,6.592444361809439435e-02,6.692982165345644034e+02
2.387776987336309631e+01,1.062924180306977079e-01,1.681819271098964634e+02
2.567364100970042529e+00,7.134204807182868702e-02,4.014083983038320014e+01
-3.558119268589117201e+00,2.401299212659067650e-01,-4.910413675876865724e+00
2.982810378123752670e+01,7.460448320175280812e-02,4.264674887931766420e+02
-1.311658585781446229e+00,3.748780404318222126e-02,-7.427299556199076846e+01
-1.492753421338675945e+00,4.310258763584710884e-02,-6.393983690535289099e+01
1.751308059067713030e+00,2.406099845521533775e-02,2.407273260016579002e+02
-2.356721909223189826e+01,5.649048283029697165e-02,-5.876894598965549221e+02
-2.518155607794918893e+01,2.732684051198238859e-02,-2.683452148222633696e+03
-3.854927538791234731e+00,3.438255739749806472e-01,-2.594956019723003049e+00
4.298425832820839787e+00,5.610621488922272471e-02,1.086619844421629466e+02
3.010601473973022468e+00,9.291051016716250777e-01,2.775324160022640818e-01
-1.663605687247263321e+00,6.232762023156424719e-02,-3.407841929241435253e+01
5.657034699895891094e+01,7.940004036484531180e-02,7.140646475682161736e+02
-2.514253095672472238e+00,1.048908528557118518e-02,-1.818544347137638397e+03
-1.595855588042319972e+01,1.600272132380115703e-02,-4.959022056297541894e+03
3.491801607986827261e+00,6.694205811727433897e-01,6.200712216288583045e-01
5.793258423359271880e+00,6.562484931455009329e-02,1.070474679944643128e+02
-3.138461389788818057e+00,1.601477435908912339e-01,-9.737899276456182918e+00
-6.687920430345172917e+00,7.227232048672268538e-01,-1.018913309605475881e+00
1.157471508828152640e+00,9.334448116326655998e-02,1.057117234753427404e+01
-1.095434703411801003e+01,2.962962777724910124e-01,-9.929428202959705629e+00
-4.714211353476239985e+00,7.041543704003853932e-02,-7.565949308310324284e+01
8.577939732644024318e+00,7.374815552385485806e-02,1.255078242358953986e+02
-5.012961482401106394e+01,2.456008197093662859e-01,-6.613401350646572041e+01
-2.874231087501793525e+01,2.220661592950649299e-01,-4.638174198111600788e+01
1.337160508525143499e+01,2.115450834902395383e-01,2.377758840061584777e+01
3.605259229135201693e+00,3.368380816446459591e-01,2.528624040744653190e+00
2.167909480185798898e+01,1.321983606396624766e-01,9.871408886186654286e+01
2.187723488958177143e+00,6.745844140857567561e-01,3.825691623554501319e-01
-9.824622354280663217e+01,2.769483352392789616e-02,-1.019315160959687637e+04
-1.155155291080312896e+00,1.214112795959160218e-01,-6.236090871437611760e+00
-8.408119066344482917e+00,3.720231858019480004e-02,-4.834471162753025055e+02
-8.438038939961488438e+01,6.882465160481393562e-02,-1.417567076224405128e+03
-2.986268981858021476e+00,1.912779195290738588e-01,-6.495152919393671453e+00
1.193916818565543325e+00,6.653177069439202285e-01,2.146377178458598600e-01
1.024154405439060556e+00,5.256386720348340397e-02,2.949721098531681918e+01
-6.395531089080474629e+00,9.909505248251813114e-01,-5.182780384030026832e-01
4.019955982656647109e+00,1.042577302556239004e-02,2.943031442022818737e+03
-1.807164189593327563e+01,1.819771909754754058e-01,-4.342640059189341883e+01
7.071001890948565460e+01,7.921123054056211643e-02,8.968040672049102113e+02
4.106184943263269815e+01,7.831613335128746467e-01,5.327533235903306519e+00
-9.538782200273266199e+01,6.682899275760942337e-02,-1.699625497078752687e+03
-2.149496590085304604e+01,1.405034868077364996e-01,-8.664683275768341275e+01
-2.984740380082021804e+00,2.608565239565276833e-02,-3.490545403738145751e+02
-6.240701909561859395e+01,9.525826020002198247e-01,-5.472909720257703725e+00
-6.828606471199743844e+00,1.422819767463650784e-02,-2.684246779407960730e+03
6.647684990564243890e+01,9.704470777120809133e-02,5.617160774523597411e+02
-1.691958180684492064e+01,1.007522469244730851e-01,-1.326387070922170324e+02
-2.636183108946785225e+01,4.631952940018185111e-02,-9.777716303791784185e+02
1.953288659486611900e+00,1.501115176167907017e-01,6.898084868445167217e+00
-1.498957516515063260e+00,3.277897298995119391e-02,-1.110168180299233711e+02
-8.432609610269862443e+00,2.293057189250574390e-01,-1.276210632405080680e+01
-1.739465009930975015e+01,1.805329988167581057e-01,-4.247101504810916595e+01
-9.501491988724419357e+00,2.144185479558423368e-01,-1.644588470211040487e+01
3.538819097149214343e+01,3.532072828435739442e-01,2.257299569002647743e+01
-6.002987439402423853e+00,1.778459216075999397e-02,-1.510322700449363310e+03
-3.538133520211422933e+01,3.745879669721555172e-02,-2.006581063994600527e+03
-5.218702401746553754e+00,5.017365663615196147e-02,-1.649685514460551872e+02
1.716169211215514245e+00,5.333043859038717471e-01,4.801754273616897217e-01
-2.091534723495370507e+00,1.772635548788857249e-02,-5.296833311161401525e+02
-1.650501237525083909e+01,8.790457827732983676e-02,-1.699741980382855502e+02
-2.555400297659518039e+00,3.660613971357606355e-01,-1.517543717622194865e+00
-1.721202123261005923e+01,1.219513153807881903e-02,-9.209775229327238776e+03
-3.379400477461220476e+01,2.592085854616568361e-02,-4.002497164754867754e+03
2.382098112725551076e+01,1.733473144054243908e-01,6.308346582577529205e+01
1.227926870692954608e+01,6.895060084102078157e-02,2.055353510413923459e+02
1.574123406239851253e+00,8.897641032212412482e-02,1.582264745244953730e+01
4.309457720494956234e+00,6.003752208704965510e-01,9.514089693877367804e-01
-1.137471406820049324e+01,1.913058183412603974e-01,-2.473285587791629681e+01
1.673720926314366197e+00,2.661723510783554070e-01,1.879954337132252684e+00
1.984338698907771459e+01,9.867080761465464311e-01,1.621916800168015538e+00
3.189155067722332593e+00,2.281822322044958495e-01,4.874186292307157942e+00
-4.477151709292302684e+01,1.982999217739639941e-01,-9.060389352018705722e+01
-1.358712044479700154e+01,1.594203343985528196e-02,-4.254319767968357155e+03
6.407933431478261355e+01,1.372801357367326065e-02,2.705781528067018007e+04
1.057585654636706174e+00,4.060865924148191614e-02,5.103503132210794746e+01
9.045300492009388904e+00,1.316984488662807651e-01,4.150035533062178672e+01
-4.399577032209329275e+00,7.346073991168944328e-01,-6.487695610630427323e-01
-7.273561602842661067e+00,4.571271881436130835e-01,-2.769894022004046441e+00
1.657224932785763727e+01,8.324770534423372448e-01,1.902948573692801570e+00
2.033498427418823695e+00,7.948186743082401307e-02,2.561520596086836932e+01
8.134855702150540324e+00,1.595276611606729622e-01,2.543712321274172794e+01
-1.597267791291728933e+01,7.671020145635443210e-02,-2.160039154880520300e+02
1.802944487386823269e+01,6.291304735006146565e-02,3.624858410000720710e+02
3.071710290711373759e+01,1.176755281783611051e-01,1.765216897568255092e+02
-2.484559317785954402e+00,1.142188800649499292e-01,-1.515527114299491629e+01
6.849246581457250294e+00,7.184089149895910020e-02,1.056062232961426446e+02
9.692342335595853342e+01,4.367821848141640317e-01,4.042863220723385353e+01
8.005566517777154445e+00,1.235517236196705115e-02,4.173347894889373492e+03
-6.513958879049059902e+00,1.956288626049062368e-02,-1.354469683241809662e+03
5.646110786578798724e+00,3.087036255570925827e-02,4.714721797802795891e+02
3.106139954081487353e+00,1.010387238455049894e-02,2.421226682740222259e+03
1.331442336463262421e+01,3.467053510461555188e-01,8.814372682375198664e+00
8.464269809240892783e+00,8.876925709375120821e-01,8.547802202527007287e-01
-9.099174837779598590e+01,5.795737251932858713e-01,-2.155632727933679149e+01
-9.638306313446413753e+00,8.729494997837430881e-02,-1.006497312279314258e+02
2.053686600472573787e+00,1.371635277702948526e-02,8.686543777108093991e+02
1.777968333653625876e+01,7.888728553451714032e-02,2.273527086624519598e+02
-8.487665935462493394e+01,2.298611965891528275e-02,-1.278342087132877532e+04
-1.925247517875236625e+00,2.863100454969402797e-01,-1.868975189399501247e+00
1.558259006469854491e+01,1.813068544423898643e-02,3.772257539512742369e+03
4.160466795855737310e+00,2.123252421536777623e-01,7.343936958598669129e+00
-3.818381231593808600e+00,1.420416824721969402e-02,-1.506044508889715189e+03
-2.894920994201231057e+00,5.328382371661635752e-02,-8.114020229994342515e+01
-3.791352466632590623e+00,1.675582881087203935e-01,-1.074613933999653526e+01
6.227207175817212281e+00,3.328120043705393716e-01,4.473891889724403548e+00
1.342608485886647163e+00,2.120439625409224760e-02,2.376225766805426360e+02
-6.447433899908388000e+00,1.727978098416837749e-01,-1.718306239462121709e+01
-2.298073095129792964e+00,2.102432963080155814e-02,-4.137229951887149468e+02
1.052861441293895872e+01,5.851644235337693373e-02,2.446839756322208075e+02
-3.364515264902559810e+00,2.032412971379660982e-01,-6.481696966825146511e+00
-1.518065587140629802e+01,2.168346259600081316e-01,-2.569350784652760922e+01
3.407561081661229707e+01,1.147096370236161400e-01,2.060791120380220889e+02
8.053153108195481025e+00,2.842643202269929947e-01,7.930697552289798224e+00
3.527319868309917617e+00,1.506383465666097099e-01,1.236983481952050568e+01
3.993076380845023010e+01,7.529388896902148298e-01,5.605034563989824470e+00
-5.173921167927962017e+01,6.344080769293032329e-01,-1.022992703777350343e+01
-8.161363136861639944e+00,2.921114701997877261e-01,-7.611243513719060161e+00
-1.609099079761320494e+00,3.756565350569562312e-01,-9.073838091133278327e-01
1.627283534553391320e+01,3.879897473103315342e-01,8.602265989710980776e+00
-1.342938676627016825e+00,8.906473715076008713e-01,-1.347208258958355609e-01
6.383132401359812746e+00,1.126158923204562956e-01,4.005203842188354457e+01
1.097626683575869899e+00,7.954290325682678020e-01,1.380517497590357523e-01
-5.095029782196880319e+01,3.354399915751661576e-02,-3.603356122879178656e+03
-5.240041352116829643e+01,1.205860577861837118e-02,-2.867679788842060952e+04
-2.329337141225098762e+01,1.051226429693947681e-02,-1.677374146676047167e+04
8.247083644097708088e+01,7.983885329078986570e-02,1.029584400910112208e+03
-3.140941225372917422e+00,6.837574985251306803e-01,-5.346206646663650419e-01
2.645169656161591831e+00,1.243831865802219327e-01,1.360568181945362731e+01
5.740627848683164558e+00,1.668799441425281374e-02,1.640367809182715746e+03
1.062826767637642167e+00,9.014916991327039109e-02,1.040708628843838923e+01
-1.509276562880401862e+01,4.359604226609366945e-02,-6.319239771166400033e+02
-9.945045233540092511e+00,4.137190597885607307e-02,-4.623659466198272412e+02
-1.006017495150781471e+01,6.956010716678291406e-01,-1.654532050800972431e+00
1.656683922500951667e+01,4.940058946290303288e-01,5.402136223265579851e+00
3.524754390816731586e+00,1.187147290629789465e-01,1.990259863164103749e+01
-5.189059252381966303e+01,6.719042706792385244e-01,-9.146690053859428460e+00
2.379750165009937035e+01,1.824991407321721881e-01,5.685908330281882428e+01
-4.230431466679587693e+00,2.295716475952686297e-01,-6.387608610310354429e+00
1.140222121343244943e+01,2.075813961451125275e-02,2.105730275171782978e+03
-3.873404503576687308e+00,6.188190804886159468e-02,-8.049253347158270344e+01
-6.108720728076062478e+00,7.862536751290144510e-01,-7.863484409220985460e-01
-7.947432393539610018e+01,8.413919379927431441e-01,-8.933472099184186277e+00
-1.371836479725307711e+01,1.440339121437360648e-01,-5.262146922393144877e+01
-3.965758936147037161e+01,3.823764358580085676e-01,-2.158411299300583863e+01
2.355883193143014420e+00,7.803855942277676538e-02,3.078402494691485103e+01
-2.815935174309697864e+00,5.537969576656863457e-02,-7.306538171301237128e+01
1.219700717108675336e+00,8.056536086418668308e-02,1.495363244798716629e+01
1.391523506060755189e+01,1.303466029022221917e-01,6.517503136539674813e+01
1.492863974631758905e+00,1.016972347417209599e-01,1.148661554583892119e+01
1.625539840830845240e+00,8.389668349164706163e-01,1.837799664581083736e-01
-9.763285935172287111e+01,7.825700153898557110e-02,-1.268643904887151621e+03
-1.492754764953516444e+00,3.583127933302808488e-02,-9.252390900628883230e+01
1.354904405626064845e+00,5.711216004426090953e-02,3.305533926936456623e+01
-6.295603505417090240e+00,2.877596920402777370e-01,-6.050170092520104959e+00
3.783256649680975414e+01,5.346068385337512385e-01,1.053384492158167518e+01
2.146015344581515993e+00,2.203850797461663624e-02,3.516078647474557215e+02
1.000611064240903625e+00,2.022621349278847236e-01,1.946373857222155834e+00
3.625378081592811697e+01,6.826354414297056694e-01,6.191070874889226694e+00
8.699455940781744445e+00,1.431724246828899594e-01,3.377252011005302990e+01
1.800360412065636950e+01,3.072840786378659705e-02,1.517293066884052450e+03
1.374685498948428730e+00,5.559958233331648708e-02,3.538754455290911949e+01
-2.754012815659142888e+01,2.646264930896678400e-02,-3.129604445459250655e+03
-3.068079392037852315e+01,6.844115668168088140e-02,-5.212211717137762435e+02
-3.594360960866439303e+00,4.849426102496366409e-01,-1.216273188009401540e+00
2.785004897331162965e+00,3.935983105112920710e-01,1.430571761107827244e+00
-3.411269284090680287e+01,9.233538852317726420e-01,-3.183975944458226959e+00
7.433102885126930737e+00,4.271378805028010206e-02,3.242082809740494440e+02
9.575352466669002638e+01,3.753352838935419822e-02,5.408864721792047931e+03
5.101702793643823952e+00,4.245641168269375099e-01,2.252261011795744672e+00
3.461739691033059785e+01,3.978322022065623048e-02,1.740542675027715859e+03
8.822250430850139935e+01,1.486148084192262867e-02,3.178669286827184260e+04
-1.100609660830250647e+01,6.373901356667924789e-01,-2.155821409506223141e+00
3.666181382610648853e+01,2.738787361145062493e-01,3.889443379030030457e+01
2.360374924815333486e+01,2.699082097719324863e-02,2.578332595221003885e+03
4.192114984681894896e+01,4.622430660483780457e-02,1.561286167235365156e+03
-4.246244083071614028e+01,8.124635799562522909e-01,-5.119025423562780119e+00
2.963958038960178509e+00,5.737955825463019605e-02,7.163871481733120561e+01
1.079542635616886459e+00,1.285283061665185578e-01,5.200347518520823442e+00
-5.417994487432239659e+00,2.367281600488187476e-01,-7.693586652912230761e+00
1.237360256433902350e+00,4.474107049135899183e-01,4.918963007999387904e-01
-3.661037290335064309e+00,2.365890731520288101e-02,-5.204810507463532758e+02
-2.143334268799831133e+00,1.919992130421319457e-02,-4.626804469631005077e+02
7.896113912079297847e+01,1.569381433753109373e-02,2.551211829745016075e+04
-1.208878335454290998e+01,1.429864339235469885e-02,-4.705253869657425639e+03
3.400092925814273315e+01,1.668007726917931643e-01,9.724892433765486999e+01
1.688299129663058906e+01,1.263279834636300315e-02,8.418610277526115169e+03
-1.187181841255276815e+00,3.516875631584751721e-02,-7.638241055266971102e+01
-2.909742529483909657e+00,1.297842905636842348e-01,-1.374676292228072860e+01
-6.282091582055291390e+00,6.934698796461327142e-01,-1.039535186951287438e+00
6.877135410859112952e+00,5.014054388348077734e-02,2.176805522817846281e+02
-1.661747633960148463e+01,3.246250550260683376e-02,-1.254848028133174921e+03
9.993916671058416412e+00,1.140061593939307658e-02,6.118841857090502344e+03
-1.307830077520956458e+01,8.964537185847938627e-02,-1.295047538988433757e+02
3.589525583813080800e+01,4.344429028708888252e-01,1.513428036922363873e+01
1.955320594288321701e+01,9.417458674248975203e-01,1.754448660638896484e+00
2.917554649201585359e+00,4.707253494407465100e-02,1.047789308373842232e+02
1.346922779612931720e+00,6.082638752705699092e-01,2.897001932069572794e-01
-1.001698345290445147e+01,1.315060073885029011e-02,-4.609309890611125411e+03
-4.329945642501998648e+00,7.467958832984676609e-02,-6.178296547034386776e+01
-9.496138626737766231e+01,2.444960935119758205e-01,-1.264134642446192203e+02
-7.957256516060341767e+01,1.321821262956410573e-02,-3.624165544212549867e+04
3.758174657510225813e+01,1.251902084302627116e-01,1.908210892800423153e+02
1.589023392472989116e+01,5.109634076777857387e-02,4.843293943777979962e+02
2.012667665822501561e+01,1.028209623864370231e-01,1.514952013276187870e+02
-1.223951752217465305e+01,2.595782130539510749e-02,-1.445499539201469133e+03
-5.915375768865828832e+00,7.779276000101249533e-01,-7.778468796705182431e-01
5.755882853622611606e+01,1.270995732454973104e-01,2.835397144605222479e+02
-6.354651158850005643e+00,1.656718135573454626e-02,-1.842402855402652676e+03
6.169776636410419179e+00,8.971605243782188044e-02,6.099851543269673471e+01
-5.284660044636062537e+01,2.872757934609532215e-01,-5.095761874961536364e+01
7.947132110266684890e+01,1.770199156144552574e-02,2.018163325621621698e+04
-5.372514173669916460e+00,1.136419287097415257e-02,-3.310476536745464728e+03
1.225608057201363454e+00,1.098491041335584485e-02,8.082555669019147899e+02
-3.247849615217359709e+00,2.152118607966501881e-02,-5.580249828363371307e+02
-2.805966643775701286e+01,4.665258605923522373e-01,-1.025938185550251269e+01
3.437692610364447621e+00,1.216123092293477231e-01,1.849703448775534298e+01
8.824403757517686131e+01,7.712145415877476040e-01,1.180660645433387756e+01
-1.803426142047371838e+00,2.374926726764632345e-01,-2.544415701309437505e+00
1.369894068107045726e+00,7.185997155638065292e-01,2.111071968815789734e-01
3.121094408084334404e+01,4.925231643950186977e-01,1.023867409691827568e+01
7.190763808349774422e+01,4.266015957396673830e-02,3.144272726466359472e+03
3.675103193383614020e+00,2.266999718477028317e-02,5.690582733057643736e+02
4.076780231374303298e+01,6.525189743767469963e-01,7.619406544154307070e+00
-4.269611283118003087e+00,2.164751934825979995e-02,-7.250403898491433665e+02
-3.783254838317397173e+01,2.483215454578852899e-01,-4.882327716357134761e+01
-3.801831180429638835e+01,4.625472508044398134e-01,-1.414069503338874512e+01
3.595822359902012977e+01,3.084154275052368790e-02,3.008265592221617226e+03
-1.573105964600828743e+00,3.256692666712972251e-02,-1.180305854352891402e+02
4.938477238040286466e+01,3.084213892415949010e-01,4.131371167396097377e+01
-6.273331640165735301e+00,2.085035916557905974e-02,-1.148315698833690021e+03
4.988233191011957501e+01,3.796529098773048227e-01,2.753996715290728403e+01
5.954805502169944020e+01,3.878137629297501165e-02,3.150730680879724787e+03
3.439977453502476301e+00,9.379728845056373165e-01,3.111466752205689357e-01
5.693002949879910091e+01,7.630989466190513104e-02,7.779825155266953516e+02
1.935179614954072491e+01,1.623530978759370191e-01,5.842386132764316642e+01
-6.629692090640737945e+00,7.573138983289330328e-01,-9.198809821174059875e-01
-5.255554864846408236e+01,3.341835390836929154e-01,-3.744886004833333004e+01
-3.105160292992391380e+00,2.111450747427707497e-01,-5.542583560545193855e+00
-3.143780928344518166e+00,5.420372645184546451e-02,-8.514989587296278728e+01
-1.671349104331598889e+00,3.214720094063933109e-01,-1.286977573970977007e+00
-1.382423518077988023e+00,9.560350572872298169e-01,-1.203603975826662842e-01
6.335801479984561446e+00,4.745239266353753482e-01,2.239110188118283773e+00
-4.967613488091745921e+01,7.682454658161059768e-01,-6.697888632340655235e+00
-1.709206826807871948e+00,4.181680175869890159e-01,-7.778272015148195440e-01
2.260052652380656113e+00,7.273220710510016618e-01,3.399814012775501659e-01
1.558994287718479121e+01,9.645878077209583124e-01,1.333371363047865854e+00
3.892593821611346527e+01,1.453436923118976015e-02,1.466347311781392455e+04
-6.128114084616588464e+00,3.535925621721913020e-02,-3.900414261057809995e+02
3.872898747653657381e+01,2.022762956602353751e-02,7.532450660834025257e+03
2.950869828985774213e+00,2.500691190440465506e-01,3.755087486136333474e+00
1.340274476856666563e+00,1.095959038676798530e-01,8.879637523688934664e+00
5.805062321348345655e+00,5.356063169301029242e-02,1.610295731289797061e+02
2.686446566689040694e+00,4.062272833924214788e-01,1.295478369018194131e+00
-1.654094322855192312e+00,1.333535297682001720e-02,-7.401868679802054203e+02
2.879335527161650177e+01,3.635757274645922688e-01,1.733375478136690617e+01
3.048985687191311467e+00,2.536902062920011122e-02,3.769971945826882802e+02
1.773176239430352297e+01,2.699905139842639218e-02,1.935731100794271015e+03
-5.017650215206659325e+00,2.107354694690866115e-01,-8.991149953254002014e+00
2.133212035517479954e+00,6.175410824603252413e-01,4.451357262754647159e-01
-2.761485933445284147e+00,1.009234304968152501e-01,-2.157490851556692490e+01
2.191159101053899327e+00,1.569547931632728210e-01,7.078070485013892466e+00
7.897743381325221890e+01,1.106263142226320863e-02,5.135423546528164297e+04
1.560233671540409617e+01,3.740334037668803235e-01,8.874808759112802647e+00
1.912016582038228663e+00,4.704260286001249458e-01,6.875417955765649181e-01
6.492792000203850478e+01,7.991915123261280618e-01,8.089466864997945095e+00
-3.242014834577766180e+00,3.513363261934625004e-01,-2.090061292493422762e+00
2.967167078218138077e+00,2.156474929739756463e-01,5.077422585194149462e+00
4.049883977955008163e+01,2.825603553060809445e-02,4.036549304917027257e+03
-2.294376447446076028e+01,1.536215351625324320e-02,-7.736608316780359019e+03
7.791148485514190725e+01,4.400381301236782478e-02,3.201923828923290330e+03
-2.484686510689417371e+00,1.111794480700851462e-01,-1.599604844424344385e+01
2.336147622697928838e+01,1.101612208289561370e-02,1.531908896095719138e+04
6.886373065987469033e+01,5.390935446108231499e-01,1.885612375714676858e+01
-1.140148380451535326e+00,4.462768405038539110e-02,-4.555570911008069857e+01
-1.000157248469785287e+01,3.500368189018718268e-01,-6.495774888988945506e+00
2.283213017236908726e+01,4.272659025344290734e-02,9.952681268250685207e+02
1.152220460110850908e+01,6.590850167060878506e-02,2.110779371985933324e+02
4.371676916549061431e+00,2.895250933813620434e-02,4.150168920100257424e+02
-1.681660518310371444e+00,2.882294693246266817e-02,-1.610837382714515229e+02
-3.055971361157469257e+00,2.196426325755938824e-01,-5.040877401327607643e+00
-7.886713189160792581e+01,2.205698630006791283e-01,-1.290012256287039065e+02
1.030333709822788935e+00,1.455058517551618136e-01,3.872639991355533606e+00
1.045474989752417905e+01,2.801287346163650743e-02,1.060201623407384886e+03
8.527989141219837421e+00,8.360586330672190591e-01,9.708749666062199690e-01
7.939042710131620595e+01,6.712658746623010320e-01,1.402068187933694610e+01
-5.997488192827203690e+00,1.953455411020567009e-02,-1.250698221936706204e+03
-1.325614280001645184e+01,7.930938084997397608e-01,-1.677097034028075973e+00
2.570064049066195722e+01,4.835181380533963569e-02,8.747995320390087954e+02
-5.317796713513498474e+01,3.080909513870055405e-01,-4.458245508012706892e+01
-3.901706830892783362e+00,7.190854814271790962e-01,-6.004595125525744592e-01
-1.176360807836970146e+01,3.861121574868679740e-02,-6.279191526664461662e+02
1.053308475122714860e+00,1.208242575152316048e-02,5.741659642744857592e+02
-2.736680201595805606e+00,1.005275910794702424e-02,-2.154981939348010201e+03
-1.049450438219643900e+01,6.759171257508134190e-02,-1.827953604063093280e+02
3.766242937978693561e+01,1.134139750963082532e-01,2.330050433490797559e+02
-8.560570163603055960e+01,5.618403841023464351e-02,-2.158076931890479955e+03
-1.244724640815869199e+00,8.953998810240771933e-01,-1.235461904064793642e-01
9.400673580363195114e+00,4.146888361983455118e-01,4.350151890223080464e+00
9.316743634582698164e+00,6.692562269331546465e-02,1.655272271506598258e+02
2.332472327295279158e+01,6.710383363186228634e-02,4.122037816709469666e+02
-9.170446952580173061e+00,9.586707973598369570e-01,-7.940386501953992093e-01
2.290736606254377694e+00,4.969952346563367707e-01,7.380076144814927686e-01
8.076816421518235245e+01,1.238280155472668009e-01,4.191722480686749464e+02
1.119546962047193261e+01,1.930446094229064935e-01,2.390656030655857833e+01
-2.862110202282405425e+01,2.031272452963116260e-01,-5.520013374203168866e+01
-6.076510717633067316e+01,1.225871870828636745e-01,-3.217764416642957030e+02
5.027953353268993197e+01,3.867503198271052267e-01,2.674976757325118015e+01
-6.619596708086638159e+01,2.314713753544072050e-01,-9.831665245641491424e+01
7.371344192198024281e+00,7.731548831566688318e-02,9.813045666721660609e+01
-4.738751096836620214e+00,1.399976784148053155e-01,-1.924032334296386182e+01
6.288224998694658296e+01,1.913080163093998365e-01,1.367262403154674359e+02
-4.224749953423476967e+01,3.918780707239478273e-02,-2.189219073431499964e+03
-5.041947515707681404e+00,2.248052084928137684e-01,-7.939181274351482465e+00
-5.062010210312450020e+00,7.628790963590080798e-01,-6.921523900314622280e-01
1.640874822586381621e+00,4.837154042288793754e-02,5.580662405706480911e+01
-3.344990205886780643e+01,4.258660995942619154e-01,-1.467705245028382777e+01
1.412396812924121337e+00,3.897674710153721245e-01,7.398363789800147527e-01
1.245235354910415371e+00,1.180246296007419690e-02,7.113712126269599594e+02
1.765565115515348449e+00,6.982857088380430843e-01,2.881426643725229497e-01
1.936458357154986487e+00,5.808817882676781119e-02,4.566913401889588897e+01
-4.832773448812876893e+01,1.758781862654933414e-01,-1.243261874863409275e+02
1.069129890636882152e+01,6.034077869598646338e-01,2.336677554134250379e+00
2.574103383420038860e+00,2.893009636420384306e-02,2.447464273119375378e+02
-1.204432576703195146e+00,4.770431216140595954e-01,-4.211699265661649205e-01
-1.502641268744447167e+01,1.770802901581836758e-02,-3.813335340329913379e+03
-1.671530213863213321e+00,3.145098140575119244e-02,-1.344732692625355810e+02
1.396516255645307503e+01,5.684785084749776479e-02,3.438808803881977951e+02
-1.575032959625116469e+00,1.144194748019554397e-01,-9.573701500246652785e+00
-3.156545317836898956e+00,9.797295037230417669e-02,-2.616916053851355173e+01
3.249475143836591862e+00,1.201603822891793988e-02,1.790938829429693669e+03
-2.638881694593643967e+00,8.740573306560801836e-02,-2.748718195888996618e+01
-2.339307370619704329e+01,2.252757937937931720e-01,-3.668160820134306732e+01
-1.099065437151078184e+00,1.937528539470731101e-02,-2.329793718309093720e+02
1.060956549464646947e+01,9.734658639660156432e-01,8.909355331264570133e-01
2.025001527126694789e+00,1.872355582959892711e-02,4.596622420362941739e+02
-6.599639301455751728e+00,1.455397659245591564e-02,-2.479402255351596068e+03
-1.568501756172628170e+01,8.788936000510945423e-02,-1.615855575878442494e+02
2.520855778887233445e+00,6.545487357045248755e-01,4.682245265693008029e-01
-3.402770493866127310e+01,3.690882937279301584e-02,-1.987752243210546339e+03
-2.071114053191310589e+00,1.180135083428830202e-02,-1.183397666812786838e+03
3.706172422754053741e+01,1.809935885581323012e-01,9.003044036770546654e+01
3.650949487223657641e+00,1.506113319165030065e-02,1.280798062436696682e+03
3.118864418128321958e+01,9.451591502391180899e-02,2.778284687764967202e+02
1.502392522351677862e+00,1.446593307688790776e-02,5.713216031040692542e+02
-4.219344391548330186e+00,3.251344353449685948e-02,-3.176209743939298846e+02
-2.500800810166083465e+00,1.246180871265274159e-01,-1.281465965262156637e+01
7.897006612380031321e+00,9.757386108147352022e-02,6.600634061360338478e+01
-2.576363051921875424e+00,3.836536080678306093e-01,-1.392895785894826766e+00
1.912011305231964542e+01,4.251990826531543838e-02,8.415810619815679274e+02
-1.673878336684947232e+00,5.519874634877425246e-02,-4.371752792263990273e+01
6.143560740331523107e+00,3.707850731648213577e-02,3.556033207149781106e+02
-1.967517566257392936e+00,2.358767731468824208e-02,-2.814092694213406389e+02
2.784437816779334440e+00,1.422519201410397255e-02,1.094993105981903909e+03
2.118588664582988201e+01,3.267216675805252879e-01,1.579359169428609100e+01
4.718069010563905152e+00,2.053318645739631021e-02,8.905159923036801501e+02
-5.967174511681836435e+00,4.950456671797195396e-01,-1.937618835386065053e+00
-9.012371280726005907e+00,3.542468028369294419e-02,-5.715014443040154219e+02
3.653638615248988941e+01,2.568988420962532715e-02,4.405461711170219132e+03
7.621345986087071367e+00,7.972349919798409346e-01,9.542213052657390060e-01
-4.083265714501287391e+00,2.950363231865372193e-01,-3.732903850813718449e+00
-6.699908683867074721e+00,4.878172235744050456e-01,-2.240499025613913897e+00
9.024080944954148720e+01,2.710005631712288435e-02,9.778060755963640986e+03
-1.506331528311666945e+00,3.735540845459841552e-01,-8.590208859250657580e-01
2.373541158936216178e+01,2.835216924637336613e-02,2.349710283994694237e+03
6.736513537509511984e+00,3.612112666779811188e-02,4.108684054957795411e+02
-3.560260878478259627e+01,4.292992435927051598e-01,-1.537275520477488300e+01
-1.316427114369290496e+00,1.451326729565069994e-02,-4.973436382661963080e+02
-8.230167808278021369e+01,2.139193365636768082e-02,-1.431194769055804863e+04
2.501883718361987974e+01,7.699617309184654257e-01,3.358296033542223835e+00
-1.043643556541876904e+00,5.598674478895041690e-02,-2.649548645893347754e+01
7.289973650578667197e+00,5.070706207405401011e-01,2.256208324884030336e+00
-2.698099656180846750e+01,4.062651774767240404e-02,-1.300855102491544812e+03
-4.966753640593209695e+01,1.303009985867016607e-01,-2.327915793308377772e+02
-2.705447444482458508e+01,1.014134424706666059e-02,-2.093332362937518701e+04
-9.038962004500005420e+00,9.833948423998546406e-01,-7.437942974422206976e-01
4.351235562066052331e+00,1.345760343887241785e-02,1.911909266070886133e+03
6.150430259753447615e+01,8.780504769148636535e-02,6.348288688743233479e+02
7.497219397077107317e+01,2.030780618289355632e-01,1.446652881432347328e+02
5.143493768129305721e+01,9.075245718815898588e-01,4.969715969711583803e+00
-2.008954471484037274e+00,3.056094582228165435e-01,-1.711696050398747504e+00
-2.265288793763076569e+01,1.732311887166026743e-01,-6.007054075390828274e+01
-6.944699367689923797e+00,1.377044890904776178e-02,-2.914388131241967130e+03
-1.710260961495032817e+01,4.900242298944748609e-02,-5.667837743354555187e+02
3.811075058370970936e+01,3.022031074774182702e-02,3.320777567587053909e+03
1.794804828347179360e+00,8.443771493971623521e-01,2.003246632734289601e-01
-3.617674489669242543e+00,1.357760655050086265e-02,-1.561612167447694219e+03
3.307097887589618068e+01,2.415227036803953287e-01,4.511503125010431603e+01
6.722403106362095571e+01,7.722643671749031269e-02,8.969798641718640511e+02
-1.410333533623831670e+01,1.562548275376346441e-02,-4.596688566084303602e+03
3.142215887230728910e+01,5.862401665676946205e-01,7.275703862551765155e+00
-2.737213967914877699e+00,2.328200488833043896e-02,-4.018445950886257947e+02
5.621304900637322532e+01,1.051244105226654124e-01,4.047810112487380820e+02
5.389488545894657534e+00,5.665778862636628999e-01,1.336036889138799033e+00
4.461681153976650194e+01,4.462049324778000758e-01,1.783281619951604213e+01
-6.708662173297202003e+01,1.285811321501474924e-01,-3.229026193372477564e+02
1.002921035075186751e+01,1.528091975412862284e-02,3.417888462006203554e+03
6.378463274488551349e+01,1.057352245244167453e-02,4.540114561596264684e+04
-2.241264606626062417e+00,1.142480746619284164e-02,-1.366424023883273321e+03
-1.214490366369015417e+00,2.754899876638137665e-02,-1.273422652224104894e+02
1.110371367688421351e+01,1.024128060287975706e-01,8.424611046013149007e+01
6.693703476469784164e+01,9.958284090096386487e-01,5.371401082034478414e+00
4.826554657876084065e+01,1.563993055400715940e-02,1.570209946238874363e+04
1.468553662031388996e+01,1.026794067340628877e-02,1.108442719345784826e+04
1.550702030972928291e+01,1.348406304981762116e-01,6.786985831249026546e+01
4.144793040487645186e+01,1.451173370869655171e-02,1.566225841188904633e+04
1.866124390977802250e+01,4.896412979201955618e-01,6.194049109552488552e+00
-2.592940253304522003e+01,2.551890366389550358e-02,-3.168535818932748043e+03
-4.514927169294202258e+01,3.339576044263636301e-01,-3.221500557885661919e+01
-4.716518332369107114e+00,2.105869729846188143e-02,-8.463473890819864209e+02
1.094729483186578989e+01,7.558176370204038319e-01,1.524975641280292837e+00
2.654819324579491546e+00,1.425683467181384501e-01,1.039390826448945404e+01
-3.917046563025745609e+00,1.871335767215738174e-02,-8.901135930931798157e+02
-7.145028858593020615e+00,2.615308220348064872e-01,-8.312819785363021907e+00
2.684685619427721992e+00,1.472403505017231586e-02,9.854393204797747785e+02
-1.727278643735826691e+01,9.809756250282108958e-02,-1.428354826925199461e+02
-3.703450160306864802e+01,2.886323942783245930e-02,-3.537581845588373653e+03
1.752029149491317828e+00,2.056753882660920102e-02,3.295845248273396351e+02
-5.409233977536811011e+01,3.780511839193442108e-02,-3.011790079335969949e+03
-1.087993581921468511e+01,7.126499145937630342e-01,-1.704762935865617335e+00
-3.607820090375576427e+01,4.331508368969947537e-02,-1.530229932756761627e+03
1.871701273109069419e+00,1.148605186102076431e-01,1.128977082290445288e+01
-2.095282618834154320e+01,2.105618190820202074e-01,-3.760741638178999580e+01
7.502665211657662425e+00,8.534461105398253311e-01,8.196972848015400270e-01
-1.260182463651149476e+01,1.472471465871887271e-02,-4.625192285017676113e+03
-1.310191101926474255e+00,9.403634743522498729e-01,-1.179052864722453936e-01
-6.411118243549907447e+00,8.069714992380934426e-02,-7.834432260714145002e+01
4.282084802243009136e+00,2.422539766721785726e-01,5.806354799839221315e+00
-1.157013234265765522e+00,2.692171096890609919e-02,-1.270349285991052568e+02
1.890892785526386177e+00,7.645718024472247798e-02,2.574070791486092702e+01
-4.762453824517529632e+00,5.457355119722290954e-02,-1.272496170000629832e+02
-1.704431151800164557e+01,1.599271683850134185e-01,-5.303042448491761718e+01
3.947804504079794885e+00,2.787319238198998628e-01,4.043638748203277622e+00
1.702458916529702648e+01,1.636297622410492203e-01,5.059902840645228395e+01
-1.456541264843709493e+00,2.540886707697045943e-02,-1.795321890931105031e+02
9.813844451601822172e+00,2.082257612887018772e-02,1.801193574502932279e+03
2.709795473592595982e+01,9.071633382096044862e-02,2.620328062876440640e+02
-6.912934770576081966e+00,1.142079799350600652e-02,-4.217544707758418554e+03
3.011168368673891393e+01,7.041047504949274893e-01,4.833376505893146380e+00
-1.831010724426047176e+00,3.278147495114109439e-02,-1.355888707858171642e+02
2.462986435830380127e+00,1.475199846011308324e-01,9.006383575673138964e+00
-1.205182119043072486e+00,1.904092850105046086e-01,-2.645249073875473034e+00
-4.401484881368040725e+00,4.377411254142409697e-02,-1.827909332422809996e+02
-2.261214947211492543e+01,1.001980585894602163e-02,-1.792310998709301566e+04
1.463662033576593746e+00,5.556992333257631395e-02,3.771823381987275781e+01
5.081204242140182004e+01,1.266283577218638677e-02,2.521708249101975889e+04
-3.066453600290874348e+01,7.826728987793240000e-01,-3.983510273981866856e+00
1.108806341008507168e+01,5.322161845820888582e-01,3.115083428289383782e+00
-1.497782548692454752e+00,4.584323115176757585e-02,-5.671376268519407660e+01
6.701347160419425464e+00,3.958861838235925301e-01,3.402605205714896552e+00
1.994434717673414426e+01,6.407276799829654534e-02,3.866010140501027195e+02
1.035169711518550084e+00,7.578382317045946337e-01,1.434328640346785588e-01
1.767145396705882998e+00,3.007915814894493445e-01,1.554286466316031401e+00
2.665444060747011346e+00,1.433253682293340603e-01,1.032555908128141020e+01
2.377579747481714278e+01,5.275725220559487338e-01,6.797682766681214517e+00
-7.682121192511071683e+01,2.651995735118711089e-02,-8.692118683956676250e+03
4.009762826052991613e+00,1.732312356947581997e-02,1.063301470779212195e+03
-4.828166799235043882e+00,9.377171149182682297e-02,-4.369469537240178880e+01
-1.031347293696799561e+01,9.658994990997664398e-02,-8.796931041727907541e+01
1.944005883731849904e+00,2.195657765167982611e-01,3.208916489472611655e+00
-2.135526642278079645e+00,6.617693660985492221e-02,-3.880447491305454122e+01
2.974439921107848050e+00,4.720342262473555678e-02,1.062302878059015683e+02
5.361608766855569641e+00,3.082338031106524392e-02,4.490810474757753923e+02
4.480743009126872067e+00,1.607380579606607907e-01,1.380075156942991299e+01
-1.568225837915733889e+00,1.791693467961694153e-02,-3.887508218810688163e+02
-1.031183706826932500e+00,3.443411341130775405e-02,-6.920673603542016394e+01
-3.747331845455815991e+00,3.714052188534948395e-02,-2.161803849167513079e+02
9.176264230592957816e+00,9.655338366421012397e-01,7.832872377224958660e-01
3.408724179483591410e+00,1.354655868275063402e-01,1.478168802007865423e+01
-7.184884909241473494e+00,2.805220650460482079e-01,-7.265673822996837394e+00
-4.304135595277792881e+00,8.880862260480011650e-02,-4.342759829670805516e+01
-1.031241185895643175e+00,1.564769993744712095e-02,-3.351578275689348061e+02
2.060947113438944811e+01,8.767036879503130320e-02,2.133788235828141637e+02
8.264249848485246730e+01,7.688121309949683124e-02,1.112636030725069986e+03
9.906503619088319113e+01,1.703751950270706791e-02,2.715800141159180566e+04
-1.496937689929291260e+01,6.457014599188012904e-02,-2.857132112979273302e+02
-3.702464865531112537e+01,1.126040623139650497e-02,-2.323662049550091979e+04
-3.481881244884058191e+01,1.808804275490697583e-02,-8.468781714509719677e+03
-4.370360294172011884e+00,2.266204272432368466e-02,-6.771880252738369563e+02
1.248578758436315939e+00,6.610069610947644225e-02,2.274018596735073316e+01
-2.270638959050356842e+00,1.833380140117049362e-01,-5.375677121794973701e+00
-4.372000607314588727e+00,8.465418828487343561e-02,-4.854823550314639391e+01
-1.163468796484113943e+00,1.902472857802851580e-01,-2.558043569467049139e+00
6.966293913092555634e+00,2.593124846496429603e-01,8.244134656508380843e+00
1.043070152309852006e+00,5.907169251165457491e-02,2.378728222999190578e+01
4.075045789100504301e+00,1.148591175424404365e-01,2.458055465535340645e+01
-8.880630949288926956e+01,3.291885532634469119e-02,-6.521455092109382349e+03
1.114003631150049412e+00,1.376151892108091503e-02,4.681057752240267860e+02
-1.766038956465405363e+01,3.346175317800134663e-01,-1.255142491595084309e+01
-7.500249419087462677e+00,7.873781882939004384e-02,-9.627179782565094968e+01
-5.073116497739385267e+01,2.519025791744764625e-02,-6.362089042420303485e+03
4.892850326074288603e+00,1.308931989833510834e-01,2.272573316298591806e+01
2.987408458351048512e+00,5.315211306962059484e-02,8.414797572512796364e+01
6.330595404548286353e+01,9.943235113675700232e-01,5.095411662482268511e+00
-2.827165662820185332e+00,1.693394654578437089e-02,-7.845579444053601037e+02
3.891343578311978746e+01,1.116687271904878362e-02,2.483285093259205314e+04
-8.320348426862690872e+01,2.679266084785958402e-01,-9.223589283972863484e+01
7.364461419273019338e+00,2.145935275666307485e-01,1.272617495568609058e+01
-4.846850151437595677e+00,1.801277560140839354e-02,-1.188744310943408436e+03
1.767014902738804949e+01,3.823148383746063916e-01,9.620287255321107622e+00
-7.424810435035642975e+00,1.432241135845581034e-02,-2.880336446772890667e+03
-2.191662287946578402e+01,2.614214158867568250e-01,-2.552004558003384105e+01
-4.320842605138589931e+01,8.482766581428563546e-01,-4.778411523060147381e+00
6.160118935167088239e+01,8.607506039143089094e-01,6.616442781477832824e+00
8.878533989113114444e+01,2.222438694069482079e-01,1.430447153966176472e+02
-6.373785116231098868e+01,1.866049313513739802e-02,-1.456603404322355891e+04
-1.389943576223095612e+01,4.657785257061806961e-02,-5.098335168103223509e+02
-1.618701337054865741e+00,5.055742317609732694e-01,-5.039494786118758896e-01
-8.593343530414031761e+00,1.876102445869982649e-01,-1.942849725578470554e+01
-8.261250889969424804e+00,4.963696885043935025e-01,-2.668243388261099192e+00
-1.493437383451430955e+00,2.193759152864029061e-01,-2.469444458685293942e+00
5.034211415107937349e+00,2.431059017774653275e-02,6.778452885211357852e+02
-5.764429741550235065e+01,1.847570255107646164e-01,-1.343830713617223296e+02
3.853818415939379793e+00,7.811430870129908444e-01,5.025973522523476955e-01
-2.864413181739757785e+00,1.229035329749089168e-02,-1.509027190113993584e+03
7.618395777272232294e+01,1.407098033403719750e-02,3.061998364989939364e+04
2.710006726869988558e+00,2.592524808026555605e-01,3.208593232289469910e+00
8.486614800916196089e+01,8.984876945628086919e-02,8.365662880250287117e+02
1.186983515183509219e+01,8.986223007645459671e-01,1.169716023745168254e+00
7.147677438108987147e+00,8.586240401025579949e-02,7.715232063797503770e+01
-1.228537427178960861e+00,2.524158231272917163e-01,-1.534423975733021361e+00
-8.339958203471445231e+00,1.782496452160774458e-01,-2.088799052818211521e+01
-1.254516925625697432e+01,9.957306506847550531e-02,-1.006892044281207461e+02
-1.846846575750458896e+01,7.095004863579941479e-02,-2.919547594360523135e+02
-1.413384188450914714e+01,1.169060166896244632e-02,-8.229560422304144595e+03
2.614674317365071232e+01,2.499649225045874890e-01,3.330041147939191859e+01
6.098542272148566923e+00,2.680065131607812026e-02,6.756557506386770910e+02
6.211613772927147004e+00,9.671416272142148440e-02,5.284628072731702986e+01
3.216932785147841400e+01,8.690341643227383894e-02,3.389677826167877583e+02
-3.859607462068346706e+00,8.484551910269908515e-01,-4.266536360293718411e-01
-5.667674639938677927e+00,6.054918431411292212e-02,-1.230207734488750617e+02
4.147228849145394491e+01,3.274274186510948981e-02,3.078350368477328630e+03
-2.948811431708492847e+01,1.896729080774304729e-02,-6.522686893606417470e+03
-1.512354314709188152e+01,1.094340550211462815e-01,-1.004936687740109278e+02
1.596340498380067530e+01,1.145234979585383651e-02,9.685598422577470046e+03
-2.766811735541109929e+00,6.494816452241784777e-02,-5.219585076992481021e+01
1.574058574948165123e+01,9.623269118800902022e-02,1.352588725922607864e+02
3.505078185518643252e+00,3.068257463975413227e-02,2.962813038331162829e+02
1.018942934194876804e+00,1.680712247940875301e-02,2.870471691088876014e+02
-1.520635964282631569e+01,4.055765977213245110e-02,-7.356472540947994503e+02
-5.088657065064523088e+00,2.428763466033182217e-01,-6.864720774534851522e+00
-6.455268226167232726e+00,3.964283246127682236e-01,-3.268700085870527960e+00
-2.382326770387665604e+00,1.301914862393497956e-02,-1.118475041219446666e+03
3.171613100946077779e+01,6.075208700576529425e-02,6.838296629486345637e+02
2.363414078930453410e+00,6.094637043352344463e-01,5.063306998128196401e-01
4.298619141187038650e+01,3.640592993457885534e-02,2.580921802331556592e+03
-2.418091668894695800e+01,1.568271986536373397e-01,-7.823843000704091821e+01
1.945155437561354006e+00,5.649491222499257725e-01,4.849821685499276502e-01
1.389902333186666006e+00,2.802176970099999886e-01,1.408585783974076300e+00
1.128209218015413962e+00,5.073107798244850392e-02,3.488442736477509953e+01
-4.330433249250258854e+00,3.869534655450759808e-02,-2.301463033216639928e+02
-6.551233686959338165e+00,1.707337818085313541e-01,-1.788439720777788011e+01
7.570989467151710528e+01,4.001878076730411293e-01,3.761967781710886527e+01
-3.643151235287641043e+01,1.155344695352229084e-01,-2.171921811774635103e+02
1.184103829439222899e+01,7.536582719682485831e-02,1.658941154717755637e+02
1.300817802155012304e+00,6.855910484914377878e-02,2.202299248949164578e+01
5.931487143542035056e+01,3.722242861375229389e-02,3.406781796525486243e+03
4.908262215185496657e+00,5.650485700866126476e-02,1.223337620734636175e+02
-4.949998258503259763e+01,1.161837712083379354e-02,-2.918127369081946017e+04
-4.122746106890685880e+00,4.881499563554294041e-01,-1.376797968780664627e+00
2.237298724620379886e+01,2.018859003381551220e-02,4.368196163384733154e+03
5.738717609956966115e+00,4.825656609046601736e-02,1.961065780217951726e+02
7.754821534904838387e+00,6.397556671105156800e-01,1.507765008912214766e+00
1.097164340100601709e+00,5.728108222508370151e-01,2.660966398706918756e-01
2.177809465066136596e+00,6.641426907298261795e-02,3.929046984670872433e+01
-3.030023478263651260e+00,4.337559733992027433e-01,-1.281578439020471860e+00
-3.574177498324064572e+01,4.295012902054771986e-02,-1.541832893802084982e+03
-9.945897007389920219e+00,1.225346639684728733e-01,-5.271280967250226013e+01
1.434011689252809951e+01,1.384014546869037077e-01,5.957465249443724531e+01
1.719281150056335150e+01,1.679512540666562859e-01,4.850321602654187814e+01
-9.816377584430345138e+00,1.487936338209322473e-01,-3.528358380806464112e+01
1.759676027402694354e+00,3.525140662102660971e-01,1.126859969378042781e+00
3.090584746491198409e+00,2.544581690497380588e-01,3.798376383166014669e+00
-2.543148574372721882e+01,6.147341799369111098e-02,-5.355341212276917986e+02
3.045991266204200798e+01,6.381702717217889731e-01,5.951763299611246616e+00
-8.786781535222724315e+00,1.576484907902652929e-02,-2.813457309642556538e+03
2.094564332010766528e+00,1.388482644330758624e-02,8.645755081579084163e+02
-4.767962313969017707e+00,1.069811277198853966e-01,-3.315191397823566888e+01
1.999688448552425335e+00,1.593322918213301714e-02,6.268229193431745898e+02
2.199280781188499123e+00,1.731837923676431482e-02,5.835207765517593543e+02
7.333233822806731439e+01,2.770536398692154123e-02,7.602526601582905641e+03
-8.221513730896639061e+00,1.258894452107239999e-02,-4.128224273932787582e+03
3.687087362943910041e+00,3.479357566892810616e-01,2.423680890698179713e+00
-1.242051303720802746e+00,2.344023113487453958e-01,-1.798895318002090349e+00
6.664564546605103601e+01,1.375448610855609620e-02,2.803323233411241017e+04
-1.393372092145160446e+00,6.285996665630858016e-02,-2.806137523410298229e+01
-2.566959768586377422e+00,5.088039672396315050e-01,-7.890567152554783803e-01
2.202922728725727097e+01,8.245547221914133473e-01,2.578400836168926347e+00
-4.901551812825993437e+01,2.984914968380068534e-01,-4.377839203934190948e+01
2.119667816410166594e+01,6.321697501012707443e-02,4.220758663597233635e+02
3.595055300028267453e+01,2.803608752518841826e-02,3.639660679941924627e+03
-6.895673210394834385e+00,7.871920663052242029e-01,-8.855343067757707187e-01
-2.070816906637477306e+00,4.405757620561354115e-01,-8.489666610289694493e-01
6.056340111032971762e+00,2.124779333685126448e-01,1.067511899958368815e+01
-1.859041136111436998e+01,1.455830331656661480e-01,-6.980035135784618205e+01
-1.092285555089117732e+00,2.175702656231862375e-01,-1.836230692991695834e+00
2.821343281858478491e+00,1.507188802173197451e-01,9.883499615397610683e+00
-3.317741980575219429e+01,6.034060086475385720e-01,-7.251260094305008508e+00
-2.381150033408458100e+01,7.480275641232120298e-01,-3.386426808880414363e+00
1.216394594919475836e+01,4.510439564634155518e-02,4.758026773448971767e+02
-8.361891566480982974e+00,1.063067466133455902e-01,-5.888070656435650108e+01
3.587706613092108654e+01,2.212040881983931562e-02,5.834729929829499270e+03
-4.508808994708580542e+01,2.738225126501978024e-02,-4.785349599307488461e+03
-4.327881490769814121e+01,1.067731813752770959e-02,-3.020933255466057744e+04
4.890993973505880632e+01,5.712986039601635618e-02,1.192507002852039250e+03
1.104746635340419170e+00,2.091774613424985940e-01,2.009199436337497868e+00
1.117975489954614510e+01,2.610143270300241056e-02,1.305851299748093652e+03
-6.810197701881029353e+00,1.551759279838350707e-02,-2.250614711039963822e+03
1.319881929101256546e+01,2.746118170547883763e-01,1.392793640836087832e+01
8.240722407324099663e+00,2.999892144411511752e-02,7.286922312854122765e+02
-3.623656401937442695e+01,1.842933846673936935e-02,-8.490194790081812243e+03
1.495517425933780453e+00,5.982484367462536506e-02,3.325205337278077167e+01
9.700957624322395390e+00,6.137753950872387038e-02,2.049206828666185629e+02
4.119023946059254371e+01,1.179855929707957808e-02,2.354650714509010140e+04
-9.828054909465360822e+01,3.138785989429594414e-01,-7.938424147914419393e+01
5.610922725294181568e+00,4.620297098082887244e-01,2.091628823320289765e+00
-1.715429166306722664e+01,5.481172843870272260e-01,-4.543765723406782087e+00
-1.219727418081275871e+01,8.721971491467425674e-02,-1.275920445658715607e+02
-4.921973085259711667e+00,3.042508767042917950e-01,-4.231220847797652951e+00
2.137430769596265101e+00,2.567086700223928861e-02,2.581077943796991576e+02
-4.214273699804205364e+01,1.043125306219995149e-02,-3.082051637897278124e+04
-1.185156184004569013e+00,1.604125057408884933e-02,-3.665129104422241539e+02
-1.982451211361739629e+00,6.369425702889697227e-01,-3.888589434410922308e-01
-4.594293634560313144e+00,1.340272379909746847e-01,-2.035273364713121680e+01
-4.814437565326892710e+00,7.727719319722557711e-02,-6.415537027465772724e+01
-6.349870764040828952e+00,2.177209209000069701e-01,-1.065993845180866373e+01
8.358623632842984819e+01,9.703269988850188321e-01,7.064617866564073978e+00
-3.866825911500798441e+01,8.240821951427621528e-01,-4.531100490837896899e+00
-8.341987665845319100e+01,4.020513956333318650e-02,-4.106733598521051135e+03
2.377261905261975894e+00,1.630756036957340532e-02,7.113595677607611378e+02
-2.514765104443628108e+00,4.284635483431743774e-02,-1.090083588064464095e+02
-5.722567703418514640e+01,1.693902482468584783e-02,-1.587099908062685063e+04
-3.181223151396833160e+01,3.167330945156826005e-01,-2.523465563731452477e+01
8.989101466723556655e+01,1.343738538182444875e-01,3.961657012173700423e+02
-1.011358984819441353e+01,8.435480165221197202e-02,-1.131034508933675937e+02
-1.322376325595475688e+00,1.660318725859422431e-02,-3.817352535617687863e+02
1.404599517114486940e+00,5.415242608223542753e-01,3.811595576962112375e-01
3.434429956504248338e+01,2.856905280935857425e-02,3.348521685922759843e+03
6.631584153875617460e+01,1.157148128940129334e-01,3.941209366185255476e+02
-4.403094841753023125e+00,1.584682705413506879e-02,-1.395286973605448338e+03
-1.928728036841679039e+00,3.458356364134125560e-02,-1.283280644466623812e+02
-3.203055836391160227e+01,1.732619777893436991e-02,-8.490790205971577961e+03
-3.734602416054223273e+00,4.658862791384102420e-01,-1.369224524975424018e+00
1.920736354469482166e+01,3.371020790499845016e-02,1.345039475054427612e+03
-5.601049265178419390e+00,1.344363801195338215e-01,-2.466186457568592161e+01
-8.113735582558732062e+01,2.098356275351188627e-01,-1.466400264682804675e+02
-3.132810646472250493e+00,4.816261220339720373e-01,-1.074741983558728631e+00
1.889301517214874604e+00,6.465046004151851766e-02,3.597064042635803105e+01
-1.231027598760025477e+01,7.522845342355316545e-01,-1.730986411313374385e+00
1.490045340820998732e+01,4.467721380729722941e-02,5.940424174843481069e+02
-4.292481197294599760e+00,5.759630306745783246e-01,-1.029696699994992581e+00
-7.793079978647125472e+01,3.367712823207198725e-02,-5.468008338141668901e+03
-1.006432027493465053e+00,2.599356724179797684e-01,-1.185339661888442642e+00
4.269355243080578077e+01,9.350831735023352742e-01,3.885545015040660743e+00
2.069311959343203888e+00,2.032220768620626727e-01,3.987257952390982130e+00
-1.160828693833118486e+00,2.783481357868317768e-02,-1.192289272913550633e+02
-1.082860772670588112e+01,1.598499946381201353e-01,-3.372387767204730125e+01
-1.274038827311681565e+01,7.404150514643070835e-02,-1.849363671794371271e+02
-3.182130880125641070e+01,6.892839275045381520e-02,-5.329811754644618986e+02
2.752512895162499618e+01,3.642695236632283173e-02,1.650721555957771443e+03
1.053660981978621436e+01,2.715591172168951295e-01,1.137004693934712662e+01
-9.874539674256462263e+01,8.590915693842414436e-02,-1.064702026682846054e+03
-4.637700073115890831e+00,5.444584842450470585e-01,-1.244982523926160267e+00
-1.249613667608512779e+00,2.441325196032212708e-01,-1.668455530794240582e+00
2.554686163330044124e+01,1.080954690032036487e-02,1.739853621217305044e+04
1.455520828945453760e+00,2.221418598278435408e-01,2.347187337228891391e+00
-2.260755084555720273e+00,4.621058862511623344e-02,-8.424820395750280966e+01
-3.196228978142617194e+00,1.229731511244697151e-02,-1.681928064089593590e+03
2.826755636191152554e+00,5.239495732791287635e-02,8.194065303098295772e+01
-6.959167542393582551e+01,6.047881989281627124e-01,-1.514052071221126283e+01
-3.205947461593336101e+01,8.074338920560632238e-02,-3.913204884733939366e+02
9.139049936049088885e+00,7.082265117334529680e-01,1.449929300001265409e+00
2.337205871046716510e+01,2.727155007381295085e-02,2.500733764900534879e+03
-1.145752205929308154e+00,1.392110577677888733e-02,-4.704715554710803644e+02
8.750827323716679373e+00,5.657342178746856132e-02,2.175776868742967167e+02
2.333589710437430043e+01,9.697071130058029231e-01,1.974847091136087363e+00
-2.695002532233932513e+01,6.707594274054262673e-02,-4.766677205301787126e+02
1.657959526236693737e+00,1.669021135457188568e-02,4.736312919592066919e+02
1.201424411175556095e+00,2.993271970515177030e-02,1.067073243155975319e+02
3.143992265004675435e+00,3.377846352235196886e-02,2.192763648718852494e+02
4.965750905395571735e+00,5.170301147606185532e-01,1.478234681513109328e+00
3.078721599091306516e+01,1.263455929454047715e-02,1.534759600331585898e+04
2.109778868420209452e+00,4.738889197548113580e-02,7.476080436581317201e+01
2.302019507213176830e+00,6.115018226748960561e-01,4.898956957843791926e-01
4.915706965511334658e+01,7.631023252267912782e-02,6.717544747762234465e+02
-6.131827088417853844e+01,9.325739157976218330e-01,-5.610654262523385505e+00
2.831984039013142329e+00,3.435935267694167905e-02,1.908934341330316613e+02
-2.247404001573283239e+01,2.408487652929939410e-02,-3.083063269673205468e+03
-1.878024044345914856e+00,3.203908417870105496e-01,-1.455898495428066042e+00
-4.114474948533504595e+00,2.496216875260378609e-01,-5.254603233237266302e+00
-3.810800655738156451e+01,6.757839638674023597e-02,-6.640344383550861949e+02
-2.575803716764069762e+01,5.306514211396868436e-02,-7.279209824950272605e+02
3.728450997727777860e+01,1.124339409050529315e-01,2.347057389485579506e+02
-9.120567745532613912e+01,1.888455036115334329e-02,-2.035160720323767237e+04
-3.021993905774225908e+01,4.889394871795174624e-01,-1.005943282422874674e+01
-1.622101579880281363e+01,4.259683508529540918e-01,-7.113994387300379252e+00
-2.998347029160609800e+00,1.202444330274011902e-01,-1.650220868565481069e+01
-4.677635505828225071e+00,1.636669249824452832e-01,-1.389615557570837900e+01
-5.547879151207563808e+00,1.277947940608452349e-01,-2.703278581167036876e+01
6.091057190129474996e+00,1.944677153059077082e-02,1.281704146394191184e+03
2.404267861035314091e+00,3.397017392122165247e-01,1.657972971181638666e+00
1.201790600107945695e+00,7.025483533061932517e-02,1.937610585547949071e+01
1.760829796533752933e+00,1.985212127920182035e-01,3.555442629484782291e+00
1.858512715515023572e+01,1.039059984330923531e-01,1.369854475813597787e+02
3.618734284076079888e+01,7.240430258651574247e-02,5.493107289347262849e+02
1.274290603618000395e+00,4.282620883221410768e-02,5.528907903992102035e+01
8.185520332736064830e+00,1.876850083111357148e-01,1.849171791269786880e+01
-4.510302273460926159e+00,2.003195671807761202e-01,-8.944355211311002307e+00
1.246476859329971809e+01,3.451809937700081599e-01,8.324930313676279781e+00
2.101899340485763545e+01,1.047214668411298177e-01,1.525213414603792046e+02
3.458406509263792561e+00,4.107308803927508384e-02,1.631366214140330726e+02
-6.620680018324418370e+01,9.442662957387586153e-02,-5.908860782547563986e+02
8.881382816836767802e+01,2.205300716280762449e-02,1.453232456750109304e+04
-5.067383652750416445e+01,6.326805889340909872e-02,-1.007406854722715138e+03
-1.404773019534370349e+01,8.315263211974405211e-01,-1.616755293290651041e+00
-5.153243503950854176e+00,7.311107966747955322e-02,-7.671926008712019041e+01
-4.219919451921989584e+00,1.015892505515351152e-01,-3.253859410940378893e+01
4.924885588778625589e+01,4.029412998885970598e-01,2.413807961828485915e+01
6.326089299856089809e+01,1.242103645365606919e-02,3.262945210484382551e+04
-1.524997072609975524e+00,2.908852125584522885e-01,-1.434220276010584882e+00
1.486621990639184432e+01,8.157954935550804088e-01,1.777575618673358226e+00
2.490319904176580934e+01,7.757834986763248453e-02,3.292791259992062578e+02
-3.102664604479250343e+01,2.621388720989964449e-02,-3.593040514731431358e+03
-1.237993648818219494e+00,1.360531175824475636e-01,-5.322204489051213017e+00
-3.060723642976692815e+01,9.040161678357750974e-01,-2.980312874995997063e+00
2.859585628637141141e+01,6.463238091501809224e-02,5.447445982266527835e+02
-9.343786358274856596e+00,6.876861766011163057e-01,-1.572289256278586178e+00
-4.295450951871023548e+00,2.193871147105479202e-02,-7.101934577525188388e+02
-1.987372905817211377e+00,1.019044295152616297e-01,-1.522942044539203899e+01
1.151254350886093647e+01,4.314849022522303512e-01,4.920737659169848399e+00
-1.878595276071758580e+00,3.517432597474737244e-01,-1.208291704330019867e+00
6.645796792592858715e+00,3.525370641414660722e-01,4.255274950334836603e+00
2.991836618987365881e+01,4.059759476460186173e-02,1.444532778312070377e+03
9.039613456486865317e+00,3.167047796381804448e-01,7.171842781665731081e+00
6.989921399555394999e+01,4.457221474103754133e-01,2.799845067044797631e+01
9.802786318425553702e+01,6.064185589421604572e-01,2.121263913218460218e+01
5.428089105250979429e+00,5.203608070034674293e-01,1.595247038809169071e+00
-1.111042992631278992e+01,2.303623706102520680e-02,-1.666087946194113101e+03
1.144251085946191360e+01,3.334055037526291454e-02,8.191547232610314495e+02
4.993594799244985438e+01,4.933632995149320188e-01,1.632562269415721801e+01
-5.376828730341519247e+01,1.381767491035510581e-02,-2.241023431417516258e+04
-2.550516789396817696e+00,9.423057887077214145e-01,-2.285780927200963819e-01
6.345295489741809014e+00,1.667546202457396640e-02,1.815876197196369958e+03
-2.301206645572914766e+01,2.081129860340338172e-02,-4.228120872841547680e+03
-1.569522562362609008e+00,5.972768158548695805e-01,-3.501115067755635191e-01
-1.982726573472949738e+01,8.007122282557485593e-02,-2.460934423799904778e+02
7.165007727461000897e+00,2.290853281579009748e-01,1.086456263472570605e+01
8.141679016562260784e+00,2.398065667733407375e-02,1.126631706878255045e+03
7.130398666661803020e+01,5.419434509120767129e-02,1.931950538098016750e+03
2.348456681333836560e+00,4.214986381922363745e-01,1.051914249287572378e+00
-4.028541519115550251e+00,3.272884019024596136e-01,-2.992793478904222759e+00
1.035294263743586107e+01,7.820301800579379514e-02,1.347121961843001827e+02
-3.759155050337776416e+00,4.688120046948097697e-01,-1.361077726725883785e+00
1.230979163273079813e+01,3.210142758484915704e-01,9.505876002744654940e+00
2.826934173721373256e+01,1.126076848914211309e-02,1.774065997554800197e+04
-5.831777200049155141e+01,9.681767867203677769e-02,-4.950872342857780950e+02
1.457924875560776456e+01,4.991059933852943359e-02,4.657358961380691085e+02
1.625890560688271647e+00,1.043621923693236093e-02,1.187941509624606852e+03
-4.525737979087373297e+00,7.248947169102536447e-01,-6.853772322007054552e-01
-5.617731005613250339e+00,8.244508793587450313e-02,-6.576904032421097668e+01
3.300415364620324965e+01,5.222671071410692201e-02,9.628827077454322989e+02
-4.585233181780737510e+01,9.017358366757974864e-01,-4.487380570247863076e+00
8.749512798606642150e+01,4.668004049246909232e-02,3.195299405035444124e+03
1.175370612056990449e+00,1.253409233060203132e-01,5.953593584421538409e+00
-2.761866931571465145e+01,8.088761414456814292e-01,-3.359145648864511724e+00
-1.847482629998440729e+01,5.916957287560314915e-01,-4.199268375353550020e+00
5.916755611899176870e+00,6.581996904040018914e-02,1.086821997358232323e+02
7.337103260318344589e+00,3.397993766552691031e-01,5.056728208042827077e+00
2.112942475897887640e+00,1.029310269599199856e-02,1.587030225196851688e+03
2.925839903440544010e+00,6.674882393604373299e-01,5.225808107228718802e-01
-3.503718767504987674e+00,7.560184068261983636e-01,-4.878144227809352862e-01
5.606612907321586192e+01,2.051755792055186614e-02,1.059837720328372052e+04
7.130496759686688790e+01,2.535731909984083599e-01,8.824767071148778541e+01
-7.206914981192890934e+01,7.183864097221738521e-02,-1.111279541367218826e+03
2.226358150080909759e+00,8.444109698118100471e-02,2.484719867049555120e+01
7.662227877747567106e+01,1.638028864021967221e-02,2.272490620325609780e+04
4.659794834646805661e+00,2.697435658127785366e-02,5.096297156949992200e+02
-1.489941544274363849e+01,1.472195422324890611e-02,-5.470517854582962173e+03
5.585775824974861692e+00,3.571301183428073067e-02,3.485143643742944732e+02
1.206832766162157178e+01,3.466210712029717533e-01,7.993322009887435797e+00
-2.291806246943610859e+01,6.251821933605422599e-02,-4.666108522676562984e+02
-1.076873435366571563e+01,5.118488682021397895e-02,-3.270930414949488636e+02
-3.312702679742567824e+00,1.487516577842383850e-02,-1.191376326286977928e+03
6.833700622863638330e+01,2.971564850155267515e-02,6.158510125025369234e+03
8.096194959599452545e+01,6.383845668617094127e-02,1.580907045853505906e+03
4.431202420369756645e+00,1.019408401926525341e-02,3.393245703925650105e+03
8.864768126295983208e+00,1.099339450228173191e-02,5.837056406833741676e+03
2.988205576830655374e+01,1.933766692015118083e-01,6.359053179483489515e+01
3.843426245737344971e+01,1.006402519659401196e-01,3.019710135339788621e+02
-7.502667173136196688e+00,4.043821313093430569e-02,-3.651084659484914710e+02
4.477773608917083870e+00,2.186518708443741521e-01,7.453253163107467216e+00
-4.177708507386144987e+01,2.393096227523004715e-01,-5.805076485464162062e+01
-2.365901589792056825e+01,2.109846754849524775e-01,-4.229460639692664614e+01
-4.455965063404260462e+01,6.321750761329039681e-02,-8.872728121403254136e+02
-2.243957734685194882e+00,5.947130420512550808e-01,-5.048819950307099624e-01
-8.657526352359665722e+00,1.389965697049899175e-02,-3.565954465453854937e+03
-7.690704716900361504e+00,1.428475074900824662e-02,-2.999238064300434871e+03
-7.276634767735234277e+01,7.036913176661532821e-02,-1.169381793560124152e+03
3.489959197050817608e+01,4.294828285799399264e-02,1.505632136922114569e+03
3.556596319249828220e+00,7.454526926801348097e-01,5.093127344228421949e-01
1.513169885140256632e+00,1.873622737428953799e-01,3.430153293636442058e+00
2.497246965025684062e+01,3.446529459341811374e-02,1.672968023052950002e+03
-7.421221724677253917e+01,4.573231357419860893e-02,-2.823704187524491317e+03
-2.390322396091779922e+01,4.570112259479229277e-01,-9.107367893363042199e+00
-1.164196974385895622e+01,1.879922665603088461e-01,-2.621420154535171676e+01
9.178072689087476022e+01,4.797705454306869927e-02,3.173032097435173455e+03
2.296737577945137776e+00,2.441143142810572597e-01,3.067008783950917916e+00
-8.774671297804070846e+00,3.662920083323854548e-01,-5.204345325534246669e+00
-1.456487114254181980e+00,1.026198489953047098e-02,-1.100611484420057650e+03
-3.828850937961736633e+01,1.545141632088135528e-02,-1.276209598014857693e+04
1.163468505989870394e+01,8.976205409273725344e-01,1.149103647474957635e+00
-5.252304518245881404e+00,6.092857396278477528e-02,-1.125895300939703247e+02
3.651060157474947054e+00,1.714010284433451631e-02,9.889680875486502600e+02
2.495809005079371090e+00,1.925304673268658437e-02,5.357998076408268844e+02
-1.953923258608642044e+01,6.868136507353863607e-01,-3.296247411782609493e+00
-4.527612251234062057e+01,8.705564071975795404e-01,-4.754069538543279627e+00
-4.389925433228631846e+01,2.100803544331968781e-02,-7.915464336273007575e+03
8.439912716676221294e+01,9.590183567013442767e-01,7.302545153185470816e+00
-1.063038492054470296e+01,8.676613993865142649e-02,-1.123669447207693537e+02
-7.392659470193504490e+01,3.097539234606159694e-02,-6.131365496227150288e+03
-4.048585370478337886e+00,1.868900565785014053e-02,-9.224037213862243334e+02
1.015392250906049787e+00,1.621494495182880524e-02,3.073215560285373158e+02
-3.183898957227539572e+00,2.945559863635206499e-01,-2.920207457635918047e+00
-2.646985601520276532e+01,2.564633416499954160e-02,-3.202514623235487761e+03
-7.289208923186234301e+01,1.214728717994355001e-01,-3.931080489607286950e+02
-2.713651628020162132e+00,4.606127913698855603e-02,-1.017822953384770841e+02
-1.578750562831634596e+01,3.780111149156267225e-01,-8.792138375061027133e+00
-1.312936884209679356e+00,3.019910916724566907e-01,-1.145633543308735014e+00
-1.091970239173847279e+00,1.679427002926786247e-02,-3.080907607585016876e+02
7.852484396872561945e+01,5.435459199321358154e-02,2.115069963925512639e+03
1.701397005392133011e+00,1.179777441874162031e-01,9.727374228136191903e+00
-1.615083741930823535e+01,5.990913874449928234e-02,-3.580956364215477379e+02
2.332471679697272293e+01,3.027767291732472166e-02,2.024703945472341275e+03
8.671338273705602262e+01,1.012109163739786932e-01,6.736302022621771357e+02
8.165720870185705849e+01,4.115449128746442170e-02,3.836632406889846607e+03
2.038516529306174441e+00,2.423750131022800111e-02,2.761395940914008520e+02
-7.495037650530866458e+00,3.125992494920389331e-01,-6.103628507947393977e+00
-1.767424403746493677e+00,4.636600896764913604e-01,-6.542316547271810334e-01
-6.037027382607967674e+00,5.163772900766031571e-01,-1.801685625595149443e+00
-7.984759468700353580e+01,7.980679573894582102e-02,-9.976362604381417896e+02
-1.818161536595865968e+01,1.739751080318165111e-02,-4.780225367627790547e+03
-9.584283821466149789e+01,7.652014808130876145e-02,-1.302561382870837861e+03
1.540425906935145361e+00,8.139722563449852677e-02,1.850170469476631752e+01
-1.487717513688905813e+00,9.154987005427590863e-02,-1.412521761076716054e+01
1.190279117067301762e+01,8.109094227812403688e-02,1.440436959559876300e+02
-1.093836934232855107e+00,3.307414026725711831e-01,-7.957297433446417489e-01
1.125047081152852790e+01,2.905510251729476190e-01,1.060513030297445169e+01
-6.994577270553898529e+01,9.341810180170034839e-01,-6.378073671584529869e+00
-7.015733629193877618e+01,1.276420233175925845e-01,-3.426698290581870197e+02
-8.356518205038135250e+01,4.246022351781625903e-01,-3.688509849932189155e+01
5.056199088342369308e+00,3.296626857121963683e-01,3.702326512998055374e+00
-5.406316587104427640e+00,3.868813217064491772e-01,-2.874326401946718068e+00
-2.067126428281053663e+01,5.640105575995445208e-02,-5.171097285893148410e+02
1.463098023012457727e+00,1.728795536891655216e-01,3.895617374075093675e+00
-1.127469671047949040e+00,1.202851732767255474e-02,-6.201129598613822509e+02
3.448978554813466246e+01,4.474654934189145616e-02,1.370760337828607135e+03
-2.972277658665825495e+00,3.055222045587882226e-02,-2.533926158138018252e+02
-1.896416719716759181e+00,5.758289095106072786e-02,-4.551315916674851536e+01
-3.233175807091659859e+00,1.662981530934747321e-01,-9.303462350833799022e+00
2.008233045009174322e+00,2.975724299922197780e-01,1.804757528169348868e+00
2.697561227904668968e+01,8.303297963658848313e-02,3.113581234738506396e+02
-5.346658731281709009e+01,1.883690276912988459e-01,-1.199095045356927898e+02
8.321324694123696020e+00,1.555225472083446303e-01,2.737763208485321087e+01
1.426312716865587360e+00,5.527121932465447474e-01,3.715410458252086934e-01
8.613668334702017759e+00,2.120248810116559177e-02,1.524771005936574966e+03
-2.672341777312962208e+01,1.933924812926366699e-01,-5.685949078258517631e+01
-4.673589879264286040e+00,4.135078571290703997e-02,-2.175069822932615295e+02
-5.856791123342532046e+00,1.110506961808382410e-02,-3.779264609456663948e+03
1.258331227781874784e+00,7.675483480058983288e-01,1.699705297275966032e-01
1.300157439049202068e+01,1.626512167300384407e-02,3.910852605814881372e+03
-6.609926904738323117e+01,3.697566598425609807e-02,-3.847288752791774186e+03
-2.899270406607949369e+01,3.350993289318635604e-01,-2.054621093259318698e+01
1.516642503526384189e+00,7.366946125247834098e-01,2.223813544701562228e-01
-1.858335878326910873e+01,1.739814868729669742e-02,-4.885491607836266667e+03
-3.012698021879151700e+00,3.707707569027689221e-02,-1.743953059413069866e+02
-6.544182862976220427e+00,3.613753968523560345e-01,-3.987754364296187237e+00
-4.383245769312313023e+00,8.862350571446225844e-02,-4.441074995709061568e+01
-1.154038705666631248e+00,3.527387697064014033e-02,-7.380811591538081018e+01
-1.831728804903924424e+00,7.703430459988312717e-02,-2.456308878369569726e+01
-3.039428225514297210e+01,3.303076887256591737e-02,-2.216892642404143771e+03
1.389409635374036389e+00,7.829678108592194596e-02,1.803568437871533447e+01
6.726140614629040115e+00,1.575561890656118069e-01,2.156180643612791314e+01
-3.020667857476114548e+00,1.032211131084628114e-02,-2.256087992818107068e+03
1.007846419823226869e+00,8.248827785222248576e-02,1.178691142449079088e+01
-4.194152066804954870e+01,1.532638414202045982e-02,-1.420871801707716440e+04
-3.033393935915947193e+00,6.283358030647941128e-02,-6.114139403370204207e+01
2.027788093563517080e+01,6.646611846463988671e-02,3.652683729646411734e+02
-1.855125381856830558e+01,6.439354068583873214e-02,-3.560236042476776106e+02
-1.353534544917540927e+01,1.252194264698416708e-02,-6.869356564720003917e+03
-3.888186698239048411e+01,1.399519393844042212e-02,-1.579717408116641491e+04
1.498216091935562311e+01,1.454047190312205730e-02,5.639071358181946380e+03
-8.657049495308083209e+00,1.284959239207287066e-02,-4.172355777095600388e+03
1.726915431801223200e+00,2.000546069741944433e-01,3.433713787731881073e+00
4.723951697751500234e+01,4.632904448476486414e-01,1.751414326719630665e+01
-2.799367873264470319e+01,2.921075938540402400e-02,-2.610744762210841145e+03
-2.865452561221989924e+01,3.717763926552489218e-02,-1.649756091510254919e+03
-4.620615354998461299e+01,8.151249006658956020e-02,-5.534031570849658692e+02
-6.858140946165951846e+01,7.927784872713926623e-01,-8.683460417677965282e+00
2.935874440335805691e+00,3.230150438573842209e-02,2.239144470688574131e+02
-2.748117139276287091e+01,1.102221319019284773e-01,-1.800063239848613819e+02
4.719582660281214714e+01,9.001028565353494382e-02,4.635637345008139505e+02
-8.009576217676036336e+00,2.959327284853313644e-01,-7.278027256892579899e+00
-7.024707078127950410e+01,9.617948999726222414e-02,-6.043011429800019414e+02
-9.927943442575016775e+01,2.170941640865296784e-01,-1.676305355573297788e+02
7.657426538931366622e+01,2.899419103634564010e-01,7.248547396409225030e+01
1.532797009677874245e+00,2.726539908093827957e-01,1.640782679483572926e+00
1.653106409438377611e+00,1.825678618680756926e-01,3.946774258154824633e+00
-1.349223872721345430e+01,3.873508708887089536e-01,-7.155913452804625763e+00
1.749746713225934558e+00,8.660658526860922635e-01,1.856365511558362713e-01
2.132385358850710588e+01,5.498045569459776294e-01,5.613570196349595420e+00
-2.878868847575372758e+00,4.917697249928755787e-01,-9.473019668267373961e-01
-1.811594655958920441e+01,9.205912397396759372e-02,-1.701051613079819163e+02
-8.265409253607458595e+00,5.176835212330518216e-02,-2.454289652580757206e+02
4.174076172036139809e+01,1.389384046191415589e-01,1.720702900273612102e+02
-3.511617014094547073e+01,3.584478947748069300e-01,-2.174929642782404215e+01
6.845321450190073165e+01,7.094136274030243827e-02,1.082392886754332949e+03
-1.230897507070257468e+01,8.288272534095100785e-02,-1.425883298026585067e+02
2.584274559048690190e+00,1.998550262663508631e-02,5.148712455109773600e+02
-6.067419595770833496e+01,6.054786648973915081e-02,-1.317032453150178071e+03
-1.469294256274870314e+01,1.903794653449885632e-01,-3.225958017438902203e+01
1.227319667356463917e+00,4.265203882857360879e-02,5.368688891165347599e+01
-1.473502577036212990e+01,2.516329813937666360e-02,-1.851850440695446196e+03
7.406275981586506241e+00,1.210949385589345749e-02,4.019185443565061178e+03
6.377229205167311399e+00,1.436192692621491261e-02,2.460349118133920001e+03
9.854514182167646652e+01,8.040955768778634827e-01,1.212858143316739579e+01
-5.907837792255578258e+00,1.866970012591960826e-01,-1.348788995468451368e+01
-2.755353033475645574e+01,3.292784065011593597e-01,-2.022278127093777300e+01
-8.900479878284755841e+00,1.285607424739693694e-01,-4.285355098510026295e+01
7.908754777057546370e+00,4.716211501774517090e-02,2.829513038849655118e+02
2.726808791115299258e+01,1.269375062904243463e-02,1.346681508864459465e+04
-6.509778745609891892e+00,2.251381176622071351e-02,-1.022017430068849762e+03
5.958300170493998849e+00,4.597349622531340940e-01,2.243352135402536529e+00
1.003937701096190871e+01,9.908564586488100012e-01,8.137207871641554124e-01
-2.711635317260092748e+01,5.005343642122954406e-02,-8.612983573776996309e+02
-9.293011090530548302e+00,2.875858777169711944e-01,-8.941522632566679007e+00
3.330096734570758610e+00,2.641184505173638924e-02,3.798826892380207028e+02
-3.037280322052475157e+01,1.363900246732225457e-02,-1.299301071281272561e+04
-2.166613790378768556e+00,4.955603656942441093e-01,-7.020669185798201761e-01
3.045612354125063703e+00,2.592799889627530052e-01,3.605178416556046983e+00
3.225015143915715754e+00,3.063022027978368200e-01,2.735405111532477118e+00
-2.243165459414191432e+00,2.527907059660219335e-01,-2.793374983800830158e+00
-2.933357553468323164e+00,1.471611483807848397e-01,-1.077876002104741815e+01
5.601787149948094680e+01,6.799662241729997891e-01,9.641443436899296060e+00
8.347333607985053305e+00,1.673546725722793727e-02,2.371713479460533563e+03
-1.409507860029590276e+00,4.186183480467779716e-02,-6.400606362672321836e+01
4.116115011526708223e+00,2.476744859522974629e-01,5.339678346371894868e+00
1.012297701768136049e+00,1.876497693592052429e-01,2.287717092178947365e+00
-1.555543603625787474e+00,2.236433803151878230e-01,-2.474914667882784247e+00
9.005353491624346418e+01,1.617366423643775697e-01,2.739517349098640011e+02
7.341019107663662169e+01,4.246829817819430808e-02,3.239043454944574478e+03
4.962406118552486589e+01,5.627205470095816287e-01,1.247087405720394138e+01
-3.469539868424329043e+00,4.771964627843977014e-01,-1.212460465937887921e+00
-3.043189940549056161e+01,1.717447472657725183e-02,-8.210172258156837415e+03
6.322277937548487614e+01,4.507974762188619033e-01,2.475715685228756868e+01
1.148305786656544214e+01,2.170915247314839439e-02,1.938929201995463700e+03
1.616606997347978858e+00,2.247635141761205324e-01,2.546495792360134125e+00
-2.206935630269436288e+01,5.037761608119916135e-01,-6.919975828141805785e+00
1.942026543461626842e+00,5.317167550619159022e-02,5.466188524730059584e+01
1.362515588174065817e+00,9.823236338324911054e-01,1.123627681273982326e-01
6.816822871336102097e+00,1.568919283237255741e-02,2.203793732848898344e+03
-4.908387464649210052e+00,2.230620896525161226e-02,-7.850140713914689741e+02
-8.033530680522432021e+00,6.340444645906613552e-02,-1.590219819220447732e+02
-2.412442231942805826e+00,2.699268402737830530e-01,-2.634844057336065415e+00
1.897731867723215160e+01,2.172614786800214082e-01,3.199333581074052546e+01
-2.110909627011654877e+01,3.507586100193025441e-02,-1.365347173917670261e+03
1.187683008540588325e+01,1.064889237733160215e-01,8.334543230138253023e+01
6.053081882398527291e+00,6.220768317852757301e-01,1.244739956256296631e+00
-1.574060558315521607e+00,7.154415590841541883e-01,-2.447164954091053668e-01
-9.895836030100049641e+00,5.459816487408467589e-01,-2.641718485873675082e+00
8.461149812891051170e+01,4.016904031935578101e-02,4.172886847556106659e+03
-2.817595673441928739e+00,1.512440507272595214e-01,-9.801943771121138127e+00
5.722713083737599504e+01,1.062270924786774123e-02,4.035724572862908099e+04
-2.107996909824938925e+01,2.185659107166746176e-02,-3.511520855836094142e+03
5.429081758965209303e+01,6.226861279666269233e-01,1.114238438423888944e+01
-4.103338166970026890e+01,1.988765154203319535e-02,-8.255824302430168245e+03
2.465416160420220137e+01,1.026977304114060352e-01,1.860195898654686459e+02
3.431895823882319174e+00,2.969256064040434046e-02,3.097625622946495696e+02
-2.613815815482511962e+00,2.637034309488149320e-01,-2.991118072403248451e+00
-6.402387331546990801e+00,2.180238401523456465e-02,-1.071825563456743339e+03
1.109934664012006467e+00,7.182889484374918587e-02,1.711942532763609037e+01
3.211675933009242367e+00,7.339532274987338178e-01,4.744441369272306974e-01
-4.515892228850594847e+01,2.377707950528592518e-01,-6.356480002478762259e+01
2.225877910117877434e+01,3.012027700992823964e-02,1.952421368326999300e+03
4.481464066740844743e+00,3.033298751885991074e-01,3.875963527074224757e+00
5.061164508050926969e+01,3.727089539435110566e-02,2.899351949375486583e+03
6.056458566731540927e+00,2.217286817738488985e-02,9.803138453850427823e+02
2.037933897820586981e+00,7.374913244105388843e-01,2.981716836241429247e-01
2.506418022568827730e+00,1.092294643236154661e-01,1.671721904537936609e+01
-3.633898926165439747e+01,3.044135643566659444e-01,-3.120577545059759217e+01
-5.704588011131882297e+00,2.655341395158919426e-02,-6.438336761899290650e+02
-8.168504846581217294e+01,2.669344470083294119e-01,-9.122701478200721681e+01
2.057355168806779044e+00,1.323909144973563490e-01,9.340777857874805079e+00
2.988878347812017111e+00,9.171798797417639593e-01,2.827413562453881535e-01
-8.483806939436778549e+00,1.563954784551257193e-01,-2.760148999182103680e+01
2.432648018329231476e+01,1.656110534269330040e-02,7.058148179441446700e+03
-1.033001909122456397e+01,4.079017949429510348e-01,-4.940603791515766119e+00
-3.704789376913069532e+01,7.983531450375095373e-01,-4.625552107270589630e+00
1.595404449139117986e+01,8.177592495342507484e-02,1.898497391270765888e+02
-1.310756604212854892e+00,2.966566270950625819e-02,-1.185233945525582300e+02
5.280181292709394825e+01,3.480092224283222457e-02,3.469424682130301335e+03
-1.927768467916566753e+00,5.827974383324689006e-02,-4.516580341924516517e+01
2.293456546132754958e+00,1.958896574828167259e-02,4.756172946333897471e+02
-7.809413812763134288e+00,2.690988342703788949e-01,-8.581929438598271176e+00
4.552389697621667786e+00,7.965868322331587370e-02,5.709043097772476472e+01
-4.345859632004497541e+00,7.890684634140296416e-02,-5.554391122420980764e+01
-1.184467858541321972e+00,1.343989340122410045e-02,-5.218212587130599331e+02
-2.988309252056672971e+00,4.559190219185498272e-01,-1.144037475191623132e+00
3.693981726667542631e+01,1.021648130625433908e-02,2.816321232431037060e+04
-5.859636157284705149e+01,2.255285557943066121e-01,-9.167643327403109765e+01
3.824245028305124094e+01,7.530691984229928582e-02,5.366190391494516234e+02
-3.582870599221697461e+01,5.093418771851532245e-01,-1.099012140772586221e+01
8.952282659181348379e+01,1.123700876312010849e-02,5.641862310805694869e+04
-1.595766729162257036e+00,1.659623688267701513e-01,-4.610417892264921491e+00
1.446005167964089955e+00,1.501574012308668458e-02,5.103480907400198134e+02
-2.244332029547394303e+00,3.318985838718424564e-01,-1.621311430888935590e+00
2.525620842172525915e+00,1.908817298542889174e-01,5.516067405900383136e+00
1.222388995394846489e+01,6.745303578617133089e-02,2.137945189115297353e+02
-4.698293316144452092e+01,2.715288243463364476e-02,-5.071055736720187269e+03
-9.531977778711462790e+00,5.397811065482437110e-02,-2.603381405748356201e+02
-2.404459991880531433e+01,1.917589830444315357e-01,-5.203508346241945048e+01
6.011375919721553629e+01,1.018242661283532552e-01,4.613828483908580438e+02
1.803958137606302259e+01,6.050840087627573638e-02,3.920895252008568264e+02
-1.466637189808515984e+00,1.592977803988964713e-01,-4.599317387606815188e+00
4.976858975611678559e+00,2.911158809440440864e-02,4.673192546137255476e+02
-5.960778877296228728e+01,8.167867419906954529e-02,-7.110101294612530864e+02
1.358202183321991363e+01,2.863580003264331597e-01,1.318062239098866861e+01
8.585427708945600145e+00,1.381984540134507250e-02,3.577220428550710494e+03
-1.814751991298689804e+00,5.252764635040310659e-02,-5.233973683889010431e+01
-6.362813274108418682e+00,1.610301376226676989e-02,-1.952652609801828021e+03
7.153389810983981079e+01,2.888002478266895115e-02,6.825066772240794307e+03
-5.529474547943541651e+00,4.750942798498954400e-01,-1.949460304005645295e+00
3.381257156548434750e+01,1.458809256585431521e-02,1.264361656723193119e+04
-7.888906935062345838e+01,1.471587951160296601e-02,-2.898908596135627158e+04
1.322673827927660639e+00,4.131255310856776775e-01,6.167069260139255160e-01
-5.656344361295211343e+00,1.316670071636175630e-02,-2.596402685316958468e+03
-4.906379032638540849e+01,4.214893060022041893e-01,-2.197749102065669646e+01
-4.544181090837481918e+01,2.111186438758449677e-02,-8.113207643096846368e+03
6.739674424107939821e+00,1.127678705827265954e-01,4.217531103458509278e+01
-1.117889847034374107e+01,4.207009540939903314e-01,-5.026227637774302259e+00
2.479634236657791746e+01,1.181110704731359699e-02,1.414479145391850216e+04
1.131126081788680127e+00,2.135249995663044201e-02,1.974257030452836261e+02
2.296409416623129474e+01,5.360960150348269559e-01,6.358494457318997206e+00
-5.588084627884542499e+01,8.451915339390460302e-02,-6.225049858603956636e+02
-6.651701076971031057e+01,2.730576202615855527e-02,-7.099279228011048872e+03
1.232112243127238438e+00,4.779679209602982759e-02,4.291833937410567046e+01
7.613353275872249526e+01,6.013328960838169035e-01,1.675468213883535640e+01
-2.093634622178428550e+00,1.045309418488589090e-02,-1.524759333639318129e+03
1.130916064161977097e+01,1.891143878288823257e-02,2.516351850785010356e+03
2.062726017720747507e+01,9.022353004382066555e-02,2.016471332998327171e+02
-2.189493829510585687e+00,1.804051865606917104e-01,-5.353475546939739260e+00
-2.367211819923223004e+01,1.490457329485190240e-02,-8.479849851970548116e+03
-9.017312701166713396e+01,1.909963378444115567e-02,-1.967058092333647801e+04
1.231949895816973495e+01,5.894686221186201669e-01,2.821381385678233933e+00
-1.014447461248637872e+01,9.018254993105022654e-01,-9.926009208630668379e-01
-1.254894421893431833e+01,1.507154718769089241e-01,-4.396242592580555453e+01
3.802043850223086441e+00,2.604204434153865044e-01,4.461255632999892029e+00
1.937016386455466810e+00,6.468911248677416959e-02,3.683503145696607106e+01
-1.532990515987049829e+00,1.350682251090813864e-02,-6.686875203711894073e+02
4.426835675795887326e+00,2.466974749784602572e-01,5.788341270921151249e+00
1.766114448493208089e+00,3.584653465007033024e-02,1.093741330134703560e+02
-7.640805366458107528e+01,2.215530065177980304e-02,-1.238722360762935205e+04
-9.271151207469389988e+01,5.346963665821368172e-01,-2.580532507367862394e+01
1.015338922524193332e+00,2.011247394705966557e-02,1.997423623069458642e+02
-1.371930792225407281e+01,1.455897677403356349e-01,-5.150633323095811988e+01
1.665969335463628198e+01,6.314408904890465857e-02,3.325000651937519933e+02
-9.357368834982382921e+00,1.538342069313913263e-01,-3.146574728296597812e+01
-1.887646716347864739e+00,1.322818999696297008e-02,-8.584401163708654394e+02
-2.096102355376521587e+01,3.262019076738027767e-02,-1.567579693293620494e+03
-3.050574120558777302e+00,2.159219391231632229e-02,-5.206887254740843218e+02
1.168620440210091616e+01,1.293073196790910616e-02,5.561825961724007357e+03
1.342760956628636926e+00,2.824502543510770125e-01,1.339383364136258692e+00
1.323678047807411673e+01,2.950143958519996917e-02,1.210280636049767054e+03
3.216708669154960898e+00,5.210187192726081218e-01,9.429642142833771778e-01
-5.818988274780284797e+01,1.444222217173017110e-02,-2.220084857890999774e+04
-2.975945190014377850e+00,2.574683590185201584e-02,-3.572459665734484702e+02
2.980425231400422703e+01,7.251832178123895911e-02,4.509961943017120234e+02
-5.345492821796281824e+00,7.146985548711508596e-01,-8.327834364926957056e-01
-8.052661929834479793e+01,1.909648121566726725e-02,-1.757206911272063007e+04
-4.094050878350511624e+00,3.695581673844566817e-01,-2.385490887328441278e+00
1.920669111505068116e+01,1.523619892965042966e-01,6.583993892470302001e+01
3.464438585844168728e+01,3.801259702606042956e-01,1.907954086921171921e+01
-9.257844196558146166e+00,6.506155795633808969e-01,-1.740408061765988279e+00
4.474111723503572335e+01,9.876259738057349691e-02,3.650160445762809331e+02
7.570442820310891818e+01,4.644015405501378951e-02,2.793342030185820477e+03
7.474559067481163943e+00,5.197990574329519609e-02,2.201429282200622026e+02
-5.384387488045426551e+00,5.717994474014967410e-02,-1.310505897682672298e+02
-2.846520395457691421e+00,1.447398246103828445e-01,-1.081255555324048423e+01
-1.210179999278888197e+01,1.689625858625254037e-02,-3.373331424410730961e+03
2.012341042115052936e+00,1.022298200860366629e-01,1.532274336578498364e+01
-4.126946471686916418e+00,5.880392583108849658e-02,-9.497434992818450894e+01
1.247884649515972555e+00,5.714889911652269033e-02,3.040526835028099839e+01
-8.781630716344144716e+00,1.015344841457871058e-02,-6.778571368052804246e+03
1.739498434306778973e+00,4.051790470289476920e-01,8.431798528471435850e-01
2.748185383358136846e+01,2.259780920328838261e-02,4.282560296845262201e+03
-5.194735654904195599e+01,1.805152758340546615e-01,-1.268602812253284640e+02
4.041483218688646417e+01,4.436451121991308311e-02,1.634028073245641963e+03
1.485218647374757062e+00,4.444922540920202003e-01,5.982078873860701140e-01
9.067647773197210270e+00,1.509916934655675391e-01,3.165036084951239914e+01
7.451249530810217792e+00,1.746060509324090862e-02,1.944915168660116933e+03
-1.134852146186333899e+00,1.281328426120008634e-01,-5.500580149848681266e+00
6.922155790323627933e+00,3.347249847112318544e-01,4.916490954871995278e+00
-4.400689804276362338e+01,3.037674263845369441e-02,-3.795146014820104028e+03
8.519188597280916042e+00,1.804814049483266236e-01,2.081246126633157090e+01
-6.182277823637900127e+01,1.684084061095006690e-01,-1.734647053424926924e+02
-7.087139330259764058e+00,9.057100899909099612e-01,-6.875158184036896936e-01
1.923954708790601131e+01,2.086007186167119221e-01,3.518466171137975351e+01
-1.061575582023312814e+00,1.244200131793298247e-01,-5.457083140362856355e+00
1.196989186398034377e+01,1.544334334807905273e-01,3.993904800714536663e+01
-8.115683515502400525e+00,7.271715235505550601e-02,-1.221353867534603097e+02
2.991931999888334914e+01,9.511443231073553051e-01,2.631776558949612266e+00
-4.932389581338259177e+01,2.160824201724489413e-01,-8.406372625918733377e+01
-3.969452060737829857e+00,5.576035672053580861e-01,-1.015943627118392367e+00
-1.105044768709973368e+00,2.423979796265289532e-02,-1.496621629882747015e+02
6.917025516525943374e+01,2.769250472634817925e-02,7.177695606774136650e+03
-1.560932222206234954e+00,6.060625890384926384e-01,-3.381732320819217930e-01
2.986862472618398456e+01,7.767345809356789033e-02,3.939672135551216456e+02
-6.628356706330926329e+00,2.030423586060028651e-01,-1.279448202892748832e+01
3.453794346977473229e+00,2.697751326859194609e-01,3.776441666586593637e+00
-4.098308865560341729e+01,2.613811001738034975e-02,-4.773604764345277545e+03
1.111591419325671293e+00,9.044544126580929266e-02,1.081339226743441095e+01
5.461596350671013056e+01,3.132593230225762942e-02,4.428959669018083332e+03
-7.723640844607620792e+00,6.661153256061883021e-02,-1.385202781576291216e+02
9.269805888978021713e+00,2.881542411177470675e-01,8.884044883835214179e+00
1.158417832311994822e+01,5.398046762628646439e-02,3.163603776614981484e+02
1.387041562632088620e+01,2.492762432579300191e-01,1.776306188831668464e+01
8.032053093458516813e+00,2.308479110186755293e-02,1.199402110662658743e+03
-9.480160617180952443e+01,8.501256593952952745e-01,-1.043853572688112941e+01
1.922290265647045970e+01,2.090630876338581828e-02,3.499889899108084592e+03
-1.274862231780665667e+01,1.644986989818201795e-01,-3.749112359250982252e+01
1.394625635937359220e+01,5.447377844056691121e-01,3.740010142072907495e+00
5.472060293409141352e+00,1.109227607824710138e-01,3.539155701193124770e+01
7.387618450589914687e+01,3.445564541271126102e-02,4.951922218485973644e+03
-1.468237257530878637e+00,3.071173661383120868e-01,-1.238732771250120823e+00
-2.010862064796889825e+01,2.515195971838808664e-02,-2.529465495082701636e+03
-1.821041614951207421e+01,1.447058231766635943e-02,-6.920508242800200605e+03
1.257196288102199233e+01,1.582038018725296508e-02,3.997232354255159862e+03
2.885687148676135294e+00,1.674678671763382420e-01,8.187973015360972440e+00
-3.401999221166742160e+01,4.844075506044073082e-02,-1.153725622679241496e+03
1.238010163580944933e+01,1.086606599172816080e-02,8.343911124615886365e+03
1.801602533468994016e+00,1.119932272631902204e-01,1.143050980284169427e+01
-1.250489742451380693e+01,2.517093004354681307e-01,-1.570622245674145567e+01
-1.936983817679832498e+01,4.167916381944517523e-01,-8.873156339695631445e+00
1.046444094550244408e+01,7.296849109199757266e-02,1.563995273304979889e+02
-3.723124863564299147e+01,6.800925767234326791e-02,-6.405627330704451197e+02
1.896772573375515636e+00,1.357817278093529506e-02,8.186961268471147832e+02
2.631193291787995037e+01,4.752537138661842575e-01,9.270258627630367343e+00
5.442132867420149722e+01,5.319267857051964560e-02,1.530578315858696669e+03
-3.081532881813112468e+01,3.104213307145449741e-01,-2.544801016787907244e+01
-5.412401439567895522e+01,1.153682944703481039e-02,-3.235990158649920704e+04
1.751016585738597753e+00,1.395326527919840687e-01,7.156961706718730554e+00
-2.863227374230089328e+00,9.688432213519388991e-01,-2.427386674519079190e-01
-1.478253639175239620e+01,2.310109600647037020e-01,-2.204316354238717679e+01
1.602660698492972546e+00,1.777095785678205198e-02,4.038406656327282462e+02
-6.576700737669854746e+00,1.312360080246173510e-01,-3.038730560478569487e+01
2.303263106551307615e+00,1.107668298640345633e-02,1.493874913618749815e+03
-1.648771393848062372e+00,2.655940875260024425e-01,-1.860003554400696979e+00
2.400964131845526950e+01,5.686633892859246919e-02,5.908337152109270392e+02
-1.946967739448765755e+01,7.199808935667446896e-02,-2.988869466303762010e+02
1.794960953449509899e+00,1.962379708278922177e-02,3.709189764561969014e+02
1.221861803637901422e+00,3.225021412337671783e-02,9.348609509070382728e+01
2.265491914215600033e+00,1.835226812255254247e-02,5.352703179439527048e+02
6.271558096503127011e+00,2.707877124676321898e-02,6.806246577558539457e+02
-8.889454866347024975e+00,2.776039192863290483e-01,-9.179395426376594003e+00
-1.941671260268705179e+00,4.588076536527060934e-02,-7.340143160228161889e+01
4.043446362122652005e+01,2.589739588088492139e-01,4.797661809646797337e+01
-2.986456706294884356e+00,7.467995070676416991e-02,-4.261262753595806885e+01
-3.100051046969781066e+00,1.176289449361336559e-01,-1.782914749787513387e+01
-1.189007462431320050e+01,1.189330992440340226e-02,-6.689123956212363737e+03
6.465763831192444400e+01,2.243994316707406678e-02,1.021801340643368894e+04
5.103869540071355004e+01,4.760349639168252045e-01,1.792305331819606096e+01
3.661719936372475104e+01,5.091602340576507624e-01,1.123999985538761770e+01
-2.837365685498504675e+01,7.512261659875381359e-02,-4.000958394679719277e+02
-9.779533364242498195e+00,6.485761334364993635e-02,-1.850062252147827735e+02
4.419700499000613902e+00,4.855552529170253234e-02,1.491783030725775916e+02
-2.448829635820628070e+01,8.246562926018580209e-01,-2.865515447204724619e+00
-2.730560727979896019e+00,5.636579592766020053e-01,-6.839284782921362105e-01
3.346007061590619713e+01,1.198826988000045723e-01,1.852695158960029573e+02
-1.379607205868171427e+00,1.069367627240361621e-02,-9.600448555136021014e+02
9.844458923459635002e+01,8.552453914257471257e-02,1.071027203784555240e+03
1.256369185825790424e+01,2.023506914048191913e-02,2.441732179880526019e+03
-4.470507115530089060e+00,1.343844523811364711e-01,-1.969921293546256535e+01
-1.118417660493340726e+01,4.333791852692459035e-02,-4.738687338416776811e+02
1.289497761554196487e+00,1.105605840354614566e-01,8.394794709915617048e+00
5.324211050792415989e+01,8.282140355774882112e-02,6.176752877433882531e+02
3.858343910318272396e+00,1.854987141355805488e-02,8.922966542676260815e+02
1.382912389184973057e+00,1.175460231920311127e-02,7.964690825837236616e+02
6.434022967569275941e+00,1.711148150825992503e-02,1.748628362378169868e+03
7.114452441045180819e+01,7.890800027093468338e-02,9.092630475406524511e+02
8.373967920084794514e+01,3.089333790412181480e-01,6.982191556023119006e+01
-3.623999547581934166e+01,9.209025652906706327e-02,-3.400563627286825295e+02
-5.945920041528482969e+00,7.773316626682527652e-02,-7.830626048287564345e+01
-1.101298651480256519e+00,6.340143391474309387e-02,-2.180203753693887592e+01
-1.514895007948584782e+00,5.189917270576433622e-02,-4.475605514627535086e+01
3.027025609978471365e+01,1.715553865724178395e-01,8.184601025393583029e+01
-2.036985799330265579e+01,1.989586625072896908e-01,-4.094986099303926608e+01
-5.443969704718681690e+00,4.090365444989352978e-02,-2.589295484665152571e+02
3.042403244740435220e+00,5.534712375750752006e-02,7.903451602773209572e+01
-1.422574832902763831e+01,5.936823587440615696e-02,-3.211862679211488967e+02
4.758188139532128957e+01,8.863076676333400128e-01,4.820174192013564785e+00
-1.540499872498994005e+00,4.109398443655410543e-02,-7.259309258535758147e+01
-5.129510212863731766e+00,2.394349094189501120e-02,-7.120181983881931274e+02
-8.803174049182818095e+00,3.687686636755540398e-02,-5.151354116685259896e+02
8.895795364282179207e+01,8.420127638745200649e-01,9.984758615568152251e+00
4.481730646383957861e+01,2.918290438241629564e-02,4.187731833744989672e+03
2.369057068478716133e+01,1.215226678863809140e-01,1.276588911562378996e+02
-9.029374145157374798e+00,2.830403520148094473e-02,-8.969145588501943394e+02
-2.028724595562005817e+01,2.183534439775237576e-02,-3.386048216130284345e+03
1.036644737670977756e+00,2.163896724325056198e-01,1.761761132353838688e+00
-1.246884110311266980e+01,8.313391920665604007e-02,-1.435686829725186726e+02
8.686440599481765901e+01,5.369880956929705684e-01,2.397191195765549310e+01
-2.359848125214796255e+00,1.430285912887121168e-02,-9.179699551718671273e+02
6.481293818197049461e+01,3.164783700919351905e-02,5.149484785995369748e+03
-2.551877337298344539e+00,2.476359473666563116e-01,-3.311483191072499999e+00
-4.707240464509023070e+01,9.188155408978965211e-01,-4.437106530333002397e+00
-3.232775888100407258e+01,4.290738845758229614e-02,-1.397338322444017649e+03
-2.413108503878979860e+01,3.998727299595621759e-02,-1.200945808684413123e+03
-1.431812985615983358e+00,4.351784018564678475e-02,-6.016470158353853748e+01
3.960619432371155568e+01,7.288978846191512817e-01,5.932255808809957287e+00
1.280998659981722243e+00,8.163316784874943277e-01,1.529697339637520193e-01
3.396220489494255901e+01,4.526005090387864582e-01,1.319337593815279064e+01
-1.515345852906875912e+01,1.213891638957873692e-02,-8.183556036040115032e+03
5.196013086395801395e+00,2.601810020828440595e-01,6.108143171163885832e+00
-3.192660021305015583e+00,2.951906759636976907e-02,-2.915664431962704839e+02
3.532977229125881280e+01,2.710955926218622247e-02,3.825481096335843176e+03
-2.173692366251419017e+01,2.792047736994957702e-02,-2.218924561556134449e+03
-3.690049904578251994e+00,2.068990124531612795e-01,-6.859706591321539371e+00
-3.047786747932793006e+01,2.212095392858767495e-01,-4.956407549899304144e+01
-9.290263912430457083e+01,7.428033608713605074e-02,-1.339894076582417483e+03
1.244475209771157864e+01,1.561018702420902300e-02,4.064060580524340367e+03
2.258577624958007402e+00,1.062260026531572504e-01,1.592808187121107544e+01
-4.994185704549261473e+00,1.031266984309083326e-02,-3.736909625080305432e+03
1.070839732537087308e+01,2.388762222207832520e-01,1.493374628223575940e+01
2.658350858657902105e+00,2.752290754788652705e-02,2.792632664506257925e+02
2.104371249602214533e+01,7.024229535524265100e-02,3.394025539431362972e+02
1.040882889883714491e+01,2.804087165220928157e-02,1.053438014850472427e+03
9.420000059466579145e+00,4.447369191911326042e-02,3.789960424169501039e+02
-2.829975480092988160e+00,4.233820658633703077e-02,-1.256342042233406175e+02
-2.891722720181438167e+00,6.066263204395682535e-02,-6.253228288935611090e+01
-9.073126482491122857e+00,1.110236394216509714e-01,-5.857552392216908288e+01
2.106769017120488030e+01,1.002054576759615033e-02,1.669645636842214299e+04
-1.519599288003985471e+01,2.044913819807513689e-01,-2.891806286171877005e+01
-5.431999164059816643e+00,3.742544570501978723e-02,-3.086141738264673222e+02
3.083291557244984382e+00,1.894751084955392448e-02,6.834400118125248582e+02
-7.937579438536876353e+01,1.765965143777780202e-02,-2.025414739048356569e+04
8.830604541361779525e+01,3.278980805332705750e-01,6.535861243224498196e+01
-3.870039608718983004e+01,2.433800279510785758e-01,-5.199189807962422094e+01
-3.274041217139115556e+00,1.325561471319379112e-02,-1.482772536708114103e+03
2.879739368143247713e+00,1.213600129604968103e-01,1.555937296730261288e+01
-1.539826088361357925e+01,2.606994813262309210e-02,-1.802940834438889624e+03
-1.999881045257658529e+00,3.257673392019900388e-02,-1.499613076939925236e+02
4.521257496540739140e+01,5.858402859817786190e-01,1.048312855434744861e+01
1.212488597282714409e+01,6.628158714331661150e-02,2.196251142813025581e+02
-5.729006364894793535e+00,2.888443767734561948e-02,-5.464388976026936007e+02
4.419072229735242274e+00,8.069063413508195115e-01,5.401009971347771055e-01
-2.804002904056759249e+01,1.526678339664144235e-01,-9.573560964712422106e+01
2.681703829639730863e+00,2.066790227750867071e-01,4.995835725049122544e+00
1.882976244977017188e+01,1.562829299899223534e-01,6.134962148481398003e+01
2.298650733504380650e+00,3.655181219310828927e-02,1.369131922569963535e+02
-1.017647231016900466e+00,3.180588625174078643e-02,-8.005203716885850440e+01
-2.859667870357403441e+00,3.150070150210405040e-01,-2.293323287612686112e+00
-6.249207929026481168e+01,2.303957332704363592e-02,-9.368417722282938485e+03
1.639170808317182981e+00,1.614810413875884809e-01,5.002317626399795714e+00
1.174959901110026461e+00,2.481228007296759908e-01,1.518727412556766909e+00
7.852820730805369465e+01,3.685760502280672340e-02,4.600039869273125078e+03
-4.182965204207174281e+01,5.870265982851253783e-01,-9.659593010787148160e+00
-4.511789091307159083e+01,3.257670279223354864e-02,-3.383176648361893513e+03
-3.996427150877440937e+00,4.729228334162920433e-01,-1.421940653644998553e+00
3.769314144576678682e+00,8.269930953885820668e-02,4.385798785382337428e+01
1.407329556424040229e+00,1.565814213242925843e-02,4.567783199530352931e+02
-2.403234634810307302e+00,9.174554228479091245e-02,-2.272042057326470754e+01
1.644188864133035466e+01,4.965019068501301813e-01,5.307622138468662598e+00
-3.564699281280168552e+00,1.377071596299068827e-02,-1.495891152156275439e+03
5.144909963510471584e+01,2.524031850617260986e-01,6.426555360515047255e+01
-2.177911479147837071e+01,3.422957898268408905e-01,-1.479201181589172087e+01
1.371342289894651012e+00,2.548948100273858430e-01,1.679631533568620494e+00
8.666595845357566219e+00,2.620184553126435681e-02,1.004557767993756102e+03
1.525115006453947863e+01,3.760842759177127070e-01,8.580693283991980280e+00
-8.353154408551228371e+00,1.477631247477859122e-01,-3.044447661523138038e+01
1.526071157416001256e+01,1.920448054278642291e-01,3.292757830443297706e+01
6.314194615204239192e+00,5.799797771819114461e-02,1.493765407745489142e+02
3.780785668845467296e+00,4.831046853634169552e-02,1.289109162132175754e+02
2.101827405184986564e+00,2.169045627284629796e-01,3.555083542087566606e+00
6.477343123301877448e+00,3.762698830256328564e-01,3.640727067822784324e+00
-1.176612478185034227e+01,2.282807186287582613e-01,-1.796739533881007844e+01
6.806696040481331522e+01,8.894489293328644575e-02,6.846749832288753623e+02
1.544119607582472575e+01,1.697975935985146234e-01,4.261946675764462356e+01
-2.331917462569983002e+00,1.137834020487925139e-02,-1.433327657631764396e+03
2.223512230403109857e+00,1.932577881252170796e-02,4.737570102220174704e+02
-7.904120807274976457e+00,5.827510887060076694e-01,-1.852155810035612360e+00
2.565060082289392085e+01,6.320269535413534090e-01,5.109947978034786509e+00
-6.304138194355859071e+01,7.329922714195170608e-01,-9.337208781070883035e+00
1.036166021494419809e+01,2.604824577776253952e-02,1.215241299783593831e+03
4.611905206998786255e+00,6.505279968347137121e-02,8.672384490187403117e+01
-7.783135046584966688e+00,4.431187328881535659e-01,-3.154310789552322358e+00
-7.321464889728911629e+00,2.906959217409745000e-02,-6.894618527535325256e+02
3.336365075260323465e+01,4.306428478911289437e-01,1.431624838250723641e+01
-8.178725480339464227e+00,1.165685768166237479e-01,-4.789749258447660196e+01
-1.731616644682790707e+01,4.449532040263044080e-02,-6.960063643963565028e+02
-9.721589530048954941e+01,9.316466841143450361e-01,-8.913021024137675496e+00
3.804635915659091694e+01,1.761431467639333615e-02,9.758245454606571002e+03
-8.190565903704133177e+00,8.438447563841490473e-02,-9.153326058440123347e+01
-8.893011347732787897e+00,4.010596718071397504e-01,-4.399679027516174123e+00
-2.856303448633799480e+00,2.570196595840659737e-01,-3.440818718179591063e+00
9.961700517348690553e+00,1.379771039558181922e-01,4.163988935800049518e+01
-2.291933731333244850e+01,8.785229233368015145e-02,-2.363121199406982669e+02
-1.669352692819744410e+00,1.693719398367308226e-01,-4.630792431760779593e+00
2.343175312726978099e+00,6.719913068657278055e-02,4.129216073731890191e+01
3.900256431242974831e+00,1.719745823923206698e-02,1.049433130181886554e+03
1.461739302668234375e+00,3.312546347931316082e-01,1.060073878944101100e+00
3.656205822256684002e+00,2.944431830614973600e-01,3.355967635321256193e+00
1.128719232038254461e+01,2.823580373034286634e-02,1.126615578210264403e+03
2.143203951388851536e+01,5.017742351714296056e-01,6.773871003470916641e+00
1.683668099466414247e+01,3.617538870091002029e-02,1.023811979383341509e+03
4.236946939854605176e+01,7.751600226658603154e-02,5.611260457127309564e+02
1.114259685190299365e+01,1.697252316505411945e-02,3.078107148310997673e+03
-1.007844064077484614e+00,6.876617093449803597e-02,-1.696031028630213910e+01
-5.656483535255470230e+01,2.533842137834140806e-01,-7.010961059117164496e+01
1.425077214337378884e+01,4.840905867840711863e-01,4.839218775983704646e+00
-5.132595299937372602e+01,5.987670506860744146e-02,-1.139229888535340024e+03
-4.000391437424984709e+00,8.053715180722334499e-02,-4.907949568860453837e+01
-8.264072052483053099e+00,1.449723736236769311e-01,-3.129058853484711733e+01
-4.924420407771929575e+00,7.046755853508693823e-01,-7.891631698915074766e-01
-1.339836549568391266e+00,1.268845939564939018e-01,-6.622533567969328239e+00
7.496311650446282115e+00,9.129699010436383988e-01,7.156898363841394106e-01
9.383597872808719487e+00,2.627565196306625925e-02,1.081564745483665320e+03
4.792406742021390897e+01,9.164600509085063518e-01,4.540636431743992674e+00
5.503278801480959714e+00,2.977331149544530375e-01,4.940346031853017905e+00
9.470579352523822081e+01,4.163369800956483874e-02,4.347871576844397168e+03
-9.724416495427233542e+01,1.594376014332292701e-01,-3.044192998894326365e+02
5.596438491882858557e+01,2.476605559976316762e-01,7.260862019409039192e+01
-1.299853151569554610e+00,1.619530759422559696e-01,-3.943719571126794499e+00
7.325269861682283334e+00,4.148991497056809807e-01,3.386325297850375726e+00
-9.686929035361686147e+00,6.059654534439479906e-02,-2.099329088043460558e+02
-9.853453437359885925e+01,7.946585596092818893e-01,-1.241702264623110707e+01
4.737021674878159949e+00,2.377390473804879001e-01,6.669518346846576407e+00
-8.409380823305612296e+01,4.146878577152508794e-02,-3.891450565453322270e+03
2.530944024760794164e+00,3.142722496713095670e-01,2.039203685934327215e+00
-2.093229698505879455e+01,1.719543925558978115e-01,-5.633528233419528419e+01
7.726860547904851728e+01,1.202125600378105424e-01,4.254940764205122150e+02
-1.091427980484920823e+01,3.366456062384630410e-02,-7.663714513933755370e+02
-2.429091813442177283e+00,2.901263258147931956e-01,-2.296464784826017791e+00
-5.445547567503007613e+00,3.300582970310034919e-02,-3.977868140225885440e+02
-4.287105625651716601e+00,2.220264832278879066e-02,-6.920616115844229626e+02
3.570403990849619902e+00,8.319136548017134203e-01,4.105357572887698980e-01
-7.103073021821577981e+01,1.026831425247329010e-01,-5.360905016809183508e+02
1.683712574082735447e+00,3.053123012624257560e-01,1.437373010353804492e+00
1.386397695728497759e+01,5.904894667471958236e-01,3.164125158289122108e+00
6.080566463546002609e+01,1.792691119646541986e-01,1.505647271864014840e+02
-1.581556294350707326e+00,9.360430717823742253e-02,-1.436425560579364635e+01
-9.446529049978524384e+00,4.571620147044705429e-02,-3.596848324822327072e+02
-1.767536764156361073e+00,5.560796572634487678e-01,-4.548671524774848818e-01
-1.602272091663469844e+00,1.497018357994368137e-02,-5.689474455956276415e+02
-1.512309827813952845e+00,1.081634025472653082e-01,-1.028656155336423517e+01
4.298470736470844322e+00,1.571584765571743675e-02,1.384932126961089580e+03
1.319154059882881036e+00,4.313460206417544379e-02,5.642012743022874588e+01
-6.995209915993677896e+01,1.407430867716603917e-01,-2.810196859422989064e+02
-2.549252302109576007e+01,6.035929587263653140e-01,-5.568197442261769936e+00
1.890105975188376419e+00,6.075863275757651394e-01,4.074368505742337887e-01
2.905902059330523812e+00,8.922706429571725106e-02,2.904543600677552107e+01
-6.128609636134063621e+00,6.236753196233011526e-02,-1.253819382208783821e+02
-1.889040903136264404e+01,1.071321235559328094e-01,-1.309761048682954652e+02
-1.373787776057723953e+01,3.478167836132663865e-02,-9.036676060041048686e+02
-4.485944894865729893e+00,9.686008539166106601e-01,-3.804997495402104857e-01
-4.002891618562832932e+00,2.315885326806497654e-02,-5.939226188411180374e+02
-9.859946722917872108e+00,2.219923460899529410e-01,-1.592167307951067023e+01
-5.725440037719252473e+01,3.472003111204692849e-01,-3.779538688955077674e+01
2.610344114766459711e+01,4.289948047771312001e-01,1.128713796005346026e+01
4.812974703502721496e+01,2.466422603593456941e-01,6.296058162885458387e+01
-3.312432304685204087e+01,1.192435078823042005e-01,-1.853820414579825808e+02
-1.136285112446635814e+01,6.187604349023141381e-01,-2.361741606210617572e+00
1.251811110370129754e+01,1.260668706403232642e-01,6.267971207449228643e+01
7.222689842928941673e+00,3.733297937488394558e-01,4.123858935605671405e+00
-9.422480767591396855e+00,6.020095230549109971e-02,-2.068943700896211055e+02
-1.616649793098352461e+01,3.403124142195270152e-01,-1.110837425021690983e+01
-1.392963883055802210e+00,5.037811818723200163e-01,-4.367632714106219338e-01
2.290289573809361556e+01,3.855352456481280637e-02,1.226174717509858738e+03
-6.058698040714683763e+00,1.172630163807133891e-01,-3.506285868415105966e+01
1.618241750890935693e+00,2.030653654540905823e-02,3.122926936802327873e+02
1.143404485539998738e+00,1.456123506046131388e-01,4.291346693838225868e+00
2.999817878024111906e+01,5.607400948348137959e-01,7.592097967558187221e+00
-2.149480266799591810e+00,1.104938088360797772e-02,-1.401030886337635366e+03
-1.010052121774494438e+01,4.170546181249988604e-02,-4.621128574007209977e+02
-1.976770292669614548e+01,3.952112910697561099e-01,-1.007134919723301358e+01
1.933926285832108150e+01,2.483541233392827854e-02,2.495096245276984064e+03
5.253408308123312054e+00,7.188040827656090592e-02,8.091149433562290483e+01
1.926255053100054626e+00,4.438888815341802963e-02,7.779566418214479029e+01
-4.939397738472735000e+01,2.298383736194190355e-02,-7.440790122496403455e+03
-4.837611217804682440e+01,4.619859670037289312e-02,-1.803696783670272453e+03
8.854948294768510664e+01,7.207248705903616937e-02,1.356554192515878412e+03
-8.675149661136615009e+01,1.665213554262202217e-02,-2.489586597671532581e+04
-8.814266268346506195e+01,1.445632809434614988e-02,-3.356296417956854566e+04
-3.307853160346145849e+00,2.955371056056500523e-01,-3.013785416913521420e+00
-2.882047013901773092e+00,1.032481416580516460e-02,-2.151427471299998160e+03
1.795565085243400816e+01,1.175554121712093919e-01,1.033965459084851091e+02
4.636116826339683250e+00,8.081039187287498982e-02,5.649500893850884609e+01
-1.748266518059054064e+01,2.301863532263302148e-01,-2.625660864671439043e+01
-2.160363830888861969e+00,7.262156373570595458e-02,-3.259761613382323020e+01
4.185185696380644416e+00,8.680694690742374320e-02,4.419731682516999882e+01
-2.059418857283443316e+00,4.804398549589197764e-02,-7.099974136453330686e+01
-1.028375799362168941e+01,7.252820189012229579e-02,-1.555708278027647964e+02
1.000477112861632545e+00,2.745922794309924586e-01,1.055894796274475800e+00
1.138195837750775707e+00,3.958920068649742219e-01,5.779012879746274756e-01
1.425510119192058944e+00,7.605420175090944479e-01,1.961164465720913186e-01
-2.015658379007348788e+00,5.063156978758508869e-02,-6.256972974822305389e+01
-3.637561464267005995e+00,1.640897659305709244e-01,-1.075071837702114230e+01
-4.274158741833527841e+00,9.989809491403023323e-02,-3.408210196366661648e+01
3.925279567819325877e+01,1.110284334289550999e-02,2.533916534493488143e+04
9.745805136712134242e+01,1.766700876303653189e-01,2.484744915966470842e+02
1.893080074438769467e+00,9.275397757587529324e-02,1.751031807813540553e+01
-2.402445959855371349e+00,5.489728782724618839e-01,-6.343690493297314825e-01
-1.017801712044553852e+01,4.367198663605680320e-01,-4.246659264116336985e+00
8.255940584669682281e+00,4.143184308295740775e-02,3.827261956024791516e+02
1.042590167151078662e+00,5.977232111807102150e-02,2.322220843040532756e+01
1.412684290910226714e+01,1.330739213997395379e-02,6.348181604017726386e+03
-1.383801580656535579e+00,5.821710844166637366e-02,-3.249097145306912893e+01
-8.090829087775903261e+00,1.892829753340316001e-01,-1.797049562667486100e+01
1.361299754643410154e+01,1.411802027752473154e-01,5.434959342063866927e+01
-2.640750228742081873e+01,1.443039711648112511e-01,-1.009162017813434460e+02
1.399838175052668099e+01,1.067938988752991092e-01,9.767312536349648155e+01
9.013448307355525912e+01,1.138133099237095651e-02,5.537261081558888691e+04
-2.773937430099315815e+00,2.313096861961199124e-01,-4.125714371135861036e+00
-5.428628194762608494e+00,7.079155070238431213e-02,-8.620200800404690256e+01
4.758028045467051825e+00,1.560321066010199667e-02,1.555210535404144821e+03
3.793387643005480481e+00,9.734232036626666584e-02,3.185766729115475471e+01
1.004371052255055963e+00,3.325309628419099994e-02,7.228033278029225528e+01
1.066361031110415025e+00,2.796129457595608950e-02,1.085375095259094991e+02
-6.633617140481702279e+01,6.004703203574929260e-02,-1.464055181791073437e+03
-1.695136095312245184e+00,5.661285896659046246e-01,-4.208860510940430899e-01
-2.912757301011561051e+00,3.290420864515133936e-01,-2.140876104373275357e+00
1.471823621816175320e+00,6.128990515016583540e-01,3.117941813924488548e-01
1.345713439630518415e+01,1.708767486430945795e-02,3.667556237352996959e+03
2.187952981905287420e+00,5.856197819799855570e-02,5.076877024964164775e+01
1.530909531431838388e+00,1.308636954229509299e-02,7.113794295409957158e+02
1.800919195733541400e+01,3.288665157533098710e-02,1.325089000491190745e+03
1.267291701080851318e+01,4.303940411874150884e-01,5.444201953968675234e+00
-8.673917037305919564e+00,1.435016853528234826e-01,-3.351902648351463654e+01
-2.197522777885263778e+01,3.931266484229825053e-01,-1.131510409445702159e+01
1.618364775712592518e+01,8.185546267446855984e-01,1.922078930261304830e+00
2.119236090718569798e+01,2.330142346171029111e-01,3.106022321336284975e+01
-3.529276204973847975e+00,4.601420173608978398e-02,-1.326453407214946765e+02
-4.033015726821561842e+00,5.455744454228995677e-01,-1.078231491068536441e+00
8.621671230449810253e+01,1.288714611471492855e-01,4.131122646848647264e+02
6.780859385296845687e+01,2.510483507386346291e-02,8.561702425796969692e+03
-8.450265405144438802e+00,3.758430919000615988e-02,-4.760442688629286181e+02
-1.132077854708191467e+01,5.393142780314510443e-01,-3.097295165707079967e+00
7.139426351681994909e+00,2.337521600358727913e-01,1.039781744821139853e+01
1.975563256984489868e+01,2.016290154101068044e-01,3.867007527123992361e+01
3.192267755748193636e+01,5.402507927624428802e-02,8.703593948326157488e+02
-1.916978445047992308e+00,4.334418401132957011e-02,-8.119806927478605019e+01
1.798635834286861268e+01,6.716965484365999828e-01,3.172394178885577176e+00
-8.367672014715836326e+01,7.759952719924624320e-01,-1.105800124626634684e+01
2.400577203065132537e+01,1.303719356298401744e-01,1.123925659648519400e+02
-1.158777190251806033e+00,1.428835336429058571e-02,-4.516746424417269736e+02
5.752369820608895168e+01,7.544267488883428519e-02,8.042716834794357510e+02
-1.020437900849123913e+01,1.181528010525901146e-01,-5.816860823503507305e+01
3.751531223451922692e+00,4.444734615715738996e-02,1.511148103777863128e+02
-2.112036232566093741e+00,2.053659248382531943e-02,-3.985058762277212736e+02
-1.943034955607182113e+01,4.264559383568810452e-02,-8.502025772090660212e+02
1.097543412129955209e+00,1.413206853112990505e-02,4.373210414343973298e+02
-1.294277673602096224e+00,2.488513075747259551e-01,-1.663174208033576962e+00
-9.079044666042623390e+00,3.205349345818338941e-02,-7.032011134106417103e+02
-4.434361057519657123e+01,5.289045263249112505e-01,-1.261440063786957211e+01
-9.318842092048308245e+01,3.206486488290703069e-02,-7.212623461868595768e+03
-5.298084952589398711e+00,4.759249389228983190e-02,-1.861367505584450726e+02
2.674532457797823781e+00,3.047388391026147891e-01,2.291829953548961463e+00
9.344724057920012683e+01,3.220767030712909929e-01,7.168660178362070212e+01
-1.829864853783758294e+00,2.742219460229356476e-01,-1.936443075094439692e+00
-4.088904037697905380e+01,7.977789101469785482e-01,-5.112483880849797657e+00
-8.020831161790931674e+01,1.171896399947920525e-01,-4.647624905359288618e+02
-4.054847419189235858e+00,2.213301277286441326e-01,-6.586938117245304092e+00
-3.703846634921330150e+00,6.936889512804314539e-02,-6.125105547874932199e+01
-3.850467838165337220e+00,1.248392104989024809e-01,-1.966081919110867915e+01
2.197564437223047307e+01,7.109979059947769964e-02,3.459354835023179362e+02
1.258204448526120123e+00,4.906492703510044184e-01,4.159096888834730166e-01
-1.276709908323365106e+01,2.873212159057916271e-01,-1.230685187789603319e+01
7.672325206298221900e+00,7.092732414462170620e-01,1.213640295773289024e+00
-3.433587159526874100e+00,8.513429910491701613e-02,-3.769893507130671395e+01
4.021582539500249354e+00,1.982185482848541347e-01,8.145139755216582955e+00
3.472503848668936399e+01,7.650957615262149458e-01,4.720644321374396490e+00
-6.452640104776419605e+01,4.874163684761166904e-01,-2.161361244247439473e+01
1.436544079359471260e+00,3.088782014321434510e-01,1.198214505979501077e+00
3.789491743846009797e+01,1.245165527480935654e-02,1.944987989217950235e+04
1.590650114706626761e+00,3.404513409155199982e-02,1.092080616988339159e+02
-4.469207773524858851e+01,3.822918627787907919e-02,-2.433495645540264832e+03
3.757011576686664522e+00,1.392632045649169481e-01,1.541558110014542926e+01
5.664362653162847749e+01,1.255792598139254986e-02,2.858283806417022424e+04
1.630994723475440056e+00,1.775994062007615337e-01,4.114903673817160268e+00
-1.280392470168473018e+00,4.776095461262292591e-02,-4.466704788905565948e+01
-9.764833269856419307e+00,4.968562274286198593e-02,-3.147701154162552939e+02
-7.193509073195084369e+00,1.907917349477674177e-02,-1.572576629513808939e+03
1.667854376044928699e+01,1.267094555438061203e-02,8.266662650899885193e+03
1.586066664885402488e+01,3.623389942930251018e-02,9.613497645879942866e+02
2.651575596277745461e+01,4.912119227815991279e-02,8.744930257694478541e+02
3.470345775486780582e+01,5.814443477062630761e-02,8.168580225622305306e+02
-8.435772074006978016e+01,6.964759526326952388e-02,-1.383893663854224997e+03
-8.807808228878863943e+00,2.275044321191532493e-01,-1.354185822477420054e+01
1.459775935520593215e+01,7.745454040140807572e-02,1.936344264349301909e+02
3.233348499157426392e+00,5.045304675537427563e-01,1.010806107926612407e+00
5.479774732518221114e+00,1.523152939829289232e-01,1.879601640372165150e+01
1.011863458496443968e+01,3.063724792859753507e-02,8.578523520018094359e+02
-2.347672770347379423e+00,3.133573355027214347e-01,-1.902602080547914243e+00
-3.317175898488279540e+00,8.275457644171724247e-02,-3.854558105923185707e+01
-3.023014223178812188e+00,9.201031162339309288e-01,-2.841563223390116688e-01
1.747226921843281389e+01,2.856106460237006067e-02,1.704475117694527853e+03
-6.810971487949409209e+00,3.307323101114867381e-01,-4.955026135180752966e+00
4.784305761271731683e+00,1.320249084427168630e-02,2.184224696710100034e+03
-2.921236316122881860e+01,2.406222364656763341e-02,-4.014997775232578533e+03
4.504636082930256968e+00,6.684160047966807017e-02,8.023357926576018428e+01
2.773297665369923948e+00,7.570600034206388385e-01,3.850578816400127558e-01
1.622046039568463938e+00,2.514778735805741627e-01,2.041050517792722285e+00
-6.050228920708022429e+00,1.271619952138119958e-01,-2.977469189645742986e+01
-3.334341996012460640e+01,8.374836393693374514e-01,-3.783098203566281015e+00
-9.819015375760172049e+01,5.377982552192377419e-01,-2.701589117809054130e+01
1.399223655835364255e+01,5.581098071791926879e-02,3.574686553977707035e+02
1.370007836470400875e+01,2.117528007044085225e-01,2.431391314828343653e+01
-5.952037141040435131e+00,2.555647102240025947e-02,-7.251936636635483637e+02
-1.360979392275988786e+01,3.649371543688368497e-02,-8.132152657614077498e+02
-2.000527267616611926e+00,7.271931185140539933e-02,-3.010475452578177880e+01
1.652095538334021674e+00,3.188809973496798955e-01,1.292909167748742982e+00
2.707470088062230218e+01,1.731277022065913773e-01,7.188208624893611898e+01
-1.513938623879867551e+00,3.270672698109429732e-01,-1.126222588046275508e+00
4.581324330646261700e+01,8.098716932710810223e-02,5.558386409258908998e+02
2.008250992756706310e+01,1.185915748822409105e-01,1.136319483819286091e+02
-9.797102856281716399e+00,2.505149403485665838e-01,-1.242282994409341157e+01
4.599736499837096204e+01,2.112331188534810611e-01,8.203497810891531117e+01
3.224134413522712350e+01,2.694970397146444555e-02,3.532606608495535511e+03
4.131445057013716671e+00,7.541504073242759343e-02,5.780643379686610928e+01
4.957647572648954082e+01,8.016911986293381864e-02,6.138348691917486804e+02
-3.462346942192677801e+00,2.154166238972871072e-01,-5.937481775025376329e+00
-4.476364364669835005e+00,2.113448464512915626e-01,-7.975028455007328709e+00
-8.550736907184399627e+01,5.009891215093829064e-01,-2.711047261540484499e+01
9.791213429142345603e+01,1.070142858602057684e-01,6.803668391874526833e+02
1.257767909384029181e+01,5.960608301384826557e-01,2.817146805895231587e+00
2.515489684147940963e+01,1.766814863335107108e-02,6.412547401314998751e+03
7.596360590369279464e+01,9.640386818362602084e-02,6.504393206454305982e+02
-1.866443296872357749e+01,1.280893001615550364e-01,-9.052722979369178802e+01
3.160723197422598219e+01,2.807330952607103303e-01,3.191459750961639585e+01
-2.219387236138319341e+00,3.355374063916795047e-01,-1.568705190563415952e+00
9.693424567197661190e+01,3.368556984893550377e-01,6.797975168181957883e+01
-1.882304699811512450e+01,2.398733706192572590e-02,-2.603250659653224375e+03
-9.050872192997932331e+00,1.248903831800296238e-01,-4.617666587969159764e+01
1.479402861974395655e+01,7.607649756151284581e-01,2.034115317350833063e+00
3.699980605319427962e+00,1.256576556239449513e-02,1.864711622686322698e+03
1.529492778450330492e+00,3.001979235203194873e-01,1.350585861383157615e+00
4.558854215676345412e+00,9.592451029078512270e-02,3.942635780536125623e+01
1.292715015478430374e+01,3.566624094459217020e-02,8.086828836755345264e+02
-1.703189433023854615e+00,3.986930313568843864e-01,-8.526598242578187214e-01
2.563258985589671468e+01,7.825296004554170848e-01,3.331049416988021594e+00
-3.898040528939858973e+00,3.303587649221738365e-02,-2.842266646138537567e+02
-7.092187120731833438e+00,1.250993804309969044e-02,-3.606284654826970382e+03
-4.590149474324410050e+01,1.153472917613333759e-02,-2.745378067422953973e+04
3.807069158245611984e+00,2.738892492828345210e-02,4.038600836325152272e+02
-5.542050144069526674e+00,2.808947693134884738e-02,-5.589504148202017859e+02
3.823553566296361783e+00,3.974037348682350757e-02,1.926608296239632523e+02
-3.120429903177827313e+01,2.139239020051845325e-02,-5.426076893568999367e+03
-1.117771123036189085e+00,8.029694907738907927e-01,-1.379573784179213558e-01
-2.561317762123356800e+01,5.374361410011913726e-02,-7.056670853984452378e+02
1.202191037381344252e+01,2.608225899938274722e-02,1.406284582484718385e+03
-2.891825135712829109e+01,6.329699146685358047e-02,-5.743756598516910117e+02
-1.946839464555900534e+01,6.438123110526992876e-02,-3.737676613081677033e+02
4.994724403738286078e+00,1.130510924434194597e-01,3.109940922617628090e+01
4.985750360662504654e+00,4.351801093707712703e-02,2.094993073015297398e+02
1.651925153129848223e+00,1.491160452143488746e-01,5.911963553112452807e+00
2.053185578598590766e+01,2.338673227873393559e-02,2.987302848572445782e+03
1.792238983121436746e+01,1.310614310251971559e-02,8.303023063096521582e+03
-3.019038167981619392e+00,2.840002857623732946e-02,-2.978661729230798869e+02
1.657618324111153507e+00,5.538456829498076273e-01,4.300283870815392873e-01
1.228945724464768352e+00,3.843984881489622696e-01,6.618498841258654286e-01
-5.149762246447254554e+00,9.628019586113646666e-02,-4.420825624296409728e+01
-2.952625487726587394e+01,4.571032009861979439e-01,-1.124527227514744432e+01
-4.205721633259918235e+01,1.444565713092891002e-01,-1.603821588636710374e+02
-2.854781122355894762e+00,6.405269985442548775e-01,-5.537172735825025560e-01
2.297089193036542909e+00,2.906299872853424643e-02,2.164148952598814049e+02
-3.927498561950494071e+00,3.740920634878941442e-02,-2.233310879296503799e+02
9.368917945320811214e+01,2.392017208849542276e-02,1.303019670123430114e+04
9.407351304640019407e+01,3.508411185005574917e-01,6.081861482634560900e+01
-5.485038193652895799e+00,4.598717330597881792e-02,-2.063936639308298027e+02
9.811927175150603375e+01,1.440951701919106209e-02,3.760500091362572130e+04
3.182301976659011444e+01,1.305151559840577735e-01,1.486653066584079852e+02
9.093762595121997094e+01,1.600557426912619652e-01,2.824822906425878273e+02
8.031124324696325800e+01,3.169204162879293296e-01,6.363060456123334774e+01
-1.576510383647984881e+01,5.180116472100013830e-02,-4.675283191152561244e+02
2.101356026469936911e+00,4.941166509456181855e-01,6.849057267068376920e-01
2.709133943205829453e+01,1.970685018856000587e-02,5.551191167205385682e+03
-1.993857942273931538e+00,5.017478568280108603e-02,-6.302506414521408828e+01
2.451749630256713441e+00,3.877837926376796474e-01,1.297438995241140480e+00
2.588333341957389067e+00,2.006067953783440549e-01,5.118221327996256953e+00
5.175070896285904354e+01,1.596720325996614509e-02,1.615283408269818938e+04
-6.576312194535543654e+01,1.523185103012459907e-01,-2.255626513932859041e+02
6.498764766222315359e+01,2.178406907409254425e-02,1.089790310917458919e+04
1.010971399046710673e+01,3.460601488659464930e-02,6.717780737912230506e+02
-7.922291857183729746e+01,3.438394821733795070e-02,-5.332483073277669973e+03
9.284343788230596317e+01,1.550615641414529733e-01,3.072791045018180398e+02
7.644253568013971289e+01,4.235742773134594519e-02,3.390518071676875934e+03
-1.365728181321189361e+01,5.981146527870216945e-01,-3.037984284756351183e+00
-2.429642455359871889e+00,8.855252840799313074e-02,-2.465645137386975350e+01
5.569770096895499734e+00,3.476523879693092511e-01,3.667220059344651339e+00
1.102367251797399561e+01,7.233287096479920630e-02,1.676660113919800494e+02
1.447948539917107880e+01,1.053902574734888603e-01,1.037390656877670949e+02
5.536004961293014226e+00,3.403796070205757085e-02,3.802415236668769012e+02
4.264780218577153192e+01,7.424214167963727462e-02,6.157236113487518878e+02
1.040851727088201173e+00,3.054545606320685155e-02,8.877399727386135453e+01
-8.757590839261704119e+00,2.493435577655949142e-01,-1.120929975101699583e+01
4.086469197172655043e+01,3.427459570844667430e-02,2.768175905848747789e+03
2.153181980489815928e+01,1.734970018984689499e-01,5.692288771012751170e+01
-5.447887779623522775e+00,1.049752410306495770e-01,-3.934092146872787055e+01
2.228292588905394922e+01,3.988587514869873507e-01,1.114612991872893488e+01
-3.631653207946592410e+00,2.649801780623777803e-01,-4.115927641199618847e+00
-2.732463643973608214e+01,4.699997337743366810e-02,-9.843494532101287859e+02
1.157570171381387247e+01,8.225308903567368768e-02,1.361548227939446463e+02
6.875412816074326372e+01,1.892551033313424891e-01,1.527543958395633013e+02
1.416132548385526846e+01,3.748964099479672879e-02,8.018100168983149842e+02
9.625399123158140924e+01,3.868885887725630884e-02,5.117254798548132385e+03
-1.711041678044137626e+01,1.886623687575326169e-01,-3.825429110782601327e+01
-2.741863711435671203e+00,4.069320121733274731e-02,-1.317626400335347796e+02
-3.515571486469826201e+00,7.635266015307579091e-01,-4.798856065716879393e-01
-2.582820380210376410e+00,3.739104401857980264e-02,-1.470107717751474183e+02
-1.697871949343536357e+01,4.915998948898775978e-01,-5.590768462444563269e+00
-1.302305631982718426e+00,3.061324347139370017e-02,-1.105819804706040372e+02
4.948820255490261388e+01,2.064470315107208923e-02,9.240054463485788801e+03
4.433481976692264226e+01,1.086280011427651765e-02,2.989864501716236919e+04
4.134851748624522116e+01,4.684193403150505031e-02,1.499617302570067750e+03
3.234625638891950672e+01,2.017943448810496226e-02,6.321151189640590928e+03
-2.689871649289795030e+01,6.391644874697205436e-01,-5.239579317446134255e+00
1.653878746083616402e+00,2.974370227412706860e-02,1.487660224792798260e+02
-3.091584458457602125e+01,6.140747379217939561e-02,-6.524222869958642832e+02
3.344981951321835822e+01,1.234803333700751002e-02,1.745775233712708359e+04
4.112425047928983446e+00,1.423637051051235280e-01,1.614691529906435008e+01
-3.255635209470357783e+00,9.280861485545661704e-01,-3.007802325002013610e-01
6.142157831239038579e+00,8.492531188643234197e-01,6.776989411038029099e-01
1.391310395231159402e+00,8.703108269771117622e-02,1.461724052545035235e+01
3.512653517242394940e+01,8.693100152355524024e-01,3.698929751896715690e+00
-7.618019124294786337e+00,1.914833531663502897e-01,-1.653370355155524507e+01
-2.342415678602090523e+01,1.585752500669193946e-02,-7.412817231117326628e+03
-1.142579776683125914e+01,7.058887399005829844e-01,-1.824753311331992922e+00
-3.145713933227601800e+01,6.208707651686189155e-02,-6.493920092992989339e+02
-1.050509306009225430e+00,1.108101794406015500e-01,-6.808175206362832022e+00
-1.715259071526721257e+01,3.448852994513414844e-02,-1.147547033062292485e+03
1.743272945270560825e+01,8.224500474307321063e-02,2.050862132121123693e+02
-3.382534803476151541e+00,6.876479966444226655e-01,-5.692460761040788464e-01
2.600372886121317606e+01,4.392608610604070152e-01,1.072459122853487834e+01
-1.532939756972281486e+01,1.795632436300911502e-02,-3.783383278313378469e+03
2.213194533585419066e+00,4.356186568123164848e-01,9.281042933277527940e-01
1.016101437185488843e+00,4.989939819672753463e-02,3.247405977671134991e+01
-1.570901738628672462e+01,6.122606245838514427e-01,-3.334774684569099090e+00
6.624694596565612770e+00,2.023500353324043100e-01,1.287506495143429142e+01
-4.453477690779876497e+01,4.095059223435227880e-01,-2.113338393909382873e+01
-5.650077016249370310e+00,8.999205230177196313e-01,-5.551830409592700688e-01
2.461280332798229775e+00,7.298562904434207077e-01,3.676855026088185485e-01
2.831481328814632548e+00,6.438666872348418335e-02,5.435154906864529067e+01
2.234101739420869848e+01,2.592178422186144915e-01,2.645838309532494037e+01
2.264841755214256835e+01,6.382846038607913330e-01,4.423838474519565800e+00
-3.707703907431560975e+00,8.189265595913541862e-02,-4.399519709929572997e+01
-8.053851280847005967e+01,1.318438761457284281e-01,-3.687005764782799702e+02
1.863657834678832970e+01,1.208188749422958591e-01,1.015983700988085872e+02
-4.147966459973390840e+01,4.695762028402077071e-02,-1.496970399164367564e+03
1.734432118722140537e+00,4.402869913896634291e-02,7.119930184475994395e+01
-1.098714329418213564e+00,9.245645946627874256e-02,-1.022822816782356092e+01
-5.367599866504148665e+00,7.314298820874583218e-02,-7.984079836947607589e+01
-4.074572135576775622e+01,2.309918123542381019e-01,-6.076856405456849330e+01
-1.134513567100858600e+00,2.749109773337864854e-02,-1.194581173923617285e+02
1.307591304973280577e+00,8.190179110579139943e-01,1.551227020907736398e-01
-5.354049952098055343e+00,1.497846973957302208e-02,-1.899055520912801512e+03
1.733962327758346333e+01,1.435357168299871214e-02,6.697455375052590171e+03
-7.595546720606471069e+01,4.843444217802076596e-02,-2.576561842338272982e+03
9.406129985945828054e+00,1.300579031380539458e-02,4.425146126311298758e+03
3.184781501855587749e+01,1.799795266557909640e-02,7.823904981618260535e+03
-7.785024763182403440e+00,5.078289444987651308e-02,-2.402233578494027313e+02
3.625807323877125565e+00,1.406810442343823207e-02,1.457886422252950069e+03
9.217738671807218509e+00,1.711293171123966575e-02,2.504757541132567894e+03
5.701589274473676738e+01,1.501881524981484549e-02,2.011475350355677801e+04
1.135638444722313789e+00,5.001446230753181510e-02,3.612759185224479097e+01
-1.227976360917068632e+00,1.666395865926210973e-02,-3.519036597476427346e+02
2.144778023989423410e+00,3.372838544470728173e-01,1.500311307545129980e+00
-2.256388685150401585e+01,9.792150232390968434e-02,-1.872612480504801908e+02
1.740758807283986354e+00,3.081499075961948719e-01,1.458829891502177567e+00
4.240796338849028402e+00,7.024079334949370201e-01,6.840041488400515624e-01
2.192633690088758414e+01,1.946358304737378364e-01,4.605858948351355053e+01
7.741644755170624670e+00,4.672837846128146538e-02,2.821382403414858118e+02
2.540486578728828437e+00,1.936942805277682561e-02,5.388568984299757858e+02
-6.293518854821235209e+01,2.345320235081896076e-01,-9.104987888078174763e+01
-5.935776055177705501e+01,1.191617718381892538e-01,-3.326547576354761304e+02
-9.038756378025692584e+01,9.799112799963869413e-01,-7.490750001488074794e+00
5.339867426226940772e+00,1.188523703352492578e-02,3.008187593655142791e+03
6.058985506921913178e+00,1.113722041201751188e-02,3.887195830995908182e+03
-3.295239917027429755e+01,5.021132593768751901e-02,-1.040096885225130109e+03
6.502000024126529354e+01,4.056904977835443932e-02,3.143745867250118408e+03
1.207099147946303042e+01,1.019623623145167815e-02,9.239602796224437043e+03
4.188551629507023222e+01,1.041363384079998372e-02,3.073614545325901418e+04
3.845467070347914795e+00,9.885445642824478019e-02,3.131458985954638763e+01
3.390614652191895573e+01,1.511430018230210288e-02,1.181115812018350516e+04
5.629491803282925311e+00,4.225112703987889823e-02,2.509474175444872515e+02
5.330363066841925246e+01,7.760496823604140504e-01,7.043165217348368756e+00
3.158296913602848033e+00,2.324685030729420343e-02,4.650662820680586833e+02
-4.993759029779064917e+01,3.835030107558448642e-02,-2.701967757729600635e+03
-3.120876265842685626e+01,1.679321171547706049e-01,-8.806415248820054842e+01
-3.862660270332724366e+01,2.290146237994280243e-01,-5.860709811479691922e+01
1.586825947142599835e+00,2.684564331772817947e-01,1.752152077397139740e+00
-6.802335981340402782e+01,4.872102924773998034e-02,-2.280422441032751976e+03
3.342179744680715991e+00,2.949305070337776558e-01,3.057599114400008311e+00
4.904695324121014721e+00,3.200717451253645707e-01,3.809846647596619729e+00
-1.210500191866168684e+01,1.810457854925867360e-01,-2.938855004650062952e+01
-1.015353513519555051e+00,2.243766581229321155e-01,-1.604915093081242805e+00
2.185495271978794118e+00,5.275449412208357836e-02,6.249151904445343320e+01
1.258120884205434553e+00,5.487812355366017414e-02,3.324405569324942888e+01
8.232953086956007027e+00,3.007091979588324415e-01,7.245232925556972070e+00
-2.054581428712302227e+01,8.407809180953032535e-02,-2.312851775876437159e+02
7.332323669333081284e+01,1.002439483679899712e-02,5.806513437057070405e+04
-1.495276855277772476e+01,3.420635239089626634e-01,-1.016946758012280227e+01
3.633294133229418321e+01,5.187118463774217231e-02,1.074579028091401597e+03
-9.075831808109450094e+01,3.093333894037509912e-01,-7.547845025862827129e+01
-1.566200969461186032e+00,1.165193053116855143e-02,-9.179982452191414950e+02
-4.354244853242705382e+00,3.533883399604292180e-02,-2.774588305204075027e+02
-2.253988203249815214e+01,2.383418118184853773e-01,-3.157485042159609279e+01
-1.512605651792894257e+01,1.337672145304377898e-02,-6.726923476319201654e+03
2.326562277735544804e+00,1.849080900001864869e-02,5.414931823979694627e+02
3.794237643089803491e+00,3.841153205326797160e-02,2.046404138805955597e+02
-1.253740393940430575e+00,1.377703895033584834e-02,-5.256370654152595989e+02
3.031879413000463330e+01,2.541148004988207434e-02,3.736303433141399182e+03
-5.319289619600273511e+01,1.355658601748205294e-01,-2.303260739875589138e+02
-8.693823736045729333e+01,1.024696549507597698e-01,-6.588862115092214253e+02
-2.470150895216872655e+01,3.456137196344918894e-01,-1.645628013741985995e+01
-3.765894500898647124e+01,2.022789834072688531e-01,-7.324142082582767443e+01
2.676963138712161072e+00,2.672828900736451754e-02,2.981880327814658358e+02
-1.542458964826585976e+01,5.417122563402541890e-02,-4.182793568740864885e+02
-4.560739320195043689e+00,3.050820719825571015e-01,-3.899348138718163437e+00
1.000021248322114964e+01,1.000597902886735807e-01,7.948408648957666855e+01
-1.286462491980921108e+01,1.571652752969716557e-02,-4.144518373023336608e+03
8.400324305247565349e+00,8.282196871695032270e-01,9.745297228760188002e-01
1.742979284519699235e+01,2.832294024184700554e-01,1.729042583624254448e+01
-6.376499075542245265e+00,6.266001481190723865e-01,-1.292383636672879366e+00
2.577497878624190619e+01,4.150374185744140632e-01,1.190731783280633849e+01
-1.347419023188834108e+00,3.498280935794064739e-01,-8.761600437718425338e-01
-3.477668110908194166e+00,4.519274592184741590e-01,-1.355004723234148889e+00
4.261872691065975438e+00,9.427134824445743133e-01,3.816200392728533730e-01
-5.194494797866735070e+01,1.219906524868916500e-02,-2.777668048976983846e+04
3.341529471760182446e+01,6.122690374066935837e-01,7.093340972798459099e+00
-3.033274410474255234e+01,4.612125409930086239e-01,-1.134748511155653006e+01
3.775728256973467012e+01,2.384782103976522058e-02,5.283156286053294934e+03
5.331266420543078510e+01,4.176716484303811261e-01,2.431926972203191895e+01
5.925776585609790814e+00,4.610684600857923449e-02,2.218219812425508053e+02
-1.669226273206722055e+01,9.700512035315893566e-01,-1.411614237865024712e+00
-1.952060059133576164e+00,3.760902325378579492e-01,-1.098244918553187732e+00
-3.317307726229346887e+00,1.323774559097954939e-01,-1.506426113542683076e+01
-3.589638087802870103e+01,2.118396037795820114e-02,-6.365411577165525159e+03
1.314131987459907780e+00,7.918529151619360107e-01,1.667785074319738103e-01
-2.295855802327853468e+01,5.130144549185291364e-02,-6.941855018986144614e+02
-2.931864911062970869e+00,1.658481999913689608e-01,-8.482279272013425242e+00
1.525621226720720891e+01,1.728823678432054589e-01,4.061958241272648706e+01
-5.116573065450823243e+00,7.355353073990870127e-01,-7.525966257982985574e-01
-4.986911573583525836e+01,1.662503893684353154e-02,-1.435808305645433211e+04
4.196245660619990758e+01,4.754182970825868854e-02,1.477403953805252968e+03
2.074111650691476960e+00,3.100785637798418870e-01,1.716638226910285114e+00
2.134174223144570171e+00,1.236661385178712200e-02,1.110499598455737669e+03
-4.825830304686522965e+01,3.677203529289822109e-02,-2.840055622336406486e+03
-2.450749275786268200e+01,2.514758534893872174e-02,-3.083872664424925006e+03
1.376754544345601694e+01,2.435405224650548928e-01,1.847158606793739821e+01
-1.652704061598327279e+00,2.703602533772210201e-02,-1.799283265689951463e+02
-6.730607693009148740e+00,2.653990298188709240e-01,-7.604063793191606635e+00
-6.403778037074548024e+01,9.802890379133026577e-02,-5.302957102467613595e+02
-3.444590699674956458e+00,1.538886394675730851e-01,-1.157483051401365515e+01
-6.716832427206846923e+00,1.414882673573056478e-02,-2.670015563774185466e+03
-2.671712131778478660e+00,4.793510718243406549e-02,-9.252783338436397287e+01
4.141117461180541426e+01,2.186386022347048402e-02,6.893725729561219850e+03
3.118454602403593157e+01,1.995582166540903896e-02,6.231467490048272339e+03
-4.024941301908691038e+00,2.441509961814769814e-01,-5.373196038726558932e+00
-3.621703914709044625e+00,1.176267121257448256e-01,-2.083009078345137510e+01
-3.204469012469576228e+01,6.144407174522765747e-01,-6.754391614156446622e+00
-2.319946190013022491e+00,5.692199791936111142e-01,-5.697807565845820488e-01
-5.515530587796347639e+00,4.230600792455195269e-01,-2.452298545675057895e+00
3.267431502347834282e+01,6.010070072586334161e-02,7.198426204100366022e+02
5.938525957368018915e+00,7.369983180444779070e-01,8.700331524501176972e-01
-2.406595160689617430e+00,9.164469643355395156e-01,-2.280229190739481160e-01
-1.522782082488090616e+01,1.563447891088021527e-02,-4.957481156221366291e+03
1.819888202038116276e+01,1.450802196346008544e-01,6.880475246914419074e+01
1.578257030172604658e+01,1.271847142200996199e-02,7.764223555450984350e+03
4.422181515862069645e+00,1.444243239590411489e-02,1.687120157324251295e+03
6.962186215259981736e+01,9.664131856753704897e-02,5.932122044530181029e+02
5.486619976514634622e+00,7.957372161545652745e-01,6.895339847615784556e-01
8.901589879856523169e+01,6.088199765911055106e-02,1.911084671727773639e+03
-2.624002143797660125e+01,1.059067962946994845e-01,-1.861686973960150908e+02
-6.232978807627651996e+00,2.122193380330148274e-02,-1.101325957090021802e+03
1.807708906051855280e+01,8.676983334035547057e-02,1.910649860947101502e+02
-1.150726853190647159e+00,3.275754313134832119e-02,-8.533746559683302735e+01
4.749701636063365484e+00,9.083036759460910714e-02,4.581358965531424587e+01
1.367046264683771106e+00,1.802834100713119128e-02,3.347047071760959511e+02
-4.893487698093349536e+01,2.179683408826807098e-02,-8.196374620697204591e+03
3.247336732667911008e+01,6.341052939419486445e-02,6.426798788450457778e+02
2.792446620196135498e+01,2.624061663137933556e-02,3.227207894410284098e+03
-9.939563550835655903e+00,6.475444879745004823e-01,-1.886332420009800170e+00
-2.668527691248240430e+01,1.710521850977128888e-01,-7.257793324962567283e+01
-2.091985290665997255e+00,7.412657888952681740e-01,-3.029708523523671482e-01
3.724886290036581116e+00,1.144391858135125964e-02,2.263360002438696483e+03
-8.452021367524796602e+00,3.521510123573431267e-02,-5.423664786848477206e+02
-2.942927383591027635e+01,5.189513866720214114e-02,-8.695935874850637219e+02
-3.114077742266671223e+01,1.725220535511013120e-01,-8.325883859607469617e+01
1.313437406538102259e+01,1.681917399583696127e-01,3.694793661782188110e+01
-1.166395067134734909e+01,6.324423213793027854e-01,-2.320566199053829770e+00
-1.072918187768311826e+00,8.698331685427701521e-02,-1.128456480542444318e+01
5.589514764427504723e+00,1.762515601499009543e-02,1.431852571031724210e+03
1.292585453635361370e+00,5.978740352936152691e-01,2.877597277567375822e-01
2.761097007287628813e+01,2.379293272538589299e-02,3.881287807198085375e+03
4.652688789023544658e+00,6.749080470022958966e-01,8.128397387460626344e-01
1.076293417483541237e+00,7.306090291976645446e-02,1.604540745244130306e+01
4.270686510262079594e+01,5.674529633837305242e-01,1.055426738401452802e+01
-9.541906528607088944e+01,1.575552231638162326e-02,-3.058860586020836126e+04
-1.921850237609222489e+01,2.084986222533410580e-02,-3.518060459019094196e+03
7.428931560560259584e+01,3.741166718570867467e-01,4.223790499195912673e+01
1.006873686331029383e+01,1.957255980787707961e-01,2.091557793850229174e+01
4.811546885906216886e+01,7.680654658881134189e-01,6.490503387020189585e+00
3.645492696606075000e+00,7.003623524767598196e-01,5.914265038354145076e-01
-2.986054917179178592e+00,1.262341530090548558e-01,-1.491194131304198756e+01
-7.005734675277088286e+01,1.697825314030695920e-01,-1.934005979466932104e+02
-1.010975593628270452e+01,1.152318241387858822e-01,-6.058790467189292883e+01
-1.084812165895210612e+01,5.360403199943524211e-01,-3.004344755453333793e+00
-1.613452777315965481e+00,2.383679113057162458e-01,-2.259700142187153205e+00
9.264563689201576580e+00,1.754905253510810892e-01,2.393909669942416230e+01
4.076966273386377537e+01,6.301586538296438667e-02,8.170101375594631463e+02
3.124507951032122577e+01,4.594538394610025306e-02,1.177844612931315169e+03
9.465740989307716902e+00,7.768654042841518503e-01,1.248110938327897657e+00
2.495495369941629349e+00,2.195015258379071355e-01,4.121656714581885872e+00
5.828870730124778987e+01,6.029211403633604610e-02,1.276008407825002223e+03
-6.260701528258620385e+01,4.677986548525707444e-02,-2.276644384560179333e+03
1.352452033886856597e+01,4.015485725495258895e-02,6.674762764567407203e+02
-2.077996046504706840e+01,2.870072935784665283e-02,-2.007469640965579401e+03
-3.485788227831846342e+01,9.232223973056136179e-02,-3.254456500432239068e+02
4.963994233913238574e+00,5.497132268808407884e-01,1.307221044102588881e+00
-1.995318763764272196e+00,4.743278230762713182e-02,-7.057407947790535729e+01
1.183251475301104083e+00,1.143627447692557170e-01,7.199428954681559745e+00
2.274662455187571908e+01,1.758931782232446561e-02,5.850717149110009814e+03
-9.012599517326194132e+00,6.282413084348444920e-01,-1.817135158480600365e+00
-6.130346514686102921e+01,1.436898858116944511e-01,-2.362777138769239968e+02
-2.616876888737774021e+00,8.779017832741288496e-02,-2.701976486067327343e+01
-3.204921618999427846e+00,3.567859174280247903e-01,-2.003512887462941539e+00
-2.913992963337495024e+00,9.995869805874715297e-01,-2.320798595101994655e-01
1.195382145380016148e+01,1.173691683083832038e-01,6.905400096157985956e+01
2.191073042487432065e+00,5.841345857380705331e-01,5.110002936847974908e-01
1.102934819085904827e+01,9.915353220667576239e-02,8.927371412826124697e+01
-7.773422863755054379e+01,3.286368685625743608e-02,-5.727562828670272211e+03
2.301324192606606545e+01,3.454859669330588301e-01,1.534288802446534206e+01
4.717200497943614401e+00,7.701101730161559189e-01,6.329490479070580822e-01
-9.862925495637004047e+00,2.482734836613320270e-02,-1.273313114896071738e+03
8.522143279019618944e+01,4.175032457115987472e-02,3.890623944962160749e+03
-5.885269207549142578e+01,1.964356855661884838e-02,-1.213712139002865842e+04
-2.508677464091503051e+00,4.159847899785365510e-02,-1.153665915019051482e+02
-8.229968760365338198e+01,6.997085817458738033e-01,-1.337685198957107779e+01
-3.478339215090556280e+01,1.367384618909645889e-02,-1.480405494214483042e+04
2.828902453931455785e+00,1.110184931163434204e-02,1.826490643849120943e+03
-3.926387328079816541e+01,1.628278173016808189e-02,-1.178490464718904695e+04
2.863680953754011327e+00,1.387586469233706432e-01,1.183571923938294823e+01
-1.867711837524578922e+00,4.167271505932822195e-02,-8.558475549605749677e+01
2.223414266210690382e+00,5.580518350177406106e-02,5.681479484573234373e+01
2.809566867507629695e+01,6.625442461760372437e-02,5.093305605732850267e+02
2.351500108151641122e+00,7.065601748432384643e-02,3.748321459794884447e+01
-7.363038733620577148e+01,2.752840556113473891e-01,-7.731880004018015029e+01
5.761491365333282744e+01,2.990593945275378807e-01,5.126372400527775852e+01
-1.300968396546069705e+01,1.618448368781333357e-02,-3.952384470347708429e+03
-2.522118703567510334e+00,1.499023279454760049e-01,-8.931798234936316305e+00
3.632770871980756766e+01,1.574441573010108286e-01,1.166205392227765572e+02
1.340739186106618019e+00,1.360216543102078096e-02,5.766580164957591705e+02
5.082832537225349334e+00,7.133263174975920107e-01,7.949127134395311822e-01
5.979586520046233034e+00,2.758434575400988686e-01,6.253683741725497569e+00
-1.887189336979688603e+00,1.242655746817223072e-01,-9.725320998966434871e+00
-1.122578191500891798e+01,1.773431982311022073e-02,-2.840387967329896128e+03
3.634947767232691973e+00,1.681313813041386829e-01,1.023271194179683974e+01
4.382014490398452367e+00,2.331263566572439397e-02,6.416248745147119052e+02
-1.718594295158325291e+00,9.351049050759555059e-02,-1.564021906182941279e+01
2.383131754490380505e+00,4.573144500243327831e-02,9.067933802092139217e+01
4.209580800329744221e+01,5.048704781885880039e-02,1.314222907747330510e+03
9.685748590423688142e+01,4.933220877265123150e-01,3.167103137393301537e+01
-1.432762759593551749e+01,4.185926052991015278e-02,-6.507007642287970839e+02
1.121390808950050610e+00,9.487765697904286533e-02,9.913322294938728518e+00
3.898228789506466452e+00,2.109627665445090172e-01,6.970209574323284585e+00
-6.174542829982355485e+00,4.799486810029012229e-01,-2.133071133389190521e+00
-6.294553622637544699e+00,7.638806813324496015e-02,-8.584282868138259914e+01
2.939982317508624821e+00,4.952255100284462253e-01,9.539570863506917631e-01
5.746342358855610399e+00,5.660081615618197670e-01,1.427368952534583180e+00
7.313708222550212668e+01,2.002387315028842096e-01,1.451548647843269748e+02
2.444784436879822209e+01,1.233175726105056186e-02,1.279324665788089987e+04
-3.460870227318213921e+00,2.160969078081708961e-01,-5.897641177594325157e+00
-3.091632809908786417e+00,1.148184218649106296e-02,-1.866185870193501842e+03
-2.540529312857570776e+00,7.736693961171661194e-01,-3.377563403913784734e-01
1.560943680970312553e+00,9.260347152999973686e-01,1.448514457395569666e-01
3.380422570434453711e+00,1.979692812646646483e-01,6.863814154689689140e+00
-3.673949511813778823e+00,4.289019953101909644e-01,-1.589304768881856678e+00
1.574569451229189276e+01,5.462100000578438141e-01,4.199839204934726844e+00
5.964665932205132748e+01,9.184539912950792084e-01,5.626799616661658732e+00
2.020226581157385226e+01,1.387421312267974119e-02,8.351673239305642710e+03
-4.380573863211902896e+00,1.527154778485749209e-01,-1.494703435582488815e+01
-7.497879314636317361e+01,8.088688132580959533e-02,-9.119528807934211727e+02
-2.161799785285456466e+01,9.664895563890252284e-02,-1.841667712638252965e+02
-9.263101079705389651e+00,4.982754566532675983e-02,-2.968981882599435380e+02
1.172341829770974675e+00,1.388596932959763885e-02,4.838291091259597465e+02
4.903030697059737264e+01,9.427420717181026477e-01,4.390044987620708383e+00
-2.642600608533826279e+00,9.136726193216052061e-02,-2.519071219214619006e+01
8.290697205164883599e+01,1.212902894770251545e-02,4.484655888619417237e+04
1.274327555165794124e+01,1.933680129886357693e-02,2.712076533878920145e+03
-2.455079157873370832e+00,2.585631524968381445e-01,-2.922283641722472680e+00
-1.423116499141785729e+00,5.454735258247671303e-02,-3.806126647728510193e+01
8.232132368686886537e+01,6.677335634869177583e-02,1.469251247138554390e+03
-1.741779701488660592e+01,1.319528999978051426e-02,-7.960594134008980291e+03
1.152649380126950618e+01,8.086260188705948204e-01,1.402787651841825189e+00
-5.267650729957614075e+00,7.692462527576698905e-02,-7.083963727502775498e+01
7.445528697521200279e+00,9.577196357328061627e-01,6.459648617369486701e-01
-2.092577506076710225e+00,2.646289799789857677e-01,-2.377918047293985815e+00
-9.368861393670970372e+00,1.518547315536979136e-01,-3.233108602099212447e+01
-1.918351170281822560e+00,1.597512287342979162e-02,-5.981771687731516067e+02
-5.821261912512441405e+00,4.352688688308632703e-02,-2.445074306956280168e+02
2.930139906182811060e+00,1.588265854706011615e-01,9.243407393701536634e+00
2.672836466371321507e+01,2.683742971823185192e-02,2.953117203641756987e+03
-3.544063885569418204e+00,2.315132782088169527e-01,-5.261867025939130471e+00
1.708335837091651044e+01,3.237818628337164606e-01,1.296756258565140385e+01
-6.979439713823305169e+01,2.263227447927877722e-02,-1.084312072809662277e+04
-2.814180396666274930e+01,1.362405195815832512e-02,-1.206506002668836663e+04
-5.502216936762533983e+00,6.560647853052390399e-01,-1.017265675150083926e+00
7.913245676806938889e+01,6.361849763292319604e-02,1.555886696122581498e+03
8.635649542318365235e+00,1.039765961252181459e-01,6.356440022157413239e+01
7.837954073281774292e+00,2.715046276889065274e-02,8.461325019240649681e+02
1.300326746908614162e+00,2.991152298872876494e-02,1.156553105608376342e+02
-2.078195568066756493e+01,4.522569405200814463e-02,-8.085484881745428538e+02
9.629340033133719601e+01,1.327617395597933680e-01,4.347512008752533461e+02
1.761423722372925482e+01,4.361177497056407670e-01,7.369643027626543663e+00
-5.132418890103120646e+01,2.661290092009663960e-02,-5.766705812900202545e+03
6.356809943122814843e+01,1.810589976859661859e-02,1.543082476213158407e+04
-6.141633231077175026e+01,1.620631543335022684e-01,-1.860824597883677427e+02
-4.090218893693750601e+01,7.165291829401374546e-01,-6.339703109938734649e+00
4.908168790971684814e+01,1.916666400971486078e-02,1.063203912390287405e+04
-1.093075277307883830e+01,1.033272155988193275e-01,-8.147244595602428774e+01
5.132768419006271188e+01,5.199283940533718784e-01,1.510966150133241470e+01
1.839456464560631943e+00,1.639771357737913049e-01,5.443936579453979796e+00
-5.558061997038478808e+01,1.053448586799309306e-01,-3.985536887451878556e+02
3.132921189447951704e+01,6.603016494155765359e-02,5.718140758363276746e+02
7.974813271816671545e+00,1.739990751623695375e-01,2.096123075835921412e+01
-3.346164644284920797e+01,2.787796803168444137e-01,-3.426219721874315383e+01
-6.343761648857874746e+01,5.267698252599971598e-01,-1.819261856862862459e+01
7.097525066816581329e+01,4.748026969621360616e-02,2.505363330870096434e+03
1.380951631532934876e+01,4.553180914752791852e-01,5.300767916118205747e+00
1.502341829029635178e+01,6.661966684625528767e-01,2.693729498657126520e+00
-8.493956039872797348e+00,2.445860547877400093e-02,-1.129891551302770722e+03
-1.167458969028659199e+00,4.420467932000446409e-02,-4.754395139464759978e+01
-3.427818011994013148e+01,7.018035799227211047e-02,-5.538303277460530580e+02
3.010779754871539637e+01,4.799996162462651789e-02,1.039889858391512234e+03
-3.658157059529352040e+01,1.026314247270009722e-02,-2.763705532448983286e+04
1.015432057226221652e+01,1.278795716169837393e-01,4.941270856195304617e+01
-1.388914707495327860e+00,4.125380874392807207e-01,-6.494378722338456367e-01
8.632529757168530438e+00,3.195333078958607909e-02,6.728154401371887161e+02
1.282283534778892120e+00,2.609917370789460733e-01,1.498030603971216124e+00
2.505406458776151091e+00,6.030539448678293862e-02,5.482214237487347219e+01
-6.624231276061543383e+01,3.775575272324650788e-02,-3.697935711459380855e+03
2.267463540548966350e+01,7.076921790714276739e-01,3.602812462616979072e+00
-6.017479273502655701e+01,2.387716535395060513e-01,-8.399224800119563383e+01
2.170018446975117854e+01,1.116119507123648595e-02,1.386220012748708359e+04
2.069243567573207443e+01,4.285786983914018355e-01,8.964799620171808314e+00
9.328453285622554603e+00,4.073293743403469391e-02,4.474127094712666235e+02
1.926068984293678898e+00,3.322494685669683673e-02,1.388460035609894589e+02
1.928777533621427454e+00,6.028462040875848249e-01,4.223370804707014536e-01
2.245879821680749089e+01,1.158632964762102147e-01,1.331327453974554089e+02
-2.479667876893710599e+00,8.520211758179495332e-02,-2.718209178065425036e+01
-4.347048676593721517e+00,6.046797210506572179e-02,-9.460930042110847182e+01
-9.057987055751915761e+01,5.286747181416011632e-01,-2.578960835125888096e+01
-4.360680712014226579e+00,3.805134342747038545e-01,-2.396649009434673960e+00
1.488550010798324941e+01,6.423618608075060132e-01,2.870741391507563023e+00
4.035728577403722284e+01,1.257868272308089175e-01,2.029746308905312731e+02
1.391153926418417797e+01,5.067910332250549210e-01,4.310299791543005909e+00
1.777577440908939321e+00,2.739859903227699345e-01,1.884351651574719400e+00
-1.305998791220484279e+01,2.509082229178030699e-02,-1.650832924463566997e+03
-6.019594385713021722e+01,1.123130563501158891e-02,-3.797492046264748933e+04
-2.921561838229558727e+00,7.787011005563958255e-02,-3.834101820668024629e+01
-2.091196148940689170e+00,4.129286906869783502e-02,-9.759662244828972177e+01
2.289589241542142162e+01,8.226552105098475232e-02,2.692229050300820177e+02
1.210261419354882761e+01,1.944162103002286257e-01,2.548029069982435146e+01
3.782778298544821638e+01,3.917284973895849842e-01,1.961691415140834494e+01
5.913478391656261657e+00,3.083956600806550541e-01,4.947851248827118908e+00
-2.168554521909169530e+00,7.045585712865801709e-01,-3.476372264338645213e-01
-1.471519332351719722e+00,1.000215788485667029e-01,-1.170492665812023603e+01
-6.489193074771994141e+00,6.286679014648989261e-01,-1.306586776721092358e+00
-1.056597844819817444e+00,2.553459452013311093e-02,-1.289561102454410104e+02
3.880585163690593475e+01,1.590636328617362968e-02,1.220521855841684919e+04
1.678326932146782369e+01,2.780261550615666100e-02,1.727807649147988059e+03
-1.293726218661395366e+00,9.242399026530937478e-01,-1.205210998910244691e-01
2.334481030791434364e+01,8.150006414896517060e-02,2.796820435226497921e+02
2.657453251959586815e+00,8.714989255659831846e-01,2.784338659132840621e-01
3.495255589385440231e+00,3.112895597350320287e-01,2.870383761128713740e+00
-1.764881010994696853e+00,2.194252732434167144e-02,-2.916972069449873288e+02
-3.251977352046321812e+01,1.745234006541530880e-02,-8.496309312688652426e+03
2.258186625823243254e+00,2.605384209126048595e-02,2.647319835554091014e+02
-4.488982302791735890e+01,2.805003249649155872e-02,-4.540161397232811396e+03
1.252510175356786659e+00,8.241998716703380357e-01,1.467257417127029173e-01
-2.385777487578465994e+01,8.429175637506716723e-02,-2.672082517925599632e+02
1.982247560100395134e+01,9.524102593306732478e-01,1.739001265366038051e+00
3.103809702618590904e+01,4.608818529230604977e-01,1.162802631362443506e+01
-1.514600792243830707e+00,1.065455344467894361e-02,-1.061739100159591089e+03
1.535486679191845338e+00,1.057913244008691356e-01,1.091782379724965146e+01
-7.966041069344818482e+00,1.678747288873400356e-01,-2.249375851896851586e+01
1.595371942747548122e+00,3.280732737542433469e-02,1.179533775550511905e+02
5.789723124915060026e+01,1.090446511397757251e-02,3.874709937817174068e+04
-6.619953085787359726e+01,5.334837794435257630e-01,-1.850983763309152863e+01
5.161821879603977692e+01,6.997875506196858664e-02,8.388044505514891398e+02
-2.745779369618110621e+01,3.934028355111997555e-01,-1.411824785451594622e+01
1.401996746357871970e+01,1.261989854171079520e-02,7.005278649868258981e+03
5.377704087629798124e+00,9.478538291977881003e-02,4.763260125181613347e+01
-2.614476582851026976e+01,2.133103887189906692e-02,-4.572470139978377119e+03
-2.400247928323702151e+00,1.976885786614326068e-01,-4.887458487093938153e+00
-1.183097709783574913e+01,6.143407112469180531e-02,-2.494549678608301519e+02
-3.539534867301811261e+01,7.814998812998213973e-01,-4.611885304351444503e+00
4.335912785835837013e+01,1.849524953909404412e-01,1.008672739264611806e+02
-4.088566300866363079e+00,7.598262600977665482e-01,-5.635501669134567182e-01
9.927649326472665336e+01,5.431488828342315861e-02,2.677927301950417586e+03
-3.101222128451363957e+01,3.165396568648745634e-01,-2.463013292524534847e+01
3.150864121717660282e+01,8.837686631159084039e-01,3.210277793398155222e+00
-2.852614277226059158e+01,2.279641983318608789e-02,-4.368173645014582689e+03
-4.652458236296916994e+01,1.164993357597455051e-02,-2.727882884524009933e+04
-3.345344278308595598e+00,9.624331252079526555e-01,-2.874020293351232103e-01
7.170329029364994611e+00,8.732599140062501375e-01,7.482421533606556929e-01
-1.832597924565466663e+00,8.880313080924662206e-01,-1.849271904644339548e-01
6.011259064725132362e+01,4.332740860141918171e-01,2.548180285407340406e+01
7.231366429807442486e+00,4.780386703477797899e-02,2.518166518505151430e+02
-7.363766502427687044e+01,1.426091994733360013e-01,-2.881343666508493015e+02
4.704856283224219027e+01,9.209596723685400388e-01,4.414233180852426663e+00
-5.543428380731591432e+01,5.639356643064044050e-01,-1.387105375890417669e+01
1.087757941466015676e+00,1.523833190095872647e-01,3.727756546042212626e+00
-9.563645206472058291e+00,2.663370214825194759e-01,-1.072878432494682777e+01
2.234838556759382477e+00,2.729205006880714574e-02,2.387613208278546892e+02
3.877045059024311513e+01,4.965175412699095181e-02,1.251473887028502759e+03
2.386846161060648619e+00,2.050122701287821619e-02,4.519130211992982709e+02
-3.271438507977571852e+00,3.625142769918895391e-01,-1.980973505298882387e+00
6.417542156606833714e+01,4.062729132178673486e-01,3.094020092353989426e+01
8.439039165551633914e+00,7.214308679862212470e-01,1.290308912894084559e+00
-8.289933607239124314e+00,6.923208227083757493e-02,-1.376342119150466203e+02
-6.789989486265906748e+01,1.388583411256976707e-01,-2.802304295489878996e+02
1.103299213896778319e+01,3.609533577992738995e-01,6.738779907047175222e+00
-4.738511702900170874e+00,1.767539343010288838e-02,-1.206962883199762700e+03
-4.678930472639387972e+01,9.780700047438998235e-01,-3.892215225994340777e+00
6.029611822774192831e+01,1.624607013137013486e-02,1.817953800979345397e+04
1.537694897917231796e+00,4.920773462417034338e-02,5.053515075141860535e+01
-9.272836158449875299e+00,6.697713968206377988e-01,-1.644937983017373595e+00
1.086753176706114488e+00,2.978938744125543547e-02,9.745360485393726435e+01
1.228568053779271274e+01,6.764929546024690543e-01,2.136302743958699235e+00
6.592037014342982104e+01,3.348989451163032482e-01,4.677159862525428480e+01
-6.607066471611186209e+00,1.673775119840553161e-01,-1.876742099416615872e+01
5.270749544184273105e+01,2.358793245646701731e-01,7.538462257687227464e+01
-3.384508210465176692e+00,2.241229164016735748e-02,-5.361831697308241473e+02
3.895020414113956519e+01,5.545288563235760693e-01,1.007979205549205126e+01
1.701544752875443711e+00,3.205939402153477197e-02,1.317415878950927208e+02
9.166906913149279745e+00,1.556220619639753569e-02,3.012108603360672987e+03
-9.887625931483756858e+01,1.606790643272787075e-02,-3.047639373093655740e+04
-8.364976394058585285e+00,9.485881485650787814e-01,-7.397746870706972677e-01
-2.112802223808061264e+00,3.637311035828831862e-01,-1.270831879277137144e+00
5.586315004725875610e+00,3.207358783878130198e-02,4.321360215513418552e+02
2.362398910099416227e+01,3.412416711279648851e-01,1.614430112023683961e+01
1.266087312223219818e+01,6.594398032517824471e-02,2.316879666455466236e+02
5.249231555982523645e+01,5.407933332926387338e-02,1.428312406820659135e+03
-4.217240085260072391e+01,5.726590781709368222e-02,-1.023354637983638895e+03
-7.179574047268741488e+00,5.822823049631447034e-01,-1.685084291190376948e+00
-9.717956592924263504e+00,1.501093619814692082e-01,-3.432017808814892845e+01
1.709003821263268774e+00,7.222989396547074836e-01,2.606748997209684116e-01
-2.187720114495217860e+00,1.125917625423984297e-01,-1.373310246200153095e+01
-5.152817119090449438e+01,4.859537988139538828e-02,-1.736380508429139809e+03
-6.414020192538381515e+00,7.394672033949364343e-01,-9.334318696158474538e-01
-9.589632656389566634e+00,6.768270966920921783e-01,-1.665852836397364367e+00
-1.157939637010626655e+01,8.623234663441116388e-02,-1.239183571066721612e+02
-5.203175439236069622e+01,1.543876485366913603e-02,-1.737134719317893541e+04
1.090584966937373146e+01,1.576340294169789047e-01,3.492606747879010243e+01
5.733505398383186957e+00,5.072177464778098166e-01,1.773460342436105286e+00
5.811330518450751015e+01,7.487322247523420238e-02,8.249215748414414975e+02
1.599062288103496421e+01,5.825090494185537482e-01,3.750163165703368051e+00
-1.902014775181721795e+00,1.559232694961839097e-02,-6.225613521960689241e+02
2.263564110322441980e+00,1.084205962324249171e-02,1.532354869924046852e+03
1.865472312087090145e+01,1.659273459974777362e-02,5.391914662553947892e+03
-1.546079022885007426e+00,2.283496096013394039e-01,-2.359507036336479846e+00
-3.353888468754353536e+00,7.951142395271078300e-02,-4.221625358491034063e+01
8.892945430432311582e+01,7.521532462574423428e-02,1.250901446924490756e+03
1.067377074564722683e+01,2.191537735273131615e-02,1.768520509248677854e+03
6.904406742475417502e+01,2.254181884546832895e-02,1.081281053809751756e+04
-1.637404812533084897e+00,1.389876833358261003e-02,-6.745180351585987637e+02
-4.041909507601337026e+01,1.007880699628050172e-02,-3.166346686700266218e+04
-1.497744027405141942e+01,2.089649768314588429e-01,-2.729485089084821681e+01
7.455497264822430026e+00,9.452537322344627402e-01,6.640028594132955098e-01
9.384129859496302117e+01,1.552863281646791604e-01,3.096832407589565150e+02
-6.919163684329723196e+01,7.041538745814539535e-01,-1.110474509716006608e+01
-5.292845320730283909e+00,1.305644923342037106e-02,-2.470752078319439079e+03
4.429803480213650602e+01,2.731502714565905432e-01,4.724668291664803377e+01
3.925580585836986103e+01,5.113594036124715636e-01,1.194652343994562749e+01
1.053299069180277314e+01,1.684963365680376343e-02,2.952302882350451000e+03
-1.131125887882678205e+00,4.046673805850735384e-02,-5.496733503259692810e+01
-9.532096037810891431e+00,6.099739069731059393e-01,-2.038712709434201020e+00
-9.946440947319263870e+00,1.241808035367179298e-02,-5.132735834661427361e+03
-7.244850550183160820e+00,9.873107606968650751e-01,-5.914415430375281613e-01
1.079073865948930733e+00,1.789449050066498625e-01,2.681653340232674321e+00
7.863340411802033358e+00,2.536541920333615016e-02,9.725526574311869581e+02
5.883569611267311927e+01,3.505263130293316265e-01,3.810568583305673229e+01
-6.531214410200324672e+00,2.119705895110087987e-02,-1.156732297854626040e+03
4.389290214013741576e+01,2.683611925789900488e-01,4.850036493136765614e+01
1.552304941105301594e+00,3.040908665567758074e-01,1.335858393149260026e+00
-1.600486667482747905e+01,1.758219381438649587e-01,-4.119989132162628920e+01
9.468530308485597402e+00,9.659392356937802904e-02,8.075568315287409860e+01
1.523335119520458747e+00,6.321292525283714880e-01,3.033708259701269339e-01
1.824154545265576521e+00,3.093253538324346880e-02,1.517122778031531141e+02
2.917229693815020752e+01,6.530352457601349414e-01,5.443616452413309048e+00
1.094902331376056992e+01,2.616036916076038346e-02,1.273144739866226928e+03
1.635021497828102355e+01,5.572133592320741707e-02,4.190545524488260298e+02
2.008671615208702299e+00,8.214879588918010400e-01,2.368626993922855473e-01
1.259800745909542741e+01,2.188758518787887741e-01,2.092648557183676417e+01
-2.857286667908221744e+01,4.082018853744900921e-01,-1.364564090152703457e+01
-9.198498860354147766e+00,3.410369164025636030e-02,-6.293674951011187204e+02
1.452249633375626026e+01,1.904608936090993604e-02,3.185809303669243491e+03
-1.390339948221638977e+00,1.178084359583330548e-02,-7.971836021994561179e+02
-1.616878776084156044e+01,1.523963741341040172e-02,-5.540109234449823816e+03
-9.026476612490071716e+00,4.558170726397337003e-01,-3.457221633258420468e+00
1.630548653624364519e+01,1.553094866135058642e-02,5.379326811979826743e+03
-6.940086914436841425e+01,3.855732062354389478e-01,-3.714850593592280603e+01
-1.103240479922756867e+00,2.529194976209121759e-02,-1.372447383282095927e+02
1.202458920745947957e+00,9.472419517393536326e-02,1.066445182352783583e+01
2.383400501765380763e+00,4.263843392185914238e-01,1.043241061653284785e+00
-8.520401500170798670e+00,4.970081993571628942e-02,-2.744878269842296277e+02
1.043858578149332494e+01,2.065605070681761080e-01,1.946871189788664580e+01
9.677861865490318394e+01,6.327104985574545370e-01,1.923798020273690668e+01
-5.617477273991093867e+00,1.027262007396972376e-01,-4.236127347108598684e+01
-6.412466297832679629e+01,3.103635242601554198e-02,-5.297535577642672251e+03
-3.422931483324631596e+00,2.421365840602146893e-02,-4.645874985543242133e+02
8.108396342588587657e+00,5.351743540411191963e-02,2.252861628209044511e+02
-7.304825365450072994e+00,2.510679343338966807e-01,-9.221837708099133835e+00
-6.226715817645377626e+01,1.189894357844566500e-02,-3.499712517371327704e+04
-4.996163864288971723e+01,1.919283619719288625e-01,-1.079315704606030408e+02
5.197645185498885212e+01,3.641312561412591436e-02,3.119470238982420597e+03
-5.849925150789130157e+01,1.078111763665103862e-01,-4.005095496219869347e+02
3.869073526167956079e+00,2.030968087557371016e-01,7.464331523400705493e+00
3.125940086530165640e+00,1.771849046742503264e-02,7.923505200078169537e+02
-1.222988997721657034e+00,2.766234979777840164e-02,-1.271846058541367483e+02
7.077118785574357673e+01,3.788661173400316162e-01,3.923512914424728137e+01
1.138666905388353356e+01,1.707987122090844773e-02,3.106115856096435436e+03
5.300783017161117883e+00,8.262859246420170556e-02,6.178306556862259669e+01
5.951035409298019552e+00,8.606705887775768504e-01,6.393059489780891225e-01
3.269944556977823424e+01,1.834294266854611874e-02,7.733792359770046460e+03
-3.090821135546176990e+00,9.305862008520978668e-01,-2.840212226743107360e-01
-2.066300092375095687e+01,5.350749198563248266e-01,-5.743205296893606260e+00
5.193957357643841810e+00,1.746096590704670701e-02,1.355663761476975424e+03
-2.408778201017390153e+00,7.776775415838806105e-02,-3.169478672775445460e+01
-4.085800725392475385e+01,5.919489576427676425e-02,-9.278949195680979756e+02
3.503186199055291272e+00,1.953193425351407719e-01,7.307399477039641766e+00
-7.647335194586033502e+00,4.326759718453110359e-02,-3.250683648776022778e+02
-6.050028735164282523e+00,2.255850699140825311e-01,-9.460778340523873453e+00
-1.695228748451642176e+01,1.017129233406891160e-02,-1.303965711474790805e+04
-5.413338103877117113e+00,4.594664140584157896e-02,-2.040552378134258049e+02
-4.079110164488822576e+00,5.548351301868672536e-01,-1.054454071169096174e+00
-9.143342298739236185e+01,4.399216444690574046e-01,-3.759624356453075222e+01
-8.873230500432539714e+01,1.472087617381947003e-02,-3.258401373402424724e+04
-2.152488139900088271e+01,2.280935958755583581e-01,-3.292340310561401395e+01
-4.357121388396262063e+01,8.191840639059735918e-02,-5.166861320945572515e+02
-5.480873999088249349e+00,1.904604967477069311e-01,-1.202347843246861281e+01
2.485851159065334670e+01,5.042009998023057049e-01,7.781402004823614327e+00
1.825721739852572512e+01,1.301906397668644577e-01,8.571665219649352707e+01
-2.898851557127665401e+00,2.652351449424064644e-01,-3.279094807194200101e+00
1.751284834551280412e+01,1.624021915899268864e-01,5.284004167805379382e+01
1.601597377296005043e+00,1.347714260688264720e-01,7.016941199881896907e+00
1.783103841948977974e+00,3.920013639327356997e-02,9.234037108716168518e+01
2.991756324943399825e+00,2.504914552215036228e-01,3.794290009183491463e+00
6.669339841211079545e+01,2.387220382727636703e-01,9.312964680641593418e+01
2.643309438677248657e+00,1.125638645793203448e-02,1.660122564871538998e+03
5.979188171175018596e+01,6.450575848433484638e-02,1.143497935592449949e+03
-8.999137713556313756e+00,1.000776654769223589e-01,-7.150175504639821611e+01
-6.906596072967887778e+01,1.352763116978642488e-01,-3.003382776428264833e+02
-3.529497376331727221e+00,2.452829480357391068e-01,-4.668402412208018326e+00
-1.885542826629689372e+01,4.545697037022979059e-02,-7.261486968337248982e+02
-5.610591744549568460e+01,7.812728653668264689e-02,-7.314646161650767908e+02
6.172851893156240521e+01,1.078416764574092884e-01,4.223794027493422618e+02
-8.295598883701082116e+00,5.322375390464098577e-02,-2.330380704860315575e+02
-1.787688364231356530e+01,3.024994722660270460e-02,-1.554650270385646763e+03
-1.490575991100310249e+00,1.281634772205381828e-02,-7.221305096200588878e+02
-1.403736197639137551e+01,2.178830931052227193e-01,-2.353035996961592247e+01
9.680744245207238308e+00,8.158254663054108624e-01,1.157455670538098946e+00
-1.239307230754948419e+00,4.489299108213650746e-01,-4.893414848219297952e-01
5.259062096700104405e+01,2.043196592560494740e-01,1.002485554951493896e+02
-2.022728133775142112e+01,5.853185897000824367e-01,-4.698324575887734333e+00
5.874517265137379241e+01,2.794431842654179071e-02,5.986531576699787365e+03
6.606790917324182111e+00,1.488317662990117779e-02,2.373501045040403824e+03
-1.018660654215490702e+01,1.331956682939205161e-01,-4.569192606755014907e+01
-1.544321262655057758e+00,3.669609592315871416e-02,-9.126159656654174057e+01
-4.409050228929272564e+00,2.714770849855098755e-01,-4.760678219103120945e+00
-1.970306979099117228e+01,5.492871164344027557e-01,-5.196670803403519834e+00
-7.352496708481497478e+01,3.037122885402450748e-02,-6.343080836527410611e+03
-5.304236042950966734e+00,3.103757937718486237e-02,-4.381646044935509963e+02
-1.858195460536520516e+00,1.958889036699029418e-01,-3.853557641121660104e+00
2.185998011182479939e+00,1.222417976851221250e-01,1.164127215436732321e+01
1.166401943495563476e+00,9.783890796932041833e-02,9.696503917371227743e+00
1.106357887326145262e+00,5.031496814816001084e-01,3.477694016402070321e-01
-8.798071473182095303e+01,2.846405286456368811e-01,-8.641400766003090439e+01
-1.372142647416309735e+01,1.069670198649911273e-02,-9.543102884586487562e+03
2.085182480601109667e+00,2.813825536428731233e-01,2.095751906898534855e+00
5.095407773384018846e+00,1.403045642669896800e-02,2.059802033527811091e+03
1.359055239943840832e+01,5.112154323369684228e-01,4.138274873220526118e+00
-2.631970302081962743e+01,3.243476695322987657e-01,-1.990900505689915789e+01
-2.108561643998104085e+00,6.771640252493474899e-01,-3.659221359927641859e-01
-1.146011098523988991e+01,1.103691169323069016e-01,-7.486586107723904604e+01
-2.276618846467044222e+01,3.483361386739799448e-01,-1.493081093058103193e+01
-1.023563512607476911e+00,2.870878553247981912e-01,-9.882692673718082021e-01
-3.096066463737231444e+01,1.291809745780104178e-02,-1.476397488801221880e+04
1.867545430130725848e+01,2.088715353125254748e-02,3.406456074799965791e+03
-1.205687730439924543e+01,4.727195028103990393e-01,-4.293563961197082612e+00
7.899348706639308659e+01,6.341211348937720871e-01,1.563280696326360442e+01
-9.482741571057164975e+00,3.584857746817616264e-01,-5.871920911201921278e+00
-1.606595347801021489e+01,4.392047893280906501e-01,-6.627694879753993185e+00
1.140718053042887270e+01,2.925023515136004199e-02,1.060986180108342523e+03
-2.217578226512028294e+00,2.212188733635904181e-01,-3.605991779879259340e+00
3.147252293493021469e+01,3.837109423616738013e-01,1.701035299952780733e+01
-6.057466668714929448e+00,1.470256911243815745e-01,-2.229947866813947499e+01
8.494042806840496951e+01,4.674588015247579248e-02,3.093270492503206697e+03
-1.650222494876461221e+00,1.684200866759275050e-02,-4.629614886189464755e+02
1.118423516649366345e+00,3.164620123406055585e-01,8.886960614637414713e-01
2.107485082068900084e+01,2.265294141507240983e-02,3.268176038131240148e+03
-2.185513347011184937e+00,4.549253947654064434e-01,-8.403558696258138783e-01
-5.247656753133525420e+00,1.559920952485533037e-02,-1.716130750799666657e+03
6.948416786203815754e+00,4.977295402722266976e-02,2.231974162981467202e+02
4.249078097869141857e+01,6.368031785663109678e-01,8.338240253078625486e+00
-8.627742821576543264e+00,1.737756824358410376e-02,-2.273575190835682406e+03
-6.642794805139803138e+00,2.449777088878260511e-02,-8.808213564421125739e+02
-7.914303651572086373e+00,1.286846111447519959e-02,-3.803203954039449400e+03
-8.810299083117882901e+00,1.545963751145171816e-01,-2.933473534389354853e+01
2.894910929076310069e+01,1.406676021113919539e-01,1.164225676347517435e+02
-2.205496966167087791e+01,5.054413110633804163e-01,-6.869974586746996792e+00
-1.508026341209087073e+00,4.997796255546471667e-02,-4.804431092366304767e+01
-5.876126593244475060e+01,7.990465721042137037e-01,-7.323810422616603866e+00
4.609197793861825154e+00,2.857982517958245275e-02,4.490517006412164278e+02
1.180738298054241930e+01,4.486476156895125023e-02,4.668023760496504337e+02
6.144932421007109014e+00,3.294012627432220675e-01,4.506680061442795093e+00
-9.346018197905234359e+00,1.334733337003406739e-01,-4.174723751298776619e+01
-6.274371223235291239e+01,1.116480859178251017e-01,-4.005509648317566302e+02
3.168063866114132665e+01,9.265369351879670923e-01,2.936693289965949472e+00
6.159504591629856662e+01,2.792686655512030547e-01,6.284800548375269358e+01
8.589802829577061871e+00,1.349509981406984693e-01,3.753367843834526951e+01
-1.257526745771825816e+01,2.557340951102862400e-02,-1.530136237231567293e+03
-2.039126794394758413e+00,1.472774639056268209e-01,-7.481036491623999751e+00
4.464060139305100705e+00,4.135764042472542951e-02,2.076866908872306965e+02
-1.701725240092741620e+00,1.692026960061956964e-01,-4.730042240420602617e+00
-1.478720613614215296e+01,1.646942971875614559e-01,-4.338295601368581345e+01
-2.932856476097277731e+00,3.463016351228978551e-01,-1.946130066582256957e+00
-5.582123879607606476e+00,6.436048616986603244e-02,-1.072385601163277329e+02
-2.158910844866631251e+01,4.673826347290054306e-01,-7.864655414455878457e+00
-2.499768531448623321e+00,7.031896456247847815e-02,-4.022953365522272406e+01
-2.926194956685692183e+00,4.852277220055973839e-01,-9.890134173688047703e-01
-2.125534131431313156e+01,6.804294675719625707e-02,-3.653355985354775726e+02
-1.118654294458819720e+01,5.422166264972970440e-02,-3.027891919172217285e+02
-1.849269647842185549e+01,5.296132331997088771e-02,-5.246536776125292363e+02
9.868387667437971800e+00,1.883342465981225344e-01,2.214000627889499739e+01
4.250795870511193897e+01,5.120926833576373849e-02,1.289921389790197964e+03
1.029776095095099819e+00,4.128122234670901225e-01,4.808701789781997804e-01
3.161019264615148483e+00,2.575335174825632567e-02,3.792711070672729647e+02
-4.206351178935479851e+01,1.197587076877026369e-01,-2.333895799217967522e+02
-6.423055865057508917e+00,7.425469768230066880e-02,-9.270090346408619553e+01
-7.093016861182082522e+00,2.730096563346757210e-01,-7.572950387478651457e+00
-2.581569194460740135e+01,2.630196911753166500e-01,-2.969596064718824024e+01
4.474757588879398895e+01,2.688079508565238696e-01,4.928053667980257302e+01
3.189334529709064725e+01,3.906561711172543139e-02,1.663032867370885924e+03
-8.223601013681722804e+01,5.651175958581722975e-02,-2.049153571947344972e+03
-8.117357533485746046e+01,1.091156926722242348e-01,-5.425382762799781631e+02
2.538513202102347321e+01,8.354743116088441113e-01,2.894032207662281309e+00
-2.567994568367466535e+00,1.083697003921055280e-01,-1.740077099311193720e+01
5.088564994002425834e+01,5.204000671809801831e-02,1.495239543570224441e+03
-1.023849726757996459e+00,1.560050460132642210e-02,-3.347719506509511120e+02
8.689085760539219550e+00,1.670256300587003029e-02,2.478551700192222597e+03
4.430277564473932017e+01,2.554751585638189715e-01,5.401616131500458806e+01
5.407132584389236740e+01,9.889060028049632134e-01,4.399943791060147547e+00
-3.628788286559518017e+00,2.025329065758398744e-02,-7.039804136643213042e+02
2.737661493842503013e+00,4.436822358776124631e-01,1.106689531551920069e+00
2.544871123684262670e+01,1.516064930546928147e-01,8.810901095956648987e+01
-3.430409238719675358e+01,2.644732708903195229e-01,-3.902765852485686082e+01
-1.903860306651913081e+00,5.982488754433959999e-01,-4.233128319779830284e-01
3.537498562678365044e+00,7.372840489719746648e-02,5.178652047328587571e+01
-3.061900890565096400e+00,1.115887703504092089e-02,-1.956772252077842950e+03
1.886815607841023645e+00,3.281693550114900826e-01,1.394195090563288053e+00
1.177179419531252869e+01,3.071907605682900125e-02,9.926965175691581180e+02
-2.280843268498823129e+00,1.910385927345230606e-01,-4.973285124081830766e+00
4.786436667095324538e+01,6.080329798734275537e-02,1.030263183256209004e+03
4.465629917486953815e+00,5.405492493541156351e-01,1.216192518542998036e+00
-3.733661634611795677e+01,7.317577846007480291e-01,-5.548689090227433951e+00
-4.734942683974269073e+01,1.284720743259418728e-02,-2.282902635931086115e+04
2.400530630885010730e+00,2.489712453684556764e-02,3.081761353084980897e+02
1.873946767201757790e+00,9.836950045980038526e-01,1.541084505254270987e-01
-1.923097138579699772e+00,3.850300102967077476e-02,-1.032291130282516320e+02
-8.561613776413135923e+00,1.706648410826933915e-01,-2.339147710173912742e+01
1.441528077388457563e+00,2.991474270803538560e-01,1.281866204946422005e+00
5.955538350162465910e+00,5.334844858184003558e-01,1.665204489044634251e+00
1.668854982998138725e+00,9.662589041276822832e-02,1.422399915457513409e+01
-3.297548116590482437e+01,2.179655013979413802e-01,-5.523390588342719099e+01
-1.526116582135400357e+00,6.693610091294341369e-02,-2.710547521555847439e+01
-1.896658203528447162e+00,4.365656630220116075e-02,-7.919177202902659474e+01
-7.919668845210306785e+00,9.892783278497621069e-01,-6.439618926037662394e-01
-2.120922335366024480e+00,6.060139116860171482e-01,-4.595679289251558552e-01
6.171528813540793834e+01,2.570958090409886099e-02,7.430069952044636011e+03
1.180203089447489972e+01,8.380394881769066551e-01,1.337266352429916871e+00
-6.497307685798050159e+01,1.363458865978432466e-01,-2.781246546353257258e+02
3.357393286539258614e+00,2.752619206647814454e-01,3.526144307998053229e+00
1.204950141615266590e+00,7.042560518354355759e-02,1.933294599171966510e+01
-1.118483167456716920e+01,4.047397834823721757e-02,-5.433351459455287795e+02
1.322264658582040475e+01,1.794111794269293708e-02,3.268959378306128201e+03
3.505887730423169302e+01,5.412625436832939341e-02,9.522965086341311007e+02
-3.037047028619303202e+00,1.629311563051008896e-02,-9.104023574922371154e+02
-1.105373504127391193e+01,1.406799514120573961e-02,-4.444621338655361797e+03
-5.776447942033851035e+00,2.233619020978078740e-01,-9.213673135484038212e+00
-3.434651452187229559e+00,5.904677700096048198e-01,-7.839356472395613284e-01
2.209632902141817468e+01,5.407804116722767646e-02,6.012683724100861582e+02
-2.113472523645364642e+00,4.228861147623350636e-01,-9.404590521412256043e-01
5.054680895716032296e+00,5.537871114019635721e-01,1.311590286493155455e+00
3.168137608049546117e+01,1.377829713559646299e-02,1.328015305399648059e+04
9.311070089687083851e+01,2.516554911361711805e-02,1.169975882645677302e+04
-3.187445391810054929e+00,1.480631749029270861e-02,-1.157014425414162361e+03
-4.740901569990034758e+00,9.627101882276821732e-01,-4.070614158023465601e-01
-7.440072545093543432e+00,8.341853432384634115e-02,-8.508288278032227936e+01
-1.196313179816327343e+00,4.283038810966347532e-01,-5.189565571961507473e-01
2.053265940737959738e+01,1.877710930504480902e-01,4.634233052681722143e+01
3.144214484400143661e+01,3.633096306044029666e-01,1.895607766736307198e+01
-6.456949612466800659e+00,1.337840019129868906e-02,-2.870841181156512448e+03
2.477972042046376444e+00,1.230820267967698209e-02,1.301659102434049373e+03
8.575090774063218646e+01,6.508489907660707230e-01,1.610899291724270910e+01
1.449043622331050774e+00,2.086167168380485132e-02,2.649557709004305934e+02
-3.013351728763039805e+00,2.360526038072513835e-02,-4.303505598559834198e+02
6.661572784924381985e+00,8.066437954775756980e-02,8.147105084688583077e+01
4.503410936053450797e+01,6.628588943467826899e-01,8.156231386772274661e+00
-1.255833123814704955e+01,7.121950291582332393e-02,-1.970262962771326158e+02
1.989342373593233404e+01,1.797972019685922795e-01,4.897041805139848236e+01
5.646962392244835982e+00,8.094604924978645588e-01,6.858256402289649722e-01
3.402178876356640558e+01,4.646342923074910786e-02,1.254078609620988573e+03
2.774210264869581888e+00,3.769016427741186948e-01,1.554080279673172971e+00
5.840622384041792792e+00,2.422083835408392685e-02,7.922658236846339150e+02
-3.385178056171069816e+00,1.235180907999898214e-01,-1.765673961557765992e+01
-1.381552226673614747e+01,6.090449982300608633e-01,-2.963866795340428961e+00
-1.169520817045780170e+01,8.090658955255561890e-01,-1.421773132087396974e+00
-2.106944158533723410e+00,1.355700010048959125e-01,-9.122543918542586283e+00
2.848067375695006120e+01,3.675847080167613662e-02,1.677357068668552756e+03
-2.250863823891640525e+00,3.580289988758978414e-01,-1.397342759464979434e+00
-1.047633380921539192e+01,2.715265549872973236e-02,-1.130771476445702092e+03
2.674146214656381915e+00,1.604217551104528128e-01,8.268919397206182964e+00
2.205922227324479223e+01,1.410260012107777960e-01,8.826366348703309939e+01
-4.871401133693908747e+01,9.421207947689644313e-02,-4.367479239633560724e+02
2.827894482838777535e+00,3.957202587658245618e-01,1.437066176694761888e+00
1.268508809276604588e+00,1.441433092599585242e-01,4.858415422043100840e+00
-2.063411466501552027e+01,7.666160963563491970e-01,-2.793959510526667245e+00
-4.660605500457491779e+00,8.651389066777415149e-02,-4.955195488695787276e+01
5.459501664692220757e+00,2.368906476088846746e-01,7.741895560380409158e+00
5.148076278276732864e+00,2.487816396718066370e-01,6.619092609267921645e+00
-2.290059730451543540e+00,8.679726334573212299e-01,-2.418938802437592128e-01
-8.045298112307276028e+01,5.607301138927877487e-02,-2.036219144319672296e+03
-1.938333743326751346e+00,3.484384274351432498e-01,-1.270476400012635620e+00
7.777988650777120938e+01,8.176216750729342619e-02,9.258756210960244744e+02
-1.878875134167791572e+01,5.867035662496086074e-02,-4.343607743356458855e+02
-8.614159445216271749e+00,9.144223704446947931e-02,-8.198027256608460789e+01
3.728126190122508454e+00,1.571936818476843759e-02,1.200633805698155584e+03
1.003601620230086811e+00,2.914811082740002141e-02,9.400060861346547370e+01
3.299203468131145289e+00,5.293696269808356031e-02,9.368740218433728728e+01
1.743350253221388035e+00,3.420182786679595854e-02,1.185976684889899531e+02
-2.266448486886769587e+00,2.154396309058442815e-01,-3.885838938561085865e+00
-1.301142174838113563e+00,6.101279302612879624e-02,-2.781461655550511480e+01
-7.184130342518682255e+01,1.224611427972093804e-02,-3.812130183815045893e+04
4.625633656188328224e+00,2.911419318795845437e-02,4.342620231671259603e+02
-9.177349730494420044e+00,7.488343713205640739e-01,-1.302374480160576553e+00
-9.041871045633703474e+00,2.262866235313622798e-01,-1.405175859953109807e+01
-3.937395671781570883e+01,1.785455335989440118e-01,-9.828816213139278091e+01
-3.137498777906965230e+01,2.180527736371022374e-01,-5.251102198543242849e+01
5.601344955822659344e+00,2.123752881160604067e-01,9.882674537704682294e+00
-4.109968190528301868e+00,3.005106044256761755e-01,-3.621670975208777232e+00
3.373155730755031279e+00,1.365582225247461146e-01,1.439430887087019251e+01
-1.124526579682588512e+00,7.741673079662747536e-02,-1.493104504210178796e+01
1.203794612772043493e+01,5.400074108935036810e-01,3.285058375976351641e+00
1.444511604946008054e+00,1.061022128111705209e-01,1.021085921772234073e+01
-1.510350003553425680e+01,5.613535035409498303e-02,-3.814124471486684911e+02
1.481982427779401812e+00,8.917280475956473884e-02,1.483092834408382643e+01
-7.028303142639575185e+01,9.352989738625440141e-01,-6.393515248734956913e+00
9.989928108083243785e+01,1.062270747153876670e-02,7.045017151913013367e+04
1.068762814115957971e+00,1.101464424303135424e-02,7.010201824374117905e+02
-3.306467518496258862e+01,9.120430239951406171e-02,-3.163178826618654966e+02
8.193418447659922776e+01,1.334004512598755549e-02,3.663875215003610356e+04
4.814322971785992777e+00,2.274156707168965147e-02,7.407720411503352125e+02
1.498753677329203393e+00,4.383231260205151802e-02,6.207712973593130101e+01
-9.542835181441249759e+00,1.068817298905660046e-01,-6.647534660043375254e+01
-9.660536675539640328e+01,2.321935654053284281e-01,-1.425906435038553184e+02
-3.394119099681007867e+01,7.160698428564309381e-01,-5.267523064054144832e+00
-7.246188387522018992e+00,4.902754567363731275e-01,-2.398940358206706147e+00
2.473520067530326383e+00,1.267695254301475505e-01,1.224830084538331754e+01
3.355683919198281728e+01,2.046176335511529568e-02,6.378008114091750031e+03
1.120417032546730773e+01,4.932451295302160421e-01,3.664748933802192798e+00
6.145312207060081633e+00,8.785042955711177548e-01,6.336454328554265159e-01
1.440394120434682845e+00,2.969190691239494972e-01,1.300155493380316329e+00
1.033249386685231208e+01,4.547549843962261362e-01,3.975944892508532114e+00
2.923272764314549121e+01,2.373262938176523215e-02,4.130168422827513496e+03
1.913474060883537931e+01,1.278786203066210533e-02,9.311439617167710821e+03
5.359711994309606098e+01,1.495206045718209566e-02,1.907785310745102834e+04
-3.210062913246699878e+01,5.670799053133060430e-02,-7.943559698400224534e+02
-2.277024109151079223e+00,1.252786857649862695e-01,-1.154525121873818527e+01
-2.001710252890372388e+01,1.335685508755172189e-02,-8.928590833888034467e+03
-2.604256846998092811e+01,1.610327543304924253e-02,-7.991816585802915142e+03
1.402045913453208392e+01,4.750247692142234301e-02,4.944471302694180963e+02
-5.098169494715836692e+01,1.428190568203658965e-02,-1.988987641540322875e+04
1.526012009472044628e+00,4.537725890630430609e-02,5.897549183147832252e+01
1.983847694259155192e+00,3.846602303496568509e-02,1.066949559249007962e+02
7.229380117638062764e+00,1.777291621785137277e-01,1.821267799053609338e+01
-8.685389707797046555e+00,7.342836830851175167e-02,-1.281892747520432181e+02
2.723311068296568216e+00,1.017113393219482020e-02,2.094829306244624604e+03
-2.516647469362184975e+00,6.454020032947173080e-01,-4.807860984022134243e-01
-1.294252045695986020e+01,2.692733729446419866e-01,-1.420437650451872180e+01
9.798643939543357106e+00,1.080921369790368257e-02,6.673718850705668956e+03
9.049374820952725429e+01,1.003173033573360462e-01,7.155780563869044499e+02
6.586075728392881956e+01,1.132596846225976395e-02,4.085697040896476392e+04
1.390136698236526414e+01,1.223260905787055403e-01,7.392808417856039682e+01
-1.327681398834944959e+00,1.325729723115010028e-02,-6.011377756242870873e+02
-7.199848326917678776e+01,1.218499869482557174e-01,-3.858890983337738021e+02
-1.712151476640305958e+01,4.779647673492574966e-02,-5.964040064121645628e+02
3.139301771156565390e+00,3.717488622290314459e-02,1.807689789789538963e+02
2.131281335620056439e+01,8.410928329759007060e-02,2.397414087719941733e+02
1.353883301176856868e+01,6.433499160157415964e-02,2.603016196890506535e+02
9.741453331390262704e+00,6.967814772687253022e-01,1.596690332941991475e+00
-3.279524997775717310e+01,4.217250197683247714e-02,-1.467379160738164728e+03
-1.108515430422406212e+01,4.659765853561253363e-02,-4.062596496531020307e+02
-3.224610328060543907e+01,1.078290616342981664e-02,-2.206966418525371409e+04
-1.237800799683888542e+01,1.727104201393431238e-01,-3.302203349724591419e+01
-1.455748301481726292e+00,4.543831412658638075e-02,-5.610893284996527797e+01
1.271556901685815255e+00,2.741040875732326243e-01,1.346774582593636360e+00
4.970185445142313085e+00,5.451505705738066143e-02,1.330852078649439534e+02
-3.164720796573289974e+00,3.251132272654654320e-01,-2.382628095549159664e+00
-4.736391534198359565e+00,1.243583036243708570e-02,-2.437183076598902517e+03
7.601483822177695515e+01,1.172230929279591827e-01,4.402122862224541677e+02
-1.379386755613807303e+00,7.226380913614370571e-02,-2.102008594414747122e+01
5.956929338132635365e+01,5.016882109066014145e-02,1.883409657432310723e+03
-1.518502171257155142e+00,9.938390598958160571e-02,-1.223413956121963153e+01
-1.077014444676245075e+00,5.879992867613543367e-02,-2.478894622830226169e+01
-1.251751963626898601e+01,6.497587669253711284e-02,-2.359413833439298003e+02
-9.791042951958411322e+01,1.388975383317676560e-01,-4.038592124587284502e+02
-2.857389114185944212e+00,1.027217031813441872e-02,-2.154939583171953473e+03
5.196204877978789938e+00,1.000040887097263520e-01,4.134670341993710707e+01
1.231909026286443831e+00,6.350297362721550876e-01,2.430975873896796535e-01
4.869972610724691009e+01,1.536993331539689700e-01,1.640486603323110728e+02
-2.450357432748381825e+01,8.002690512153274316e-01,-3.044721204549557747e+00
-4.845507549989797269e+00,8.103524476595462545e-02,-5.871938713199170223e+01
-6.318047038049908082e+01,1.626928780622524662e-01,-1.899485169004376814e+02
-7.681183054094592677e+00,7.656133696808189448e-01,-1.042795704426050074e+00
-5.916145779817523476e+01,2.882860387351819376e-01,-5.664763480284706532e+01
-9.019651471901794082e+01,1.077762226879062056e-02,-6.179224518012763292e+04
3.598626150612569319e+01,1.510314097414868773e-01,1.255429458885970462e+02
-1.185742961857678024e+00,3.052309822295470182e-02,-1.012799464429444214e+02
6.728154697795090122e+00,7.339819244719114621e-01,9.938374886768344130e-01
-3.584090443496381173e+00,3.249048210248797752e-02,-2.701822320957915053e+02
-1.008293064402129069e+01,2.605539106580845865e-01,-1.181902698134501151e+01
-2.675129844755746333e+01,3.265826372233053831e-01,-1.995946145728709098e+01
2.314879209507378910e+00,5.813766554317449931e-01,5.450085207095447526e-01
-9.542839294292617680e+00,4.944655291255801999e-02,-3.105958899241921358e+02
9.984547140098015916e+01,1.736718599837712776e-02,2.634265819168281087e+04
-1.354841648102288332e+01,1.222876926105052053e-01,-7.209633255669145058e+01
1.527636860278442477e+01,4.110694287084020598e-02,7.194156912016360366e+02
-1.236474713365166345e+01,2.657137777066495010e-01,-1.393629168203552560e+01
3.184203120495628703e+00,4.241962401289595119e-02,1.408177075621974552e+02
4.511059378599569669e+01,4.053364689690294731e-01,2.184928954377206622e+01
7.537670210729234554e+01,3.158482030796854190e-01,6.012712623036353676e+01
-9.328679659511967870e+00,1.000271809078696027e-02,-7.419493482131725614e+03
-7.415584359559576910e+01,6.171180037815940378e-02,-1.549526765601826810e+03
-6.260620793917581750e+01,3.384388787585729946e-02,-4.349577166989362013e+03
-1.085468893822484571e+00,2.711436077821089419e-01,-1.174921301330953627e+00
2.937689646750515582e+00,1.217101321362445282e-01,1.578129291559828218e+01
-7.064256458225264268e+00,2.498698405210357798e-01,-9.003863741847723645e+00
-1.245186657495502391e+00,1.556112216552586192e-01,-4.092067321245221656e+00
-6.739655438651102060e+00,1.033020993112056425e-02,-5.025850146293720172e+03
6.325801561453000943e+01,6.032571532241646356e-02,1.383250192791728068e+03
-4.782197227829531272e+00,6.015400922359414038e-01,-1.051691740535441788e+00
-6.347930907548715851e+01,3.965119602465295157e-01,-3.212992735366459129e+01
-9.694493670810263808e+00,1.004593371958853454e-02,-7.644245926195846550e+03
-9.503947070122098495e+00,3.113500383218352208e-01,-7.801826676528690108e+00
7.474951887282679763e+01,1.706867707519053867e-02,2.041732367319468904e+04
-4.409447817157476379e+01,6.289141402344693155e-02,-8.871389035575515436e+02
-1.376017367052325024e+00,1.245023584122345872e-01,-7.064133446847408848e+00
8.654031112608031151e+00,4.504096758342853168e-01,3.394635628248228176e+00
6.804059297858634281e+00,9.354004355776214530e-02,6.188182171330118564e+01
-1.831371907512324926e+00,1.153657204244723372e-01,-1.094997478392218149e+01
-1.195276003974012013e+01,1.590084233982565209e-02,-3.761993785823572125e+03
2.921415470003199566e+00,5.271652324474281059e-02,8.365462191288511917e+01
2.253294694739579640e+01,7.230203696708793759e-02,3.430102234679915227e+02
2.460307386913298089e+00,4.032584415436770153e-01,1.203961423445827350e+00
-3.159011775650990117e+00,2.729347620776934741e-02,-3.374610670226668958e+02
-1.851005521330225179e+01,1.944669668015254205e-01,-3.894988408000094893e+01
6.584003746589041306e+00,6.761756865215524936e-02,1.145937954900960705e+02
-9.668295554820143423e+01,3.829103296893733577e-02,-5.247420762368998112e+03
5.823787341342081980e+00,8.605589489413080495e-02,6.257983211456514283e+01
1.666673961374047508e+01,1.492821922718701455e-01,5.951477251588777762e+01
3.603369173916474466e+01,1.649588667625333932e-02,1.053774211407552139e+04
3.153324967508573451e+01,7.319713819821266343e-01,4.683501482869980137e+00
-2.445467597753980726e+01,4.709402603952610455e-01,-8.774460224384172946e+00
9.376493571402069449e+01,1.374518826654954617e-01,3.949382621052043305e+02
1.011650721659956886e+01,2.873334448927671314e-01,9.750982391869731813e+00
2.301503971005834259e+00,2.009664469207731174e-01,4.534764686480056817e+00
-1.213706834919243027e+00,1.614975941262511774e-02,-3.703154398507226688e+02
9.837638922683156295e+01,6.755942344509628661e-02,1.715177792820648619e+03
1.551822146868514274e+00,3.896311632727737784e-02,8.134384769559331119e+01
4.036524380561776582e+01,7.024479539707869646e-01,6.509826474685088016e+00
-1.493440166271851943e+00,1.495492384513369584e-02,-5.313853193113199040e+02
8.032937373740526965e+00,1.283184657419488561e-01,3.882274153407080064e+01
-7.537299775826890702e+00,4.652531808468690633e-02,-2.770940641295102296e+02
4.563257153029649515e+00,4.378788857835525516e-01,1.893900115715371646e+00
-2.383791235364860484e+00,1.706155795595071245e-02,-6.516598785886399128e+02
-1.116240603055046599e+01,8.755960161008566889e-01,-1.158618338123708513e+00
-2.720114934302961807e+00,1.256864560327634189e-02,-1.370251952392377916e+03
-2.045404283497064668e+01,1.639834495455314359e-02,-6.052980309805736397e+03
4.165249835176407345e+00,2.693133998189379749e-02,4.569990180283181758e+02
-4.578966820399253734e+00,6.635201533363512816e-01,-8.276551005715194753e-01
8.597205346535312742e+01,2.234489900529406173e-02,1.370221077947430967e+04
3.496907347788190634e+01,1.384371102908325997e-02,1.452008674560161853e+04
4.990998925777746287e+00,1.567488125720234438e-01,1.616475375559214100e+01
-4.493843578456912624e+00,1.862906185919661201e-02,-1.030448088111855668e+03
4.037318939749859936e+01,1.625688141023569899e-01,1.215650462766253384e+02
5.417623209638865944e+01,3.218201768060028473e-02,4.162673945785940305e+03
3.573994648567320631e+00,1.666501126501972185e-02,1.024077467866667803e+03
-7.107467461194111991e+01,3.839320328362398893e-01,-3.837039935586301453e+01
1.556345408963656585e+00,1.780138622188258760e-02,3.908305278869283939e+02
-1.772883924320304061e+01,2.324743556773184172e-01,-2.610479773910938306e+01
1.327822514584227598e+01,4.141453641648139283e-02,6.160621902943530586e+02
3.788755103373294020e+00,3.753664281664480518e-01,2.139812965797118327e+00
-2.438110059199916968e+00,7.415690278639254507e-02,-3.528095046421644554e+01
-1.199571411008505706e+01,9.471427047445751812e-01,-1.064107258874163797e+00
8.060421161051949923e+01,3.825525021087989863e-01,4.382942536700791436e+01
-5.047748281369477752e+01,1.165688467695617271e-02,-2.956125213437609273e+04
6.207775751791663410e+00,8.686530285104381022e-02,6.546866421099440458e+01
2.265074008317645049e+00,2.870229872314343164e-02,2.187958963831916321e+02
5.277658963149340821e+01,2.063351602191431100e-01,9.864724934783059496e+01
4.982510452874257645e+00,5.595028904334899827e-02,1.266583090034899470e+02
4.395105523591641195e+00,1.005714472875872748e-02,3.457880995342411552e+03
1.099987294954044792e+00,2.615753830410871492e-02,1.279334362573773944e+02
2.383461984882022477e+01,1.166656295082270228e-01,1.393517759741286000e+02
-9.340369876209392430e+01,3.970798599580901284e-02,-4.714096737743882841e+03
4.336499556401219024e+01,1.768311060530031176e-02,1.103601076677507263e+04
-3.512673671698077538e+00,5.424383869379081347e-01,-9.500076662646665948e-01
-5.282989585816832090e+01,1.654443240702167806e-01,-1.535911336435965211e+02
-7.581944506486375701e+01,1.328927345079674305e-01,-3.416396447438118003e+02
-2.142509548222383131e+01,5.090193867016380436e-01,-6.580278204439732548e+00
-5.766372363582325278e+01,1.399917267187744327e-02,-2.341467202093084779e+04
5.645508924529779193e+01,3.545320632008032435e-02,3.574227551040286926e+03
-3.227123378922612140e+00,4.584771043892925113e-01,-1.221716390594513424e+00
-3.273983540991789898e+00,1.466754716869239084e-01,-1.211020906687586773e+01
2.628321728480357944e+00,2.856211852323728775e-02,2.563821749189198727e+02
1.477533629012352279e+01,6.280845613889025625e-01,2.980514737148291626e+00
5.885545407809771490e+01,7.741195225559366344e-02,7.815572758944850875e+02
5.174484880495407779e+00,2.953192856670817240e-02,4.721430919206781596e+02
1.135608403678775602e+01,1.895471742629370807e-02,2.515267068840510547e+03
-2.676256419162609479e+00,2.898402336464038220e-01,-2.535131640948167675e+00
4.258937314664357210e+00,2.116362844786110475e-01,7.566780346355419518e+00
-1.191438598855176334e+00,5.277087595648689150e-02,-3.404655664286781303e+01
-5.666013333866294133e+00,1.048617478036642375e-01,-4.100469103943743931e+01
1.036591259384376507e+01,1.669231654560787009e-02,2.960495837034301985e+03
3.111480103610782866e+00,1.320315623767280913e-02,1.420370485267037566e+03
-2.557555692369482880e+00,5.390925169924002391e-01,-7.003072596336080702e-01
-1.583796774095904469e+00,6.604883343087071257e-01,-2.889078133167784501e-01
1.172930418026160915e+01,4.284708338827152713e-02,5.084167564772946548e+02
-4.476276561972478163e+01,1.095562782313062866e-02,-2.967785485563820475e+04
-1.139845003986425187e+00,1.181797621035145796e-01,-6.494559698034229278e+00
1.716270770316757455e+00,2.181466303439340837e-01,2.869980356409213673e+00
-7.182957709975144489e+00,1.140451636520275341e-01,-4.394805911298954015e+01
1.668846782475823076e+00,8.831153372836868520e-01,1.702831780917414550e-01
1.360062594002572345e+00,4.786870471788952086e-01,4.723301626810224030e-01
-5.422017945263110050e+01,1.328535046064804881e-01,-2.444584511930156623e+02
7.655838824870872372e+01,4.164468634028599681e-01,3.512883336263953282e+01
-1.794005467904633733e+01,2.492117693284055524e-01,-2.298670917669895886e+01
3.644887904197060102e+00,6.091274162933399960e-01,7.817322305203077137e-01
-9.990690878116787133e+00,2.642617734175520261e-02,-1.138457879725404837e+03
4.685689951943715847e+00,2.674531823440877421e-02,5.212764976461410242e+02
5.324582347079017097e+01,8.582029321352578621e-02,5.753017511177645247e+02
-7.309461411294408073e+00,9.213894701295267942e-02,-6.851553042156037066e+01
-3.558138341254964132e+01,3.601304554163420324e-02,-2.183198705120357317e+03
2.665976558275094277e+00,4.151652306053945085e-01,1.230848249960731167e+00
1.307184107882821955e+01,7.776504586523088625e-01,1.720117167423153459e+00
-3.622510003795397893e+00,9.934157734201611856e-01,-2.921040823706250178e-01
-4.447519536235292037e+01,2.194621194680346568e-02,-7.348333566281800813e+03
2.219232553784105022e+01,4.565609733964756667e-02,8.472184003799338825e+02
8.243590221974753263e+01,6.985189755029388436e-01,1.344466900219235761e+01
-1.437024638154971168e+00,3.740322403711546229e-02,-8.174030861374218659e+01
-1.325472489636145612e+00,1.923095722594201640e-01,-2.852062579486701388e+00
3.622552259162070243e+00,2.139838668921267145e-02,6.295681264300034172e+02
-5.401592892605462737e+01,1.225465371653337333e-02,-2.862265379549641148e+04
-2.228816137542815934e+00,2.276919422318349207e-01,-3.421125894755246755e+00
5.906958973524671563e+01,5.994430893577053221e-02,1.308151895474790763e+03
-4.771644047287286128e+01,5.805015532012522406e-02,-1.126811842698363307e+03
-6.104017349627873301e+01,9.457190978798084569e-01,-5.431022184274858056e+00
3.897602719434090979e+00,3.239864862070137019e-01,2.954839623442581775e+00
1.977218343761502339e+01,5.391437775279206424e-01,5.412969407062289129e+00
2.262839062294807135e+00,3.999262510679357785e-01,1.125858935529402194e+00
5.922559821260269075e+01,8.998971099762167469e-01,5.819877960779079373e+00
2.789200094458641033e+00,4.354029356455475092e-02,1.170811828667905843e+02
3.978235172375094209e+01,9.359045914180350589e-01,3.614243702674275305e+00
-1.095707232081426508e+00,3.979772172882524717e-01,-5.505138404814494679e-01
9.382359082690795660e+00,2.784832102570543588e-01,9.627292188786942262e+00
-3.393556219623181658e+00,3.262275086361013376e-02,-2.537488165327076501e+02
2.036755282766413444e+01,7.065907600491490304e-02,3.246333096998193355e+02
-6.961648471274111216e+01,1.532695498928491294e-02,-2.358253359215979799e+04
-1.470409041078594159e+00,1.049142163537217752e-02,-1.063064506597317404e+03
1.003383142708546671e+00,1.258742312412350073e-01,5.039451548140728931e+00
4.780117663483144952e+01,1.392307632055179469e-02,1.962267972176818512e+04
8.357734146441099199e+01,7.718792723621469287e-01,1.116297445363195884e+01
-1.284941015719035917e+01,3.066539646656766052e-02,-1.087367028897876253e+03
-1.939057578630005496e+00,9.645504228957599291e-02,-1.658559169489457119e+01
8.920462501319204307e+01,2.780078878241854512e-01,9.184663963613225235e+01
6.694369026822002411e+01,1.211324747915560815e-02,3.630601684636472783e+04
4.716547475826900815e+00,7.374591250443962576e-02,6.901419692182849985e+01
7.083020223194534282e+00,2.405578159260690352e-01,9.740240349643093154e+00
-9.175313946982154789e+01,1.324079903012203262e-02,-4.164690013143545366e+04
1.820149076655398801e+01,1.355006606743175933e-02,7.888860386449254293e+03
1.518122443073020911e+00,3.712450568428310449e-02,8.765477458932895161e+01
2.616697282110702005e+01,8.444787512761540993e-02,2.919887820683513837e+02
-4.751761010162471166e+01,4.599505305673246697e-02,-1.787402978599145627e+03
5.694952082487457545e+01,3.782821159116199206e-01,3.167003848110585551e+01
4.244689073188369832e+01,4.888153926385872539e-01,1.413664241906800356e+01
3.975421174134122282e+01,2.285983425328269245e-02,6.053786884802093482e+03
-8.227395947176695756e+00,6.749448756307296904e-02,-1.437195754412720134e+02
-1.390227019138430498e+00,7.125022956602564683e-01,-2.179231284188073714e-01
1.936619271770355510e+01,5.685843586097241165e-01,4.766993596869373739e+00
1.834590123532571937e+01,4.447931075879578422e-02,7.379264704057536619e+02
2.786584388318490824e+01,2.619389253960653988e-02,3.231932283142446522e+03
1.474444142528739787e+00,1.136528277530289427e-01,9.083599318447474147e+00
3.322914688103633996e+00,6.008794203805491174e-02,7.323769499364446744e+01
-5.083710355610316256e+00,5.605986541084971575e-02,-1.287261656304656583e+02
-1.589980296181220965e+01,1.817343079980546228e-01,-3.830963684190962226e+01
5.655378924302647548e+00,1.375967079100445800e-01,2.377035996644942983e+01
-1.114232872122011919e+01,3.448337106737127122e-01,-7.456700017762232235e+00
-7.163438739409632383e+00,3.734255078231301511e-02,-4.087932599394641215e+02
3.795402903243679305e+01,5.814496854114445945e-01,8.933543196060156788e+00
9.719565250635307407e+00,5.294268092547291804e-01,2.759466440792256225e+00
3.883733939183764861e+00,1.909585709087282049e-02,8.475421281466337859e+02
-5.172636855293553992e+01,3.886069916890911302e-01,-2.725717897328182104e+01
2.184710682403527393e+00,3.939080902060135281e-01,1.120454608034767041e+00
-9.309876722352948164e+00,1.919946613711722705e-01,-2.009813507069451433e+01
-1.224167289508419465e+00,3.485588907559696026e-02,-8.018231243016528254e+01
3.284271130888679391e+00,6.902335998930148042e-02,5.485761798095478525e+01
-6.672356563679858077e+00,1.273641244093391411e-01,-3.273219681414127535e+01
1.295368984030078163e+00,3.713968066026113873e-02,7.473211953254005380e+01
1.593175618428723261e+01,1.475029399034344657e-01,5.827099510045897546e+01
-2.238449907329347610e+01,6.499260822173068275e-02,-4.217058095368156501e+02
-6.857105221832655673e+01,1.365700978836929813e-01,-2.925632072546569020e+02
1.904061918267137088e+01,2.704854860823384735e-02,2.071015123743756249e+03
8.629768164201211178e+00,1.321221852006596552e-02,3.934030917538726499e+03
1.117037619445964358e+00,1.102288362046845854e-01,7.315895461791228627e+00
-4.725661802745578122e+00,4.337600627994105951e-01,-1.998727773985050193e+00
9.412323994381928571e+00,1.462869701657801558e-01,3.500061810793761907e+01
6.897025590699195519e+00,1.382470889559828109e-01,2.871706048779909537e+01
6.249473926352941788e+01,5.468981448998963546e-02,1.662726030960998514e+03
-4.214653642643296116e+00,8.057829848281787555e-02,-5.165541339021545753e+01
-1.347797939986415905e+01,1.881896668633832592e-02,-3.028470707085204594e+03
-1.468545923818977172e+01,2.545796664678195639e-02,-1.803143297166267303e+03
1.474398859828140340e+00,1.298183392616648890e-02,6.961984056103596004e+02
-2.109609773942603539e+01,6.285838433088566379e-01,-4.248795582263698911e+00
5.587264887106312727e+01,1.025859671477618723e-01,4.224871291513758251e+02
-2.196813633965292389e+00,2.355617625656791086e-02,-3.150458482659754509e+02
7.109302053487547823e+01,7.290001473533549992e-02,1.064539719679038171e+03
4.882003647967599846e+01,1.136073566171290350e-02,3.010061200396626009e+04
-5.081836794039027438e+00,4.082204192877832150e-02,-2.426729672407875000e+02
-1.555782630965935720e+00,7.075075882525657667e-01,-2.473300300560815346e-01
3.089302693244097231e+00,1.121429864662560130e-02,1.954818155399148054e+03
1.535462507246292851e+01,2.413403235555561521e-01,2.097826518756081171e+01
1.914998158821164198e+00,3.041311999325567450e-02,1.647542194209194406e+02
-6.994306021261984085e+00,1.005610688396367872e-02,-5.503956648909802425e+03
-3.016358247044643726e+00,2.254404817762524493e-01,-4.722905422663011166e+00
-2.026383710510440039e+01,1.622300587891478685e-02,-6.127018201397090706e+03
-4.065595909448430412e+00,3.492036968209316639e-02,-2.653118704189436698e+02
1.251295023770169879e+00,4.789551560884551806e-01,4.340703760135658507e-01
2.327826931283582201e+00,1.999137718156989568e-02,4.635060401551674545e+02
-2.829898801675172848e+01,2.638934613055462508e-01,-3.233730197536898743e+01
2.431575516482820021e+01,1.396487256829330795e-02,9.922107857904778939e+03
5.952335823895626099e+00,1.124892168282198984e-01,3.743309835058394697e+01
-2.839483624167480258e+01,3.238293545323937817e-02,-2.154750925696094782e+03
2.707545842196334007e+01,3.613185671531335408e-02,1.650385486711423937e+03
-1.578579887172820406e+01,4.414642456235246676e-02,-6.445633826554748111e+02
1.679997066612336099e+01,3.305497567640241358e-02,1.223559168165384563e+03
-3.572201395644339073e+01,1.506408360010497993e-01,-1.252681424258530853e+02
-2.005299710628035470e+00,2.676147239734938399e-01,-2.228175622340614392e+00
-1.454285411213053880e+00,1.019012238898086564e-01,-1.114502336130032134e+01
-3.728249656535780332e+01,1.397000375434876984e-01,-1.520204720796953950e+02
1.006436366301701746e+01,7.796922882561413415e-02,1.317437373706250128e+02
3.174765538819948496e+00,5.173010573628641223e-02,9.440936167673679336e+01
4.293286242626347615e+01,6.700268686776229554e-01,7.610190766532675788e+00
8.423326646920868299e+00,6.443447616230564556e-02,1.614496746343415339e+02
3.336968920755689183e+00,5.439791200622769995e-01,8.973829988022474780e-01
1.369141923098672553e+00,7.352961250170528262e-02,2.015180955507132055e+01
1.540449596244465535e+00,1.079352617698500771e-02,1.052230607302213002e+03
-3.748165010184250523e+00,5.485246147610322448e-02,-9.913262263008346054e+01
-2.903107335024083469e+00,1.832418700732172390e-01,-6.880243336930071507e+00
1.032401785508642078e+01,3.397777019787068947e-02,7.116216190088917983e+02
3.804898122648631809e+00,8.635223880128303775e-02,4.060560311018365098e+01
-7.639524253454426983e+00,7.995161560118722033e-01,-9.510469603526620075e-01
3.366642974130206767e+01,1.191613286415923664e-02,1.886759410928889338e+04
-2.490660568667990304e+01,2.022616444431426797e-01,-4.844819633697957784e+01
2.986225809955607247e+01,8.137612997159524575e-01,3.588547642816659167e+00
2.692636722586793141e+01,3.618488670652858508e-01,1.636490415262199605e+01
-3.431654999695297636e+00,1.187973812525617429e-01,-1.934995775539129781e+01
-6.086664353424049523e+01,6.171513888114910085e-01,-1.271704090172167945e+01
-7.752571216708855673e+01,2.824267736736432721e-01,-7.734356225005268470e+01
-9.921796831171288034e+01,1.245321253747628393e-02,-5.091170778593156865e+04
7.602523940046841844e+00,1.451406089651698442e-02,2.871904873036864501e+03
-8.175692501198724926e+01,6.959468579880616623e-01,-1.343267563488405258e+01
2.060281125641107991e+01,1.605169211172518748e-02,6.363191274165046707e+03
-1.261498541130445128e+00,8.358789030461666325e-01,-1.436779624181706572e-01
-6.181887849339774732e+01,3.439199020486520819e-01,-4.159073937428023271e+01
6.508994927861743918e+01,7.729778833670092331e-02,8.669018568498172499e+02
-1.045774496161827827e+01,3.475164713922829218e-02,-6.890922959243941932e+02
-7.747081996183713848e+00,1.391889460055066585e-01,-3.182136434976441564e+01
1.704125954358127615e+01,3.911371994197244267e-02,8.864078290296193927e+02
1.625795254580324567e+01,3.336570461708388002e-01,1.162131802579775552e+01
2.313611960110067400e+01,1.709019522730734209e-02,6.303570421069695840e+03
1.191734027920893890e+00,4.729100992871074216e-02,4.240453435265543192e+01
-5.417729951249034670e+00,6.439899858674708044e-02,-1.039559284415303040e+02
2.027655407917351216e+00,3.357310146238388082e-01,1.431532988235739712e+00
-9.197406490924925038e+01,4.732003653793281361e-01,-3.268627080369904547e+01
4.738939383661723781e+01,3.478194612302875077e-01,3.117191860312197349e+01
-4.034223047500820947e+00,5.581607230974794387e-01,-1.030460851306286063e+00
-1.356186304043839774e+00,5.977105898720554145e-02,-3.020839067375978715e+01
4.245098035104931000e+00,8.932680156167103203e-01,4.233643573142761296e-01
-2.495640588132297832e+00,1.567217262042403317e-02,-8.085628121073636976e+02
-2.008078283194586700e+00,1.490390192583178341e-01,-7.194006191786440851e+00
-2.544979167922870289e+01,2.626074148051379953e-01,-2.936705516121233117e+01
3.519094205662899100e+01,2.826810880121408479e-02,3.504511751060486858e+03
-1.775329819260614883e+01,7.941313656867156068e-01,-2.240188092622805272e+00
-2.810643745512365843e+00,7.353698924824367267e-02,-4.136035401911279763e+01
6.178140336816489331e+00,6.916510550583233885e-02,1.027717655703295065e+02
8.549900859181838086e+01,9.458072215171066111e-01,7.605818605751128558e+00
1.197946627154532040e+00,1.821887964341036351e-02,2.871998914327433567e+02
1.514085566224774482e+01,1.371974066966619166e-01,6.401013608180375059e+01
2.344249522735974978e+01,1.299055581493577249e-01,1.105448477243871679e+02
-5.780946692179578683e+00,3.176073767996680924e-02,-4.560452523612866571e+02
-2.735010239812334731e+01,6.280030584114079106e-01,-5.518557539153499114e+00
-9.254105020616403721e+00,1.240839848365478046e-02,-4.782919768584557460e+03
-1.525027318865477488e+00,3.594108794118549555e-01,-9.394752023841344002e-01
-4.180809038230397334e+01,1.593526695535296966e-01,-1.310182458279509490e+02
2.222245446195617369e+00,9.346883365843894342e-02,2.024177131600550084e+01
1.266942457336578398e+00,2.081731377495674162e-02,2.326471034257239410e+02
4.831511006608931069e+01,2.409127041282694767e-02,6.624509152029225334e+03
-1.565749352953933027e+00,1.242639611445055248e-01,-8.069042259892166058e+00
1.998082338159931126e+01,9.972735619236962057e-01,1.598729192304188196e+00
-2.175308844077842974e+00,4.744233676346291673e-01,-7.690931044576261311e-01
-1.448758760005701474e+00,4.197642686176787374e-01,-6.542975223829222697e-01
3.857337254137666349e+01,1.592788417054126215e-01,1.209933691353520118e+02
1.950160951661690945e+01,7.874763103145300536e-02,2.502566327266312669e+02
-1.250159410255216841e+01,1.601622938434350552e-01,-3.878242577396488144e+01
-1.304563738490507330e+00,1.103022369589944929e-01,-8.532706323510900859e+00
5.039908075745815452e+00,2.939610687431550295e-01,4.641230269180513623e+00
1.970765939605550443e+01,4.992742478604066808e-02,6.291393533464305392e+02
1.573630903847254903e+00,1.347896848213687125e-02,6.892546366134831715e+02
-1.142422662321348525e+01,1.318390849354710188e-02,-5.230323914163523114e+03
-8.397512226113613920e+00,7.849995222195035316e-01,-1.084431179647956656e+00
-3.608630158911346530e+00,6.129232924800119831e-01,-7.643992612835442957e-01
-1.108708066776472201e+01,2.229288914707313121e-02,-1.775311762039918676e+03
-3.282536231324118869e+00,8.445440738189800844e-02,-3.662309358052758768e+01
-2.807814591343939625e+00,7.522879384906047129e-01,-3.948120188790482654e-01
2.366120555005987836e+00,7.029034261401818917e-02,3.810971350985418127e+01
2.268686005011712581e+00,1.717001300782638185e-01,6.123832166047471048e+00
-1.038580295240693196e+01,1.800713584012829660e-01,-2.548830368774898858e+01
-2.881817823639161347e+01,5.722008018552503239e-02,-7.004219294619455241e+02
1.706010964494473470e+01,1.558381988332540637e-02,5.590158399537421246e+03
4.726694924812351672e+01,5.415487395379516705e-02,1.282544993787161047e+03
9.983172690232429147e+00,4.704385964308249041e-02,3.589655973221530871e+02
-1.479600026283417691e+00,4.226293664387040239e-01,-6.591968521651162538e-01
4.535845518040353852e+01,4.592500678836136663e-01,1.711393714297184232e+01
-1.485761640265722150e+01,3.773524046745584948e-01,-8.303191104594501937e+00
-1.105280463210980058e+00,2.579918507794434768e-01,-1.321449750871508844e+00
4.056001255993182752e+01,1.306107470720341279e-02,1.892040331133982545e+04
-5.125911740007416029e+01,2.529390847444329404e-02,-6.375722033155475401e+03
2.962006386430139582e+00,4.451441513375473114e-01,1.189528312337098104e+00
1.277631997501301075e+00,3.630108892530934384e-01,7.715367375996847743e-01
1.400731689064699914e+01,3.438064908334524938e-01,9.430114080935396714e+00
2.752687348471412321e+01,3.957733328846419485e-01,1.398472615026464361e+01
-3.108301485906762363e+00,5.787895795247502972e-01,-7.383662970603119824e-01
-1.063964285716033853e+00,2.329691672433955030e-01,-1.559984529977085366e+00
3.303509558547720104e+00,1.163027153328261183e-02,1.943506488991215974e+03
5.438594830436885630e+00,3.826125228036112436e-01,2.956367919689712576e+00
-3.234721508136532719e+01,3.275345363684359357e-02,-2.399456227870035491e+03
-6.207391267099433918e+01,2.701461903197886483e-01,-6.768642275539630759e+01
-2.910320831631370009e+00,4.145071980763211372e-01,-1.347928483503948005e+00
1.566043177189331059e+00,2.265874650727390041e-02,2.427292456050153078e+02
1.002814658932181358e+00,3.432692235497845218e-02,6.772376193187949411e+01
-1.031416684456171318e+01,7.763870034108283358e-02,-1.361657162484065395e+02
-6.190460054176845262e+01,9.084194833823502901e-02,-5.969530577269431433e+02
3.394330089127522854e+01,6.530764534654773246e-02,6.333097273523553667e+02
1.468256818357649429e+00,6.093445465275273421e-01,3.146779447197515234e-01
-1.254402771631281110e+00,9.132409172931116315e-02,-1.196896005871248470e+01
-3.068240774703299323e+01,7.125119170937174173e-01,-4.809448825633507951e+00
1.218324909190804828e+00,2.788052889699620465e-02,1.247243482999795532e+02
-2.547430653945490509e+00,8.730282363254192324e-02,-2.659720041905553600e+01
1.537405567762265335e+00,7.412446617591039733e-01,2.226667796378245245e-01
-9.722229519864917791e+00,1.812565693740542452e-02,-2.354878441272324835e+03
-8.424014292817287242e+01,2.279233696907445872e-01,-1.290421282038070387e+02
-2.361942480292521296e+00,6.378424737628840546e-01,-4.619900075991106303e-01
3.278260351710403420e+00,1.611209176878695137e-01,1.004915913500988012e+01
1.356243056725683260e+01,7.139438142327031445e-02,2.117383836900793881e+02
1.609276047513598984e+00,3.404589080282267866e-02,1.104819369240276785e+02
-4.487821874715151438e+01,1.874710603344850388e-02,-1.016148722613148311e+04
4.498096761599705395e+00,1.773324589230557413e-01,1.138262576206582821e+01
1.291471599241046819e+00,3.403657894342650980e-01,8.871216775223025319e-01
-3.317313097551829770e+01,6.472844290890288066e-02,-6.300663410444120700e+02
4.622380415861834990e+01,7.466375494368800159e-02,6.598362417323069167e+02
3.056245803012349604e+00,8.630759415004755908e-02,3.264979017943460349e+01
-1.354218346380902549e+00,3.012650859224554334e-01,-1.187356740573403346e+00
-4.841442798401710945e+01,1.338691264197847813e-02,-2.149829818389795400e+04
4.063559196075461699e+01,1.888935190257317806e-02,9.062804504039781023e+03
-1.298345708216434602e+01,2.462995131162675627e-02,-1.703151871145811810e+03
8.745129502863360926e+01,2.391052170904011190e-02,1.217245777631246892e+04
2.771082769075309571e+01,4.232692792253769931e-01,1.230852852762225069e+01
-4.919451493041811574e+01,4.525247275092347810e-01,-1.911710773272318775e+01
2.218774159212033581e+00,2.137794044043270503e-01,3.863416316738537137e+00
-3.332654864050216048e+01,5.403191884110640775e-01,-9.084053717502227343e+00
-8.072178319756000064e+01,2.036896060947988307e-01,-1.548257336192664297e+02
1.485539326611898137e+00,4.323646856658973081e-01,6.323737875956904064e-01
-1.808049409098369154e+01,4.419550987925199292e-01,-7.366210631229150430e+00
4.091468335074663543e+01,1.083457828209629104e-01,2.773609440123628929e+02
-4.568114183299251607e+01,1.773826385207644130e-02,-1.155326847496795017e+04
5.163101514189062158e+01,6.832959025345985982e-01,8.800010029360583630e+00
-1.027556195858485744e+01,2.528311602465939736e-02,-1.279188430828605306e+03
3.606103656084392384e+01,3.866689680023359665e-01,1.919330229772405616e+01
-1.970977862290225602e+01,4.778630759617807228e-02,-6.868547939630632300e+02
6.601198535757438890e+01,8.847499343874463962e-02,6.710762243905815012e+02
8.968605611979270975e+00,3.469174842014928761e-01,5.930109135812950960e+00
-9.788080686822851817e+01,5.631634810577357264e-02,-2.455945398718281012e+03
4.913258275960418331e+01,8.373487603811030633e-01,5.576310740734635729e+00
2.263283814607488864e+01,2.767247651275541592e-02,2.351977152602058140e+03
-1.006822358434861009e+00,1.560955963522039913e-01,-3.288226195437983446e+00
-1.414655076079074725e+01,2.922814474877191149e-01,-1.317765700439894871e+01
-1.297064876312487458e+00,9.057477878671379434e-01,-1.258164047832056043e-01
-3.174648895107473479e+01,2.811027398798853286e-02,-3.197096017620206112e+03
-3.702428219614879890e+00,6.720086090113031041e-01,-6.524197655779734317e-01
4.044321803791452119e+00,5.637439599886286956e-01,1.012679543369380486e+00
-4.137537501233706116e+00,1.084456190867402470e-01,-2.799677804906667689e+01
-2.385925515720780865e+01,6.257725071206189371e-01,-4.848574354285821286e+00
-3.014443697410546186e+00,2.124412776617919663e-01,-5.315198684775078952e+00
-3.957559331952151815e+00,2.553646840645332761e-01,-4.829430258389149522e+00
-6.180086716187913964e+01,1.459524047240436453e-02,-2.308671784446986567e+04
-5.470244267215461065e+01,4.073638114504777308e-01,-2.623203389430170418e+01
-7.288379671705490281e+00,2.738901546777368634e-01,-7.731580491354994145e+00
6.733365806167850565e+01,1.250951492081561409e-02,3.424060315434473887e+04
-1.453682381254926881e+01,3.505747718411491437e-02,-9.412355949465465983e+02
8.261751892000071962e+01,1.264151469787114790e-01,4.113997814749411077e+02
-1.103483564653654625e+01,2.935567797341875340e-01,-1.018994348330781641e+01
-4.300150143644421163e+00,2.643543282748861412e-01,-4.896670765431696992e+00
-1.740913174563464594e+01,1.218285539895640757e-01,-9.334027344649001634e+01
6.689731443707395364e+00,1.620452545268226754e-02,2.027338112775663831e+03
-4.027096385889479713e+00,7.720720920155473843e-01,-5.376089022208639934e-01
6.960145870038968496e+01,1.066402938357629421e-01,4.870413241124954311e+02
4.751625094284498196e+00,1.444415381399310333e-02,1.812375130699035026e+03
-1.229446883458037876e+00,8.255789461699454268e-01,-1.435432213127336154e-01
6.685232244162426696e+01,6.488626977675866769e-02,1.263574984508144325e+03
-4.403807742464202590e+01,1.120749935126959945e-01,-2.789979690412390596e+02
1.126929364894591501e+00,7.182857596460459626e-02,1.738170275491399863e+01
-8.636026750889502779e+00,2.005691830786521801e-01,-1.708345482893287226e+01
1.409550423281116061e+01,2.047804227647734635e-02,2.674815811733661121e+03
3.598039177137151512e+01,2.135047533817352183e-01,6.281175484617714488e+01
1.276670784817530935e+00,2.333652696648060021e-02,1.865505826968926044e+02
-1.212067886414818441e+00,7.742724574935374582e-01,-1.608901509887572800e-01
1.265414274945699802e+01,5.436754854391944586e-02,3.406774308965353271e+02
2.616124351582815066e+01,8.444662832525284824e-02,2.919334708489811874e+02
1.265326191628691710e+01,2.453158419427710693e-02,1.673175297330939429e+03
6.875797986130375072e+00,1.485621692162756025e-01,2.479115611763839055e+01
-9.049174853417461861e+01,6.545647758985054798e-01,-1.680714141173122300e+01
2.077225097707104950e+00,1.225564334017099043e-02,1.100528945658294560e+03
8.111580219683448334e+00,1.256693442917183046e-01,4.087303671432653118e+01
6.719525084627155920e+00,2.079451221253297566e-01,1.236605690916340450e+01
-3.856032766280562907e+00,5.486392039806801957e-02,-1.019429451530297399e+02
-1.425120726565115126e+00,5.048800466845342338e-01,-4.449030445539195466e-01
5.447957355839465166e+00,1.502197787824267883e-02,1.921186823022911312e+03
-2.610495429213064611e+01,4.643951294039014299e-01,-9.632472121104365570e+00
-2.828127786369923768e+01,2.518313078546458583e-01,-3.548703565524620984e+01
-1.347978569446344421e+00,4.435162127612345961e-01,-5.453233870109953640e-01
1.546131457317761893e+01,2.911774398765097915e-01,1.451179403313256344e+01
-6.409048860040558182e+00,1.031138406038574207e-01,-4.796779912395950873e+01
1.391194148856159662e+00,1.379201577977187398e-01,5.819991999811486849e+00
-1.550514774972120335e+01,8.098145346724676397e-02,-1.881459656931725704e+02
-2.778693337721651169e+00,9.917539972104671975e-01,-2.248137327919938200e-01
7.739632357335207935e+00,2.163192639770084025e-02,1.316194508339317736e+03
-2.113534014332665123e+01,1.398531340284907554e-01,-8.599139043959051776e+01
-7.745017278114320725e+00,3.154306536110225712e-01,-6.194478290034370893e+00
8.061032786593257526e+01,2.494737880417593687e-02,1.030696925526412997e+04
-1.323285411788116539e+00,3.813312923854744046e-02,-7.241670663226061322e+01
-1.634863064688586576e+01,5.644418577900726097e-01,-4.083505012049010396e+00
-1.769987756405671320e+01,1.393520008763921014e-02,-7.253272275202998571e+03
-1.270383999807863651e+00,4.220334291672252491e-01,-5.675857009986452484e-01
-3.552709406583298701e+00,5.886533867475242099e-01,-8.158879665494596090e-01
3.061022343064073503e+00,5.929608273332205581e-02,6.927948145662705315e+01
2.983604069937410674e+00,7.601993355682802600e-02,4.108434386693240015e+01
4.510380370646297621e+01,3.387773183493999474e-01,3.127336779882040219e+01
3.280576555534658656e+00,3.027602926331501160e-02,2.848016363334300536e+02
2.948935433531887185e+01,9.284686889977411539e-01,2.722205297754749509e+00
1.492008591834827369e+00,9.911055833499899936e-01,1.208708606824985404e-01
-9.534762083069155381e+01,5.981613407333997712e-01,-2.120622253757315079e+01
-2.159718384686724058e+00,7.191380150310627828e-01,-3.323248115940909964e-01
-3.717407181995952214e+00,1.087357591368816601e-01,-2.501989529861739570e+01
4.647076608671605769e+00,2.341818612773627697e-02,6.743159945349816553e+02
9.909176299409101318e+01,3.204956084143342765e-02,7.676858314376450835e+03
4.287583576936173202e+00,4.546867761135800490e-02,1.650357714311494703e+02
1.325359145117958048e+00,1.457178877072280720e-01,4.967043697599155649e+00
-3.882686095227503742e+00,1.661454373652912139e-02,-1.119297613443059390e+03
3.774565755043671533e+00,1.736362343063017066e-01,9.962685347740777075e+00
5.920542188010296414e+00,2.330045382620125199e-02,8.678064150987913763e+02
-1.984237358145137353e+00,5.565679100646234723e-01,-5.097384953383925499e-01
-1.558401644379530460e+01,2.050804523144027919e-02,-2.948634893085167732e+03
2.331919897627762239e+01,2.147895485174548119e-02,4.022327923176294007e+03
5.098187765289539186e+01,3.121525169315295806e-02,4.163631449474331930e+03
8.333363649726923228e+00,8.865556862662045401e-02,8.437201681716804558e+01
-5.614470854303442948e+00,8.136552063159795123e-02,-6.748669377905001454e+01
-7.912171177572473013e+00,7.678782463527531466e-01,-1.067827452221097317e+00
-5.636736188554424132e+01,4.491099843326024077e-02,-2.223885509661522519e+03
-4.905747399225394645e+01,3.390457650967450554e-01,-3.396085926056181137e+01
-5.251415990214367113e+00,3.803098573882188194e-02,-2.889291725463467628e+02
-1.706742349366548783e+00,1.503892679682669320e-01,-6.005157605956709332e+00
5.175228159155076213e+01,1.019272076999523310e-02,3.964052370373278973e+04
2.184611150243119226e+01,8.366682413652777595e-02,2.483463112170026648e+02
-5.165066142911359570e+00,7.005729818384207053e-02,-8.374507090060735948e+01
5.791640968769468323e+00,9.038340724676417748e-02,5.641756645225318323e+01
1.025163438295478846e+00,9.002949244440778820e-01,1.006499680762230481e-01
3.534846958091991453e+00,7.180127656583090712e-02,5.456277127185468601e+01
4.241050621778970253e+01,3.116234001658694797e-01,3.475389370229790842e+01
-1.207319793689798892e+01,5.075302167914218232e-02,-3.729826660938695682e+02
-1.361544369416676936e+01,5.979316818564788666e-02,-3.030531507466420749e+02
-6.251396036477056661e+00,8.820814477024756239e-02,-6.393663466032561615e+01
3.411716388246706533e+00,2.672169098863938844e-02,3.802201971128883997e+02
1.897808282637785338e+00,4.633944251474324538e-01,7.033003997176084932e-01
-4.449793495649749353e+00,8.598671691713521970e-01,-4.789247245811978915e-01
6.149287350441618116e+01,1.959471507138287744e-02,1.274491719577011645e+04
1.283583941348213076e+00,6.488275690399608608e-02,2.426363258830597047e+01
-6.072383269452471666e+01,8.457427033554318907e-01,-6.755737896199533132e+00
-1.459900435317000600e+01,4.952769082574154380e-02,-4.736060200900267319e+02
-6.539222050263385988e+00,1.779558754390077602e-01,-1.643204282354638224e+01
1.718201618900565775e+00,2.327499087444461628e-02,2.523976000865351637e+02
-2.779410622506066275e+01,5.899181704747298305e-01,-6.355640183724328374e+00
-3.780452569158162746e+00,1.018710055474972009e-01,-2.898896724766010990e+01
1.704683650727518796e+01,4.889565931115746333e-01,5.674052094616019559e+00
4.392089721463499075e+01,7.893861803956978007e-02,5.608959461809739651e+02
1.088582360973208152e+00,8.551368232180509565e-01,1.184623142608492302e-01
3.219967868523326615e+01,1.957209389534190214e-01,6.689090823608840708e+01
4.846295563474804879e+01,1.971655511834069854e-02,9.920600447191452986e+03
-8.015453550436914654e+00,1.111450387647325115e-02,-5.163427392389284250e+03
-3.642449179887511157e+00,2.051968709796166829e-02,-6.884020724744220843e+02
-1.984916973353697767e+00,2.356492251417763584e-01,-2.844464050424837076e+00
1.205610866699806394e+01,2.545557616806271017e-01,1.480578460467776303e+01
-1.483807886911532536e+00,9.017996281412660187e-02,-1.451936781908841034e+01
-5.861519056942225347e+01,1.196336602615900996e-01,-3.259068858208478332e+02
-6.822804122796796378e+00,5.879486067016327366e-01,-1.570631517653541032e+00
1.563609373918043133e+01,2.260107554501556426e-01,2.435904106064032959e+01
-6.645855797087048877e+00,1.262088732035423488e-01,-3.320177261213870423e+01
-2.885430930275391859e+01,1.070048443558004880e-01,-2.005367349073804917e+02
-7.942763183886417266e+01,1.133964735709209609e-01,-4.915442861757268815e+02
8.279462469122881529e+00,7.605382963646405148e-02,1.139069183959618528e+02
-1.435214713628401917e+01,8.070294673749921210e-02,-1.753590681081302307e+02
-1.300928270463731939e+00,3.613696144980418218e-02,-7.927572501894215407e+01
4.677830077014060350e+01,1.195848161669093995e-01,2.603049923352440373e+02
-2.007836186059399175e+00,1.676652355260492555e-02,-5.683715961039622471e+02
1.597677835017168491e+01,6.821379851895962299e-01,2.732340867691297692e+00
-8.253069414279636362e+01,9.945804930719943648e-01,-6.639352999164199964e+00
-1.570847424933486058e+00,5.758891210285847079e-02,-3.769175777620643686e+01
-6.237555830635871601e+00,1.299328754113646470e-02,-2.940129657626304834e+03
-1.380356882614760927e+01,1.481658803861916063e-01,-5.003629095409617378e+01
1.929267579091261231e+00,5.069332136331427402e-02,5.974218590433939369e+01
3.613832617777894995e+01,1.066088135771969987e-02,2.530299612399500984e+04
-1.507332929747480144e+01,4.101994575849630120e-01,-7.128680646881041305e+00
3.550703744056531885e+00,3.611905870219409703e-02,2.165866713226660352e+02
8.809219371037572799e+00,6.349119769455041640e-02,1.739003763020800477e+02
-4.356548676646580986e+01,4.986930622011088166e-01,-1.394010529266758702e+01
2.652354867064938393e+00,1.845977582631502800e-02,6.193967465744942729e+02
2.988189958774932098e+00,2.070368374094180564e-01,5.547573795792960283e+00
-1.847675487558321228e+00,6.268082123009381945e-01,-3.742367883918057414e-01
-3.067121149769432176e+00,2.905237045857093081e-01,-2.891731194343047040e+00
2.341205776550107132e+01,3.889710868156220219e-02,1.231388468571604562e+03
4.187862832393095758e+00,6.217692171141647739e-02,8.620335140316646516e+01
-3.008789144570763519e+00,2.215685921449039517e-02,-4.877143041001660890e+02
9.525900227448788726e+00,2.805842521560400482e-01,9.628742651481498882e+00
-2.878132534998119052e+00,8.075473873351429743e-02,-3.512083979719130866e+01
-1.394755427526112701e+00,1.721968451792913468e-01,-3.743155034189350250e+00
-1.748766456889945076e+01,3.792682351653894196e-02,-9.674510691385440850e+02
7.877361381712365329e+00,2.086076790877036680e-02,1.440490249917730580e+03
1.184381694899264037e+00,1.385652764714490059e-02,4.908773544018967527e+02
1.231500922238416607e+01,9.181047891774871683e-01,1.162626912272374913e+00
2.686847436515697751e+01,6.554833445966977423e-02,4.976337433211848520e+02
8.870285930164931187e+01,1.330476170973433556e-02,3.987618057531572413e+04
-5.452661623912447908e+01,7.724706892322154295e-02,-7.271678419733889314e+02
-1.795899158016342412e+01,4.371643476336091738e-01,-7.477950912832428187e+00
-6.125573792873380796e+01,3.175101292341506176e-02,-4.835281273450691515e+03
3.143730127508204131e+00,1.932226457305434852e-01,6.700687190608928923e+00
-1.317237181678136793e+01,7.325336048357108387e-01,-1.953435211132088067e+00
-7.135976979282220078e+00,2.201452366819250245e-02,-1.171723095648100525e+03
1.834541625700409240e+00,1.028817977701104308e-01,1.379242455973481540e+01
1.440642078090021538e+00,1.920446704447280606e-01,3.108434445451746519e+00
-4.339980575367009763e+00,1.205060328444285123e-02,-2.378265538879737960e+03
2.691456333157475456e+00,1.869803826853127376e-02,6.126118390017973070e+02
4.260749600962705053e+00,9.140494193025819891e-01,4.058231278307461998e-01
-9.424695055655636367e+00,2.873654637115898858e-01,-9.082142220512617214e+00
1.643005167904255970e+01,5.131623560801190642e-01,4.965002649198870799e+00
-8.829531175302079760e+00,4.229006860957995051e-01,-3.928719304280610558e+00
4.176736668169197486e+01,5.301427948472497292e-02,1.182609884011005306e+03
1.744123099980934510e+00,2.401439482109065521e-02,2.406711188233103371e+02
1.114261120872804156e+00,2.181910660245774125e-02,1.862529606419294055e+02
5.495010491054832080e+00,6.265632896247270989e-02,1.113855285402188997e+02
-1.947567041785265074e+00,7.770216908010618706e-01,-2.566943251119481739e-01
5.756263145538360959e+01,2.632330261637697011e-01,6.610739171517916191e+01
2.494484163679684396e+00,3.006574365202478033e-02,2.195972952418545390e+02
-1.563426561284022132e+00,2.549454760649062512e-01,-1.914136928964434992e+00
-8.352224199700390983e+00,6.317580952184789767e-02,-1.665292969012853064e+02
-1.268376470478561124e+01,1.166762016298406555e-02,-7.414361350560605388e+03
-1.362431334690702434e+00,2.731427109619904425e-01,-1.453200465908082828e+00
-1.867869469883741695e+00,4.971158006862976680e-02,-6.014804625994367626e+01
-1.629989005693789750e+01,5.626005919705060476e-01,-4.098023471258943395e+00
-3.366526986124340937e+01,1.408789564186999910e-01,-1.349832822920693900e+02
-4.301589217565449097e+00,4.227912910695250104e-02,-1.914992181356171557e+02
2.708845353127648181e+00,2.124995005345028387e-01,4.773737352957004632e+00
-1.878727817664026745e+01,2.043997038236563049e-02,-3.578437839127925599e+03
6.054892387825755407e+01,2.080114014299844910e-02,1.113582211795456897e+04
6.099249264291505490e+00,3.244725564886373481e-02,4.610102455604321676e+02
2.427893402104887244e+01,2.040547873040100477e-02,4.640087545578383470e+03
-4.258874515404234984e+01,1.387243037089320175e-01,-1.761083194489129653e+02
2.904693503997834370e+01,4.940447975799211466e-02,9.470170293783844500e+02
-1.749695300481215909e+00,2.680059511065369660e-01,-1.938490539871261298e+00
-6.680913209758494986e+01,6.754654271755411443e-02,-1.165251620829455078e+03
-2.805201310565107242e+00,4.648932186118075183e-02,-1.032874954741717914e+02
2.283987590912385901e+00,2.451711305146017997e-02,3.023745372344673115e+02
-1.913373765172744490e+00,9.857166703387772178e-02,-1.567060443890670385e+01
-6.009441885590261379e+00,3.746543100948439287e-02,-3.406926852907886314e+02
-2.486649114464229093e+00,7.534620201841771281e-02,-3.485635032680856682e+01
-7.471178413990673839e+00,9.305148825165078519e-02,-6.866455288643300037e+01
1.308291537321348841e+00,1.781073465409658413e-02,3.281942750737233609e+02
2.992128487468567855e+00,8.330928473770290443e-01,3.430706484297417203e-01
2.909077712429968265e+00,1.727271059201521824e-02,7.759334353853772654e+02
3.779154936733527315e+00,1.720078195231113383e-01,1.016455692334819005e+01
3.892646011374026926e+01,3.255732429180372423e-01,2.922386391893439139e+01
-1.681908654885470034e+00,2.577713050023519581e-01,-2.014296513088799756e+00
-9.981857941448075167e+01,3.915853573573724877e-01,-5.180225117091097076e+01
6.917290384820617533e+00,3.393503966609284078e-02,4.780016780153617333e+02
-2.659856232313323687e+01,3.886093259280262030e-02,-1.401592812955331965e+03
2.875871949160044139e+01,3.254763267889819733e-01,2.160333840275796646e+01
1.772402528263386756e+01,8.829378600559747992e-02,1.809223489435202907e+02
3.969083801395367317e+01,4.374963373144397649e-01,1.650180920575921206e+01
1.264612643295085270e+01,1.357432430279934162e-02,5.461490896935952151e+03
4.896781655073355388e+00,6.770924040352427342e-01,8.499727295754828660e-01
-8.415792413294555274e+01,5.778885957962809350e-01,-2.005381029688684080e+01
-1.790559805749515343e+00,1.550817002616199924e-01,-5.924583976203452451e+00
6.430956993888465867e+00,8.125368770678208230e-02,7.751389852845206008e+01
4.425322832961989583e+00,3.372406758721489123e-02,3.096386693824796907e+02
1.714946017818668844e+00,2.169469023541642783e-01,2.899570569813869181e+00
3.532755415670560950e+00,1.801610513351116494e-01,8.661276274024951149e+00
3.008110952588078479e+00,1.341209291536009929e-01,1.330732856679693299e+01
-3.563724385654013815e+01,7.843663682908487422e-02,-4.609526509777078331e+02
1.501580602920049134e+00,1.783518683378521041e-02,3.756500570623983890e+02
-1.459276578416677461e+00,3.985399841611185490e-02,-7.311120629868767651e+01
4.293538752863510410e+01,2.335987734532905466e-02,6.261298472957854756e+03
1.005772688299110662e+01,4.081147574071349038e-02,4.805353880746393429e+02
-7.658330947763563756e+01,3.040787316893706627e-01,-6.591013113513893984e+01
-1.679678939967124407e+01,5.749363695922557471e-02,-4.043680636214030528e+02
4.794131795385305139e+01,7.903622951626824156e-01,6.107277835150801693e+00
-2.131215692203514589e+00,1.058557898592681068e-02,-1.513520497978307958e+03
-2.064148197821453223e+01,4.707140130968329172e-02,-7.413388430456141123e+02
-1.042343677032547156e+00,7.566334242579864089e-01,-1.448872026670469937e-01
-6.350596601246937922e+01,1.073651977133613898e-02,-4.384071275435249117e+04
1.778766128144633996e+01,2.319197026701069475e-01,2.631683731256108061e+01
1.035942590331677238e+00,2.626394461913579559e-02,1.195104595803352794e+02
-7.128472229069414823e+01,8.182815927524487998e-02,-8.471904165010280394e+02
-4.049895521353034411e+01,1.579870060321663175e-02,-1.291193162302840574e+04
4.730276736245204283e+00,7.057112791088419046e-01,7.558272886281145464e-01
2.087911288649225927e+00,1.307209736735334867e-02,9.723253985115752585e+02
1.822120166569615662e+01,6.676196938474781017e-01,3.253185831707825937e+00
5.299897764034457559e+00,1.141758599189944129e-01,3.235258937675974522e+01
4.518575034608132057e+01,3.392971460266564626e-02,3.123426000655155804e+03
5.303144370433513188e+01,3.120525686916262864e-01,4.333791990040700881e+01
-2.609294477353085284e+00,2.675282247501693522e-01,-2.901175596313463778e+00
-1.358859826401564996e+00,1.078314265446880110e-02,-9.299810386698837874e+02
-9.352667240977801555e+00,1.373830875500444380e-02,-3.943293236146121217e+03
6.824189113418569264e+01,3.468690064509016846e-02,4.513466224378046718e+03
-3.029551059838073268e+00,6.654056182244121043e-02,-5.444969928558858641e+01
-7.315960889772082965e+01,1.063080315074964866e-01,-5.151448449554578701e+02
9.014960036018052847e+00,2.530162954529932562e-02,1.120616354521499488e+03
-2.357937228987047362e+01,3.725483183884870098e-01,-1.351939199607543785e+01
2.858454103606983931e+00,1.406286319309950905e-01,1.150201304103773481e+01
1.307664654661708559e+00,5.522115220062864815e-02,3.412523046661308967e+01
3.547282837571686276e+00,1.159191459679775188e-02,2.100755977923455248e+03
4.652230445207357512e+00,4.470653976312162770e-01,1.852291102322906280e+00
4.426483393855784598e+00,6.906132128383096758e-02,7.385488210307866552e+01
3.243693930149468940e+00,3.148909289038425152e-01,2.603212997702886167e+00
-3.464353241203841804e+01,1.801996666824350404e-02,-8.489934459059111759e+03
1.683142158125028987e+00,3.871280168445852543e-01,8.937205177186793303e-01
-1.453342714115154477e+00,1.621560263730082996e-01,-4.398372294289425888e+00
-5.173881621065755887e+00,2.876173334054703545e-01,-4.977101674658253927e+00
2.619387988745481621e+00,1.077814546143358344e-02,1.794328216582221103e+03
9.838482644640125230e+00,1.781715713173131210e-01,2.466274653548519069e+01
1.008301404534953249e+01,1.486113536250791012e-02,3.633093109681316491e+03
2.303156995996200607e+01,3.740132987530793429e-02,1.310206017125904737e+03
-4.267507887288291357e+01,1.114953045159127951e-02,-2.731815170339942779e+04
2.785180926744476437e+01,6.230755341970471983e-01,5.709027715753360432e+00
2.735074793168057017e+00,2.794604602829210346e-02,2.786882143842303776e+02
4.363939619315258511e+01,2.052728944130811223e-02,8.241488497351749174e+03
-1.082468797897710111e+01,1.776512081593918310e-02,-2.729412599163602863e+03
-1.473382578094183160e+00,4.837137796397864703e-02,-5.011050130785363166e+01
1.144809511723325235e+00,2.163687895707566144e-01,1.945961008846487816e+00
4.973203880947379929e+01,2.973474544968773281e-01,4.476081132893025227e+01
5.458623442074908461e+00,3.096002629304461101e-02,4.531798906096440760e+02
-7.921266011825711217e+00,7.074666176779482729e-01,-1.259426507036810916e+00
2.131575244498485588e+01,2.420042608815419494e-01,2.896308232952286943e+01
5.264669385150263281e+01,1.711034453315178616e-01,1.431013497374482597e+02
4.125184393331934274e+01,5.659854323415813848e-01,1.024761959798873079e+01
9.838633571701693725e+00,3.415549820827469274e-01,6.711253956159974443e+00
-1.567586140619546820e+00,1.196611025074355295e-02,-8.711953550780342539e+02
-3.958494342334291360e+01,8.641469585195014069e-01,-4.218372752176055229e+00
6.801085462013800509e+01,2.238555817364241418e-01,1.080021777333882795e+02
5.597455828135974087e+01,1.092427590297999629e-01,3.732462824194489031e+02
-9.669335043892592907e+00,1.118332000117330631e-02,-6.152409594432111589e+03
-7.457283836242434916e+01,9.906329681456942371e-01,-6.047073607078685242e+00
1.455874171939838035e+01,7.420625598836627645e-02,2.103937997154407924e+02
4.104889097903228645e+00,2.656553071796103893e-01,4.628652437942814224e+00
-9.830633238005694352e+01,2.553931057561657780e-02,-1.199370301545582697e+04
8.015284490911329840e+01,4.650608134074072919e-01,2.949100575264957769e+01
-9.338614280841545678e+01,2.581477905317452470e-01,-1.115156317808688300e+02
6.803905023872117397e+01,1.523618643236507864e-01,2.332361276698849508e+02
4.180706256141048982e+01,4.903634418954607166e-01,1.383577914232130368e+01
-4.641885766824747073e+00,5.260143007636420842e-01,-1.335025255524797227e+00
-2.096453534867666235e+01,5.031643970573399516e-01,-6.589547150962447475e+00
2.538679984432567238e+01,2.018349794003815589e-01,4.959126944728802044e+01
2.395703287420069927e+01,1.307261161238460201e-01,1.115574164339593040e+02
2.853553669987382690e+00,5.223861419201842882e-01,8.321332710019834211e-01
1.955407555148841681e+01,6.849348493741694299e-02,3.316873416305871274e+02
1.711861998033066268e+00,1.512862619098489791e-01,5.951958613677679644e+00
2.618522283016317953e+00,1.768133952367109407e-01,6.665244459430780921e+00
-2.429889348983425457e+00,6.975914716295819051e-01,-3.973509981730773966e-01
2.424839314130537460e+01,1.697119484104922874e-02,6.699590555525708623e+03
-1.288564782129191455e+00,1.205295384579612161e-01,-7.058451035511748906e+00
-2.109822456896337073e+00,1.740057493941100930e-01,-5.545093202043121394e+00
-2.000542448566154974e+01,1.318054129277497211e-01,-9.163711645648290016e+01
-2.597978808714228816e+00,2.737457862518854479e-01,-2.758867572711914740e+00
2.249951652834412386e+01,1.079095023402723147e-01,1.537602026559011392e+02
-1.201209364654926892e+00,6.334168452292870954e-02,-2.382481996131891577e+01
-4.448956558601112832e+00,1.685098469664189635e-01,-1.246802696145883083e+01
1.274987009381426617e+00,3.362116726799857513e-02,8.975741184341880796e+01
-2.355609558382126156e+00,4.895148678061465863e-02,-7.822789964383504469e+01
1.165032999350599319e+01,3.381957987853353997e-02,8.105726506593611020e+02
-2.433459546984216626e+00,6.512428423225213869e-02,-4.565920451763351195e+01
-2.818460968629172569e+01,4.262067881562505156e-01,-1.234699965639322805e+01
2.782511879755988105e+01,3.377510573461448562e-01,1.941036618538599257e+01
-1.143742990513067603e+01,1.477401960822275623e-02,-4.169857745534822243e+03
-3.612752213314474403e+01,1.420944698268039041e-01,-1.423881868586526878e+02
1.942863561698633612e+00,3.143246756418758836e-01,1.564859991004931228e+00
-1.757886414808267572e+00,1.291327010633462613e-01,-8.388966794500486657e+00
-1.067966881081954966e+01,4.370398226951928700e-01,-4.449445568367622172e+00
1.275395257740261812e+01,7.016748789813894716e-01,2.061403822302915856e+00
-3.579507327072236844e+00,1.154036609271447550e-01,-2.138819916517416786e+01
1.474016647398067814e+00,5.430025007715181262e-01,3.978220627977773205e-01
5.297108068695481897e+00,2.465260312659399988e-01,6.935909228462067588e+00
-2.917816563056221835e+00,5.976988215774620139e-02,-6.499550493857418587e+01
-1.904612819095302001e+01,7.836437337413698634e-02,-2.468081567896724948e+02
-1.312956962686872764e+01,4.690613179685648032e-02,-4.748772754785684356e+02
-2.287989843850162686e+01,6.628916531728287764e-02,-4.143421612935620146e+02
3.618193049744117928e+00,2.270178905699786129e-02,5.586781716190573661e+02
-1.405151240790823763e+00,7.167813683091561749e-01,-2.176405382551925838e-01
-8.636229182275559424e+01,5.002550020069813225e-02,-2.746195272546383421e+03
-3.460714019108363715e+01,5.866079610047362364e-02,-8.003131318398843632e+02
2.954555725215956485e+01,7.844382089839619931e-01,3.820892707131498423e+00
-5.593705126053075105e+01,2.471825535656480347e-02,-7.285411311012665465e+03
4.663806253138099045e+00,1.921272556910819801e-02,1.005431939967293602e+03
-1.798116486527459656e+01,5.276285409423164818e-01,-5.139861298160133707e+00
1.216788498915847505e+01,3.053627127230188476e-01,1.038420425387819357e+01
6.190979459009949615e+00,3.915343254644399612e-02,3.213733164135271636e+02
-7.504153835426932062e+01,5.757783351276588579e-01,-1.801279992959956999e+01
7.217970348561451033e+01,9.548158922365190815e-02,6.300368504226490813e+02
-9.222804444361467802e+01,4.070884616522125188e-01,-4.428692737260243462e+01
4.169885745821036238e+01,1.834787026929880771e-02,9.856959452156927000e+03
1.181442833938879744e+01,1.435150711282556779e-01,4.564653617178005618e+01
1.096233474832789989e+00,1.320145324604708043e-02,5.005525886468280419e+02
4.489680631425174262e+00,2.191275440504592276e-01,7.440663127613817096e+00
1.070974109863919210e+01,4.713784204306191439e-02,3.835568246722578465e+02
-9.510432886392308660e+00,2.070668768160066064e-01,-1.765099349747023538e+01
6.348396906461867673e+01,3.404435965887007143e-01,4.358769140087916583e+01
-6.519755051241898514e+01,6.617862040772362064e-01,-1.184638919629261800e+01
4.887171779621779066e+00,1.293055447891685271e-02,2.326019994178474917e+03
-1.376757433257421148e+01,9.502750945515413272e-02,-1.213246009855987069e+02
1.419272314761828691e+00,8.116830292135706060e-01,1.714284647049423016e-01
3.799643473410945660e+01,5.074234009889226904e-01,1.174334987762942362e+01
3.865868481117316691e+01,2.241357502496906795e-01,6.123714638341540706e+01
6.238466667922288167e+01,1.414383378230895938e-01,2.481611009504351841e+02
-4.481817408074186204e+01,8.057084964679291916e-01,-5.493996877064501128e+00
2.557852599805604310e+00,3.843939599838137045e-01,1.377566395673710087e+00
-1.906467726862284273e+00,5.641312584281866355e-02,-4.767154909645458361e+01
7.558466738958728115e+00,2.110174026617218229e-02,1.350788317653038803e+03
2.323360545026278245e+01,3.538828213706413095e-02,1.476344749255674515e+03
-3.493318831628517529e+01,8.945900602508142230e-01,-3.473603343686812117e+00
-9.510789213088794725e+01,8.364291199407311028e-01,-1.081803554638412734e+01
-3.471918389202730282e+01,8.588252723374880659e-01,-3.745846810202370314e+00
-3.824868271738240111e+01,1.602453137609116118e-01,-1.185320902569041976e+02
3.332511252861593221e+01,2.750101832219974465e-02,3.506422219713067989e+03
-3.170791411275224192e+01,7.248333455626340127e-01,-4.802655993157371128e+00
6.188139433930651911e+00,4.609978683658432774e-01,2.317140629615236147e+00
8.769710564452604729e+01,1.730608955031423812e-01,2.330115789829758910e+02
1.258425612038363672e+00,4.070763872904609865e-02,6.043184609452665512e+01
-1.743787430769085711e+00,1.054415191803004768e-02,-1.248131574551408903e+03
-1.591362012434297535e+00,8.512220822958986854e-01,-1.747726050968294864e-01
-3.906802695775909484e+01,5.876685002904762090e-02,-9.002161280625294921e+02
-7.273414265641953591e+01,1.304235995362794387e-01,-3.402640727192147097e+02
4.535803367855321966e+01,8.368551237525435615e-01,5.153992664800675527e+00
-1.179355327713049295e+00,9.611486235780085652e-01,-1.015906438113824140e-01
4.738511630566708988e+01,7.200771993108552316e-01,7.272336530254431608e+00
-3.370252131242531757e+00,9.796693321510936692e-02,-2.794431717534920523e+01
-3.013373989450471058e+01,3.072023606202153867e-02,-2.540938034067039098e+03
1.705349159992817887e+00,2.849397826727081626e-02,1.671464935061745223e+02
2.562266417932216456e+01,1.813210506449149106e-01,6.201803000875541727e+01
1.867043732419521262e+01,4.503067655727261975e-01,7.327025156761743929e+00
1.831542717994760494e+01,5.948150535799799909e-01,4.119488417688492277e+00
-2.856745439883030357e+01,1.541297069331609981e-01,-9.569493979073280343e+01
1.492608667914319343e+00,8.924639660055299073e-01,1.491264622203752610e-01
-2.520524243941006493e+00,3.602154175991977292e-01,-1.545811097461520678e+00
-3.709031237262274772e+01,1.148026417576615693e-01,-2.239478323829880821e+02
2.991066138035009914e+01,8.233950888210599395e-01,3.510747599568730504e+00
-4.272213826312092344e+00,6.551053261250459059e-01,-7.921744965344410527e-01
-7.179679100391774149e+00,2.894412119390494254e-01,-6.819843892083714998e+00
5.439982412956668867e+01,3.230268885534157142e-01,4.148683300197177459e+01
-1.909119472580133925e+00,3.605297185395444082e-01,-1.168802425871613870e+00
5.040714747344329894e+00,5.273595798407724328e-02,1.442343089713295115e+02
-2.248490625624144368e+00,7.083217618771733282e-01,-3.566317851146291185e-01
4.926068440079726329e+00,5.431059140728022872e-02,1.328989388772731104e+02
-3.547024897497565998e+00,2.330400289378290468e-01,-5.197485923474513214e+00
-1.125874742762599690e+00,5.911894092548556495e-02,-2.563462223016794539e+01
1.646813546306442611e+00,2.539702687945139328e-02,2.031743174763411446e+02
3.256089943343580728e+01,3.250044353913188883e-02,2.453058770083683157e+03
-4.861564086404255747e+00,1.123871922809229276e-02,-3.062897814475592440e+03
7.032793662593751094e+01,9.256028606752012555e-01,6.532337806739989539e+00
1.860667169994119519e+01,1.362451880773527489e-02,7.976575594277162054e+03
9.865423362687342035e+01,6.140177064549072750e-01,2.082303710527339646e+01
-8.448320892708676411e+01,1.111035057819683980e-01,-5.446343281831830154e+02
1.243721921474558911e+01,2.121261732523126164e-02,2.199504781171489867e+03
2.701304856774135121e+00,1.364650658499272640e-01,1.154305479308690252e+01
2.170908287023245009e+00,1.000826386725611888e-01,1.724702204554547080e+01
6.752349856121097105e+01,1.739583823791648054e-01,1.775637674022467252e+02
-1.081051501565597706e+00,8.237900781658425986e-01,-1.267661808804929346e-01
-3.144710129283828337e+01,6.618104183728153178e-02,-5.713517425367267606e+02
1.669472717777838966e+01,3.126084517041216038e-01,1.359465001174424970e+01
1.868227368825115864e+00,1.697209870701963386e-01,5.161177178268645527e+00
2.365135894895277424e+00,3.316505819035515112e-01,1.711136707755225750e+00
2.351899705151759434e+01,4.348381295817253522e-01,9.898142357568088912e+00
-4.723061188807034405e+00,3.298338372158222953e-02,-3.454803042898848844e+02
-2.267260949949728044e+01,4.962137913953640900e-01,-7.327468884157565476e+00
2.695925839513522604e+00,9.889186739263324810e-01,2.193698415820085068e-01
-4.778094389277835319e+01,4.340575654688896834e-01,-2.018134935015579501e+01
-4.546440140738863711e+00,1.449421514927405341e-01,-1.722154878297228464e+01
-4.392509350366169407e+00,4.853712090459371131e-01,-1.483729759594358155e+00
-2.827311853913377959e+01,2.194276255911994239e-02,-4.672843570204940988e+03
2.798602665052423433e+01,2.041896898688964207e-02,5.341506488938314760e+03
-1.143464393331002960e+01,1.280824031289252152e-01,-5.546689394096208758e+01
-1.162507790813136666e+01,3.285212208365106967e-02,-8.571545837787671189e+02
-3.385697449327748298e+00,2.978047420667547657e-02,-3.037911126283130443e+02
3.620433295733830192e+01,6.286773040828051995e-01,7.289456052424309718e+00
9.542515329205723873e+00,3.104739668819969656e-01,7.877757738832958267e+00
-3.275051872895048888e+01,3.672909830287175020e-02,-1.931913983175018984e+03
7.229136973503399233e+00,1.030178409373288945e-01,5.420654188711564814e+01
5.134722196098867819e+00,1.176590203261587558e-01,2.951594089303027602e+01
3.364632308877139621e+01,4.596740557222227935e-02,1.267149223232793247e+03
-1.071648185529250874e+01,6.083349945311906926e-02,-2.304394175854080231e+02
1.619734048993398901e+01,4.684994112844116931e-01,5.872401605651651479e+00
8.533595856684003422e+01,1.281940078430365143e-02,4.132251597463971848e+04
8.962319159094104037e+00,1.064488312521858111e-02,6.294029101260589414e+03
-4.293337683347323264e+01,2.483383105799697246e-02,-5.539846606262413843e+03
9.263021877983754848e+01,5.993578464445817322e-02,2.051967298579806993e+03
-6.443488358562562723e+01,3.472379957069458151e-02,-4.252621227235495098e+03
1.780129330415760380e+00,8.436136935192006803e-01,1.990464566037319083e-01
-9.899058403207414258e+00,4.490180299231330552e-02,-3.907117412656123747e+02
-4.821042656684586802e+01,3.910555527584348712e-02,-2.508731576387989662e+03
4.649293700538881069e+01,2.599953857821856937e-02,5.473256945897936021e+03
2.730135547650414551e+00,7.426457300546901452e-01,3.939226646392581799e-01
-1.135421213554265396e+00,3.916574873703381615e-02,-5.890257395140516650e+01
6.628027072635275019e+00,6.080289819513708810e-02,1.426677619492218128e+02
-4.133370490559462596e+00,2.777236234856864106e-02,-4.264506932578951250e+02
-6.113863387764311597e+01,3.631767257661336901e-01,-3.688670381054226510e+01
1.030873148199079381e+01,3.745253079538861662e-01,5.848345533804502061e+00
4.999263186231875977e+01,3.810128576150248469e-01,2.740418392292502148e+01
3.852557903009878437e+00,2.748898211116733714e-01,4.057158676793242158e+00
-3.956625955490982705e+01,2.873080179585197902e-01,-3.814342082830010838e+01
-7.054626477656134931e+00,1.355883198143541420e-02,-3.053652417459378285e+03
1.215623700218555481e+00,1.699421707004244997e-01,3.349553910528458189e+00
4.717861621119441295e+00,2.133919025861352736e-02,8.244787436708214727e+02
9.442993267834891569e+00,2.346165372844527530e-01,1.365156919087353948e+01
4.451654007648199851e+00,2.762204716524464462e-02,4.643012080372298556e+02
2.857139152643335933e+01,4.372450370256775742e-01,1.189246141810105328e+01
3.473238054590179757e+01,3.077008727893158491e-01,2.919222720219446643e+01
4.757746261842077473e+01,1.109863162255674413e-01,3.073636741274598876e+02
2.564673239725152154e+00,1.098290260834133975e-01,1.691951506055571741e+01
1.044278089506490836e+01,4.344707905177299656e-01,4.402355741113799681e+00
-1.124359046642578264e+01,2.579632261656731110e-02,-1.344558043591243177e+03
-5.181667700325427006e+01,1.145030308718605339e-01,-3.145036783801266438e+02
-6.905177797616930491e+01,4.045374328915740669e-01,-3.357743932932427811e+01
3.292539820543488371e+00,1.458398289681723248e-01,1.231881347485596301e+01
-3.621315572143161887e+01,9.645812923317076404e-02,-3.097268379340163165e+02
-5.340775506427998920e+01,2.046819812400927641e-01,-1.014460718201154350e+02
-6.018002771895623049e+00,2.595172322471406279e-01,-7.110663351515396968e+00
1.726652793719676948e+00,6.486437768870962906e-01,3.265747777983458722e-01
-1.494887662754477375e+00,6.682459140152786636e-01,-2.663950003235962538e-01
1.868447882001817772e+00,4.466569333250451634e-02,7.452860024512042969e+01
6.213368125571147260e+01,3.269677931315916330e-01,4.624952418359348627e+01
-3.542631909612784735e+00,1.063876054020230777e-01,-2.490772708705184257e+01
4.500420538408032911e+00,7.536069451268566644e-01,6.305992495554428867e-01
1.678981477051875171e+00,4.002085925297468871e-02,8.341866271314846415e+01
2.948540974595602382e+00,6.058313855585403807e-02,6.392838987451287380e+01
7.678486311109730877e+01,1.154976477488419834e-01,4.580569443045076810e+02
-1.100355975100298700e+00,1.319398093458702403e-01,-5.030042304936530151e+00
4.910093781625494813e+01,2.383057603394695412e-01,6.880354933917068649e+01
9.788513036138445145e+00,2.118478906496798764e-01,1.735635687164230134e+01
-1.720957961176957429e+00,2.170030851140991313e-01,-2.908228869100807579e+00
-2.198701929431805979e+00,3.651187594768639522e-01,-1.312466415495719296e+00
-4.626819430966573776e+01,5.624198039571506880e-02,-1.163995971901769963e+03
3.741929595996566604e+01,9.314631711514174128e-01,3.432056049360174832e+00
-1.712277035301121852e+00,9.820519470729058287e-02,-1.412847364921024607e+01
-4.945029992021436982e+01,2.951021912951039550e-01,-4.518707158840830118e+01
1.143365500057175632e+00,5.885599987246886711e-02,2.626598763345873166e+01
-2.770069889071583802e+01,2.832616377215085510e-02,-2.747295273195182745e+03
2.458305467629538832e+00,5.808344435920188564e-01,5.798574731268216764e-01
-1.127273171566844923e+00,2.406721003512163684e-02,-1.548701828065583186e+02
2.199819669342060191e+00,1.175343738034641781e-02,1.267206585435764055e+03
2.106532266209628901e+01,6.441099053066341451e-01,4.040529629712360737e+00
3.111169625413521711e+00,2.357533085013227281e-01,4.454492516166796534e+00
4.348327661700427171e+01,2.091150998321061605e-01,7.913008114092318124e+01
-2.058548512837014677e+00,4.279356359564136236e-02,-8.945288159519581939e+01
8.281013501765901452e+00,1.866915779826168464e-01,1.890706754273179868e+01
-3.301292518436182100e+00,1.773601333770275998e-02,-8.351454709502513651e+02
-3.586204477935596913e+01,2.558252748580449043e-01,-4.360520029135369668e+01
5.403509392877844597e+00,3.604343434473118030e-02,3.309891182573833817e+02
-7.490626704587694640e+00,1.151072492586652056e-02,-4.498864772560852543e+03
-1.463867538480195352e+00,5.156912965611122335e-01,-4.380385298918730297e-01
3.988213353183443388e+01,2.550654664655798917e-02,4.878262803327809706e+03
2.670308865577817770e+01,1.256641465928278779e-02,1.345639915926971298e+04
7.458049143611794385e+00,4.666008959504397424e-02,2.725989884733665463e+02
-4.070605117938623785e+00,3.081512866949658036e-02,-3.411309622654728173e+02
-3.548533173193514134e+00,1.612194560808647564e-02,-1.086435885980766670e+03
7.728645906777582120e+00,6.711144727721751746e-02,1.365527142579674944e+02
4.945059266895410310e+00,5.779259709109697829e-02,1.178195105987543769e+02
-4.761378023206271592e+01,4.364509276581833297e-01,-1.989078656280332424e+01
8.042362986257562341e+01,8.197761784695108134e-02,9.523206867732246792e+02
6.123558939088538722e+01,4.754937776870607480e-02,2.155283290785414465e+03
-3.457068606610833683e+01,7.756822896657621369e-01,-4.572254360596559764e+00
-3.269841892182013510e+01,1.995123558119511475e-01,-6.536982104835067275e+01
-1.249285257027642260e+01,1.728331621454631539e-01,-3.328109441057993934e+01
3.014052282434034069e+01,4.588569178486026079e-01,1.139164257719828655e+01
4.401771073339316942e+00,7.300986412577405160e-02,6.571348618069222880e+01
5.516248430474228570e+01,1.408471478475642469e-01,2.212777969603185966e+02
2.304577623864445091e+00,1.058143614477611953e-02,1.637918340227014369e+03
1.874959185678957851e+01,3.462653027440243392e-01,1.244411463652365413e+01
1.037230372301465975e+00,1.244985030279966987e-01,5.325214456477830538e+00
-2.118506926805767687e+00,6.340550983310524469e-01,-4.193397445891756670e-01
6.987055754142733122e+01,2.115493189878575250e-02,1.242398966784969525e+04
-2.969318957072001108e+00,3.030691986799846638e-01,-2.572547400220295266e+00
-2.712389688641867735e+01,4.979737221322651508e-01,-8.704210173445000365e+00
2.843051679502035523e+00,1.188739122355814137e-01,1.601038510320196906e+01
-7.592763019097495203e+01,3.157176778473634593e-02,-6.061668491838768205e+03
-8.931332741351829441e+01,3.128763293348019170e-01,-7.260407384782050144e+01
3.923886324629368705e+00,2.188281809455913662e-02,6.520787579406246550e+02
-1.372783313610398181e+01,2.493716121669079661e-02,-1.756702023928457038e+03
-1.456213316980618622e+01,6.936237257044357563e-01,-2.408614266472237198e+00
-1.167635915452773077e+01,2.842898430264521534e-02,-1.149674486457025523e+03
2.418982191515083091e+00,7.836745423217411632e-02,3.134377702948327737e+01
1.719182571802581494e+00,2.031845979093441223e-02,3.313832616124738024e+02
1.483937552946752447e+00,2.259246433683466115e-01,2.313548192492464128e+00
1.828305240110173102e+01,3.715913668043561158e-01,1.053677264016299020e+01
-4.089091721910346422e+00,2.492779083308112320e-02,-5.236600037295437460e+02
8.175653125975023272e+01,4.473167633886530881e-02,3.251488672446803776e+03
-4.417952367035751671e+00,4.139864278016166382e-02,-2.051346186486010197e+02
-7.797547842114593664e+01,5.978965492312563607e-02,-1.735785636386257465e+03
-5.830119632245131100e+01,4.310192995957935758e-02,-2.497319847400842264e+03
-1.381877946551409275e+00,1.189477869239455136e-02,-7.772255869569122524e+02
4.288350782009772821e+00,3.298548733359674690e-01,3.136422995004628511e+00
9.315713266990555042e+01,1.108467270915700353e-01,6.033377505101026372e+02
-3.063721140592290837e+01,5.616206441868750732e-01,-7.729532768969982648e+00
4.995462322698976720e+00,4.878020023749469330e-02,1.670623808230063787e+02
4.171087887514592474e+00,7.523315539120890572e-01,5.864364046075981607e-01
-9.598438733891312324e+01,2.460881903040618504e-02,-1.261273258874686690e+04
-1.610160489953489815e+01,5.789783728538653307e-01,-3.822386679135550303e+00
3.682147270648291837e+00,6.891152534516058192e-02,6.170318248533435224e+01
4.243076585664873335e+00,3.819135641775757151e-01,2.314945868909487281e+00
-1.242040471558386905e+01,6.831932059662259027e-01,-2.117575022721324807e+00
-3.626644310236180502e+00,9.787572990457562572e-01,-3.012624972737178997e-01
4.561568205480334370e+01,4.164593006258394958e-02,2.092951564672447148e+03
1.364422156449814461e+00,5.043421893613692086e-02,4.268627917112524983e+01
2.553301665910905882e+01,2.288382016971655941e-02,3.880031148479131843e+03
1.457512189245023038e+01,6.906915239892941205e-02,2.431274966972593177e+02
-1.080938226884824793e+01,5.648295358776901365e-01,-2.696225516676130862e+00
1.580633779460792754e+00,6.150903612019103378e-02,3.324631780421520233e+01
2.539331769700512886e+00,8.908466142405464805e-02,2.546265669661313424e+01
9.192460037158380004e+00,2.192797872657218164e-02,1.521334394968537254e+03
-1.374715569254665759e+01,4.364144738814586949e-02,-5.743871240068389170e+02
-7.881988049974895105e+00,3.471556735455515186e-02,-5.204480353699069610e+02
6.855277599708879066e+00,3.523479047206423687e-02,4.394118810237642379e+02
-2.535238923768853070e+00,2.804011019234366187e-02,-2.565958321959873842e+02
-1.095453093935413236e+00,2.499680915222779812e-02,-1.395130307748551957e+02
-5.405250449206872077e+01,2.066723965557568099e-02,-1.007026748639417747e+04
-8.371576653982375049e+00,1.643495756457212520e-01,-2.466381306342747592e+01
4.945215293692371006e+01,9.417683694260826632e-01,4.436976614187901902e+00
-2.118682048879169244e+01,6.508960625463319771e-02,-3.979537799071601398e+02
4.634101601579725127e+01,3.936098645727489909e-02,2.380256386779460172e+03
-1.151584754982284631e+00,2.576402154032472400e-02,-1.380570965976135938e+02
2.472077763494149139e+01,2.418473067096850171e-01,3.363332109454530183e+01
1.568834793895307733e+01,1.108305334032543693e-02,1.016362193363769074e+04
-6.869948414947693038e+01,3.136387070752489348e-01,-5.557561819401267655e+01
7.617358635314259274e+00,7.554669061723305601e-02,1.062095699262163890e+02
6.725955178249611777e+01,1.123724829261064408e-02,4.238616759359468415e+04
5.708774082884560563e+00,6.682252033330352003e-02,1.017389588765413606e+02
-8.591155096980397587e+00,1.158296150931104572e-02,-5.095683776705667697e+03
-2.904960635858643769e+01,1.722721135932715475e-01,-7.789335743337673534e+01
-1.149445805028245449e+00,1.065697357649110499e-02,-8.053985765025263390e+02
-1.722983588175929004e+00,2.822872726079792005e-01,-1.720634716769847916e+00
6.204647473272577685e+01,1.093603611554183064e-01,4.128453295058735648e+02
8.425945700040122333e+00,2.149828833924581073e-01,1.450778213667554617e+01
-4.855729275288841507e+01,1.725352318568545290e-02,-1.298042815019992668e+04
-1.260212257300389327e+00,3.387859015430851051e-02,-8.737419295523851304e+01
-7.789645875508737660e+00,6.372833301804807782e-01,-1.526309943843205286e+00
-4.295046167542062143e+00,4.606950228636719213e-02,-1.610389505448448233e+02
1.755697474078561982e+01,4.480054996539760137e-01,6.961023975054181356e+00
-2.348660946047580911e+00,1.175442307692818600e-02,-1.352719734396253443e+03
2.644578301562238831e+00,6.184203748085753682e-01,5.502739920648652694e-01
-3.023564477575861886e+01,1.200067638695822003e-01,-1.670697878466258715e+02
1.011630718067747559e+01,1.524783542104705403e-01,3.462547602497180321e+01
3.272079890107157496e+01,2.715944376284092424e-02,3.529980386883535630e+03
1.714768133952992768e+00,2.407041457255467143e-01,2.355203291478799255e+00
-4.409548336651329237e+01,2.740190186476096912e-01,-4.673291058895356542e+01
2.818352339024534636e+00,1.189464040501236018e-02,1.585195342485135370e+03
3.068633007953268077e+01,2.002808717736077881e-02,6.087740645373449297e+03
-6.115140258030052678e+00,4.042484554785318041e-02,-2.977829445427431097e+02
-2.203257931578424689e+01,2.262625622754185079e-02,-3.424759478919052526e+03
-4.498513859355919742e+00,5.361162340697726014e-01,-1.245492975014900194e+00
2.075907341676470708e+01,8.187067185594144592e-01,2.464571330024377449e+00
-8.800030548117335982e+00,9.510642497206778234e-01,-7.742025578248861173e-01
9.329871129915086669e+01,1.625836355245127152e-01,2.808743755506322941e+02
2.698709992995788909e+01,2.557584667252652544e-01,3.283116651733053004e+01
1.157563300742502932e+01,1.893732440108312348e-02,2.568606917779487503e+03
2.106894997840115469e+00,1.855930951069569845e-01,4.867538542253017297e+00
-8.010397099642150920e+01,1.124248932278890112e-02,-5.043351228779335361e+04
-1.618540289195866899e+00,1.948379377886306774e-01,-3.392865173952842373e+00
-2.465985827991782386e+01,4.527750796586864634e-01,-9.572286332826584143e+00
-8.440465325826370702e+01,4.654442375782205099e-01,-3.100424858256578275e+01
2.558042017736685825e+00,3.922338969001705478e-02,1.323145378781260320e+02
4.464187061172927962e+00,2.154296181171297953e-01,7.654585831318158284e+00
-2.874051480660262214e+01,6.387391387556743405e-01,-5.605800297393303211e+00
9.281478976084828503e+01,7.225828617504209683e-02,1.414594638660911642e+03
-1.636157479501209711e+00,8.594111003707535223e-01,-1.762841720789800892e-01
-7.534855957839086571e+00,5.673292537312371042e-01,-1.862922269170708800e+00
-1.293564471863060339e+00,1.061791731254116272e-01,-9.130604621897974837e+00
2.651527178864292367e+01,3.492287023776514954e-02,1.730080688894781588e+03
2.189972173778712161e+01,8.915392604915012287e-02,2.192541321098963749e+02
1.539666629770503947e+00,9.299768978948751152e-02,1.416682446730318823e+01
1.003356882814187401e+01,7.672156063426141537e-02,1.356471624096298001e+02
-3.941728780565500045e+01,4.588172905238519644e-02,-1.490037925453767912e+03
-2.077846274979266639e+01,6.413273835840664627e-02,-4.020165961846366258e+02
-1.726589887568833692e+00,1.062206487670578209e-01,-1.217759229077231176e+01
-2.586926678728223461e+00,2.108649958159717133e-02,-4.629832427666394778e+02
-2.499289080867686863e+00,7.668095718264231753e-01,-3.382451491509510522e-01
-5.076400960617086788e+00,3.659679942369165745e-02,-3.016197960932909723e+02
-4.594505379420844804e+01,1.445668357817982662e-02,-1.749409777135547847e+04
-4.575708695953448313e+00,9.533877751098991660e-02,-4.005985254532824769e+01
-2.166443884290637101e+01,1.024111180927143316e-01,-1.643778762091644410e+02
7.018564162873830981e+01,8.560193479757988166e-01,7.622040443416490341e+00
3.974847771223993131e+00,8.608571951380765697e-01,4.268235850403336307e-01
2.119521299128225422e+01,3.465166402607242763e-02,1.404687543729564595e+03
5.016122437953544733e+00,2.739240916793085623e-02,5.319830611108707217e+02
3.228625796853975327e+00,5.878408600837177200e-01,7.435125582590693671e-01
-5.608897898300627105e+01,1.471475249111187794e-02,-2.061397511531861164e+04
-2.132927332946471299e+00,3.548079295910670783e-02,-1.348278350433295429e+02
3.250286023720219575e+00,1.903086412769812094e-02,7.141586473272491276e+02
-3.437914616615540098e+00,3.144441434472232400e-02,-2.766930188144859812e+02
6.112338691689272352e+00,7.844198868063079200e-01,7.904972364900346715e-01
8.333618962824270682e+01,2.567870441648396618e-01,1.005721093512556052e+02
4.488065999663982808e+01,1.489250723523020958e-01,1.610325726662130705e+02
-2.322995179993490034e+00,6.661232076314073380e-02,-4.166096403530209358e+01
-3.491505567618592920e+01,2.766101971288454364e-01,-3.631336563666146589e+01
1.307048818109032773e+01,8.527348117911678904e-02,1.430388332561946640e+02
-8.596433685084313936e+00,7.756586587246607767e-01,-1.137017537714184234e+00
4.445965237586491092e+00,1.151757462784326891e-01,2.667068246386748953e+01
1.965953044761295487e+01,1.096790823280169719e-01,1.300515883206931278e+02
-1.596072695517880824e+01,2.586057907207406012e-02,-1.899180809348518778e+03
-2.444498003718992063e+00,2.177835405776349098e-01,-4.101377220072305541e+00
1.738145619745554926e+00,2.914291520975407362e-02,1.628584543921387819e+02
4.886525436264190780e+00,7.882194326931797335e-01,6.258871343134472243e-01
4.617263482057802015e+00,2.887055521102787070e-01,4.408232806041603169e+00
2.907215570087870304e+01,7.467653452461158192e-01,4.148576095347776160e+00
6.768097833159457366e+01,2.178847835797709798e-01,1.134495978708394404e+02
3.578875519382781256e+00,4.927350333297602081e-01,1.173031962388889848e+00
-1.741492101683560634e+01,1.589690163970032266e-01,-5.483863938977319208e+01
9.917919989611192477e+00,5.093933259555177145e-02,3.041614957772812886e+02
-2.977884218575834296e+01,2.311497699203663714e-01,-4.435177579582952490e+01
-1.168655129425052452e+00,9.982019351504951843e-02,-9.333395958065842990e+00
-1.980949031405091176e+01,7.379006708148981575e-02,-2.895127050813716778e+02
6.305469031781938583e+01,9.205678095733496602e-02,5.921012313173624761e+02
1.900874806259251537e+00,3.609396924597771394e-01,1.161112666442069896e+00
-5.983271147833101367e+01,6.110281532344488120e-01,-1.275282436948098130e+01
5.630040935115414591e+00,3.241110738767743332e-02,4.264950047619400380e+02
4.363940287447491961e+00,1.509792319764423352e-01,1.523472123093689312e+01
6.111286160495973618e+00,1.004404261999745050e-02,4.820650679569865133e+03
-2.756260496663662707e+01,5.187506298147490091e-02,-8.150666485069735927e+02
-1.684251737136299454e+01,8.061204593216522718e-02,-2.062515649971922755e+02
-2.494611951905400637e+00,3.160893150136359631e-02,-1.986888536471417979e+02
-5.832780476396259672e+01,5.509244467565784786e-01,-1.529261232528140901e+01
2.925239465274555073e+01,9.145927343673562193e-01,2.782890165431455287e+00
-1.281481775017955549e+01,3.298639581711908936e-02,-9.372012047425921537e+02
2.554719094011103309e+01,1.251604056096962125e-01,1.297774887452337396e+02
-7.384709975722753938e+01,6.103227186233139978e-02,-1.577627641175798317e+03
-4.735467160488801674e+00,8.329204151438190928e-02,-5.431827273423131430e+01
-2.307283181884167700e+00,8.101986650103069898e-02,-2.797099978663767672e+01
-2.299880642916480422e+00,2.760809735911493590e-01,-2.401167620691327276e+00
-5.129679924639455990e+00,1.033581593467390418e-02,-3.821121702770289176e+03
1.371982525152966836e+01,4.313505141352230177e-01,5.867837466136704982e+00
-4.346523304527703857e+01,1.563286083213909911e-02,-1.415321894455169604e+04
4.390071926727692642e+00,5.402068849704874665e-02,1.197130626864949505e+02
-1.686556759595453148e+00,1.239702491791657216e-02,-8.732852990691388868e+02
-4.776801525136054494e+00,6.829281136262846386e-02,-8.150370475065149378e+01
2.294772680407379362e+00,1.782220497758900749e-02,5.749193664264889776e+02
-5.399000261058314720e+01,1.328248021792396982e-02,-2.435258842206735062e+04
-2.801617254710242833e+01,3.275990771949114366e-01,-2.077368777685124712e+01
2.454968753682366778e+00,3.680008803124575761e-02,1.442574960734681326e+02
7.402874186316901728e+01,2.530074236113668065e-02,9.202884597189598935e+03
3.805319149749561092e+01,1.666654432318476764e-01,1.090159639717198701e+02
-1.804557463537180384e+00,1.260867933122806483e-01,-9.032784572269884293e+00
-1.822051198610737943e+00,1.465667902926103550e-01,-6.749623649283016391e+00
5.713984658681646067e+00,1.444128102764651034e-02,2.180307592318086336e+03
-4.957518196644458186e+01,4.934576712630558276e-02,-1.620147829035237919e+03
5.517503155766092249e+01,1.430573263540809159e-01,2.145420953964732576e+02
1.316018303213865037e+00,2.909162777972395045e-02,1.237416837019474940e+02
1.618143044960912436e+00,5.431625183703997495e-01,4.364630270729807915e-01
-1.531597079788614701e+00,1.763265022128555626e-01,-3.920121074670486205e+00
3.371517805802012546e+00,4.292555869254850026e-02,1.456074783799022896e+02
-8.634173269221753344e+01,1.122082859972184203e-02,-5.457089024938163493e+04
3.138443732306887668e+01,2.395418718662425672e-01,4.352528312753355522e+01
-1.437880549754077109e+01,1.640666222303800714e-01,-4.250817608996300834e+01
3.567939603168132123e+01,7.221742953800962539e-01,5.444068454407065438e+00
1.071618690853431088e+00,4.345448259657710977e-02,4.516076076797595817e+01
-1.030134118618832639e+00,5.846556796513609905e-02,-2.398189854982405933e+01
2.871189791203564212e+00,1.197241947885572567e-02,1.593999524185371911e+03
9.343126149779809708e+00,2.518600862993467526e-01,1.172097266180398201e+01
1.210637993422128034e+01,1.187720165413457506e-02,6.829299749093096580e+03
7.055557810504303973e+01,3.144420733669342494e-01,5.678585747814135232e+01
1.136284421004642109e+00,7.621969743315874790e-02,1.556477143110070216e+01
2.467912907684754131e+01,1.883237191289906798e-01,5.537451313508520201e+01
1.406960203217212069e+01,9.555046939732011468e-01,1.226327026212650217e+00
-8.451406847535713496e+01,5.884997690830592321e-01,-1.941898612445256589e+01
-3.307805672541604736e+01,1.302306247434356461e-02,-1.552043451299993467e+04
8.843542007076361244e+01,6.655479176431913224e-01,1.588757892900187585e+01
-8.849914568238727952e+01,2.319986022470293396e-01,-1.308454055417361985e+02
6.917179126094681862e+01,2.071511418124287185e-01,1.282757301321640853e+02
-6.744314578597365539e+01,2.569347936817168998e-01,-8.129842194222635499e+01
-4.850921562669461906e+01,8.264816498644814713e-01,-5.651294727535199236e+00
2.177140841476660071e+01,3.853410506089372523e-01,1.166772290654328259e+01
2.118088908100574841e+01,8.096893980935346291e-02,2.570972411829864654e+02
1.710569912922373348e+01,6.834177187707459744e-01,2.914462663852256163e+00
-1.420246048745125833e+00,1.197928796900674941e-01,-7.875746260664358900e+00
-2.212578905878065072e+01,2.737828758366416260e-01,-2.348963895337431751e+01
1.085546700896029559e+00,1.799370288554796027e-01,2.668072076583597241e+00
-1.478572165611070188e+00,4.715972853621253624e-01,-5.290418997402643875e-01
5.564368736221663880e+01,8.828625809792041423e-02,5.680934963948358245e+02
1.973894768845271841e+01,9.398544369385396502e-01,1.778250502274783873e+00
-2.854603305290370319e+00,1.893462706856845201e-02,-6.336105336672737849e+02
-9.742890824022407514e+01,1.922456685109674712e-02,-2.097803690023292802e+04
-1.953846442259791871e+00,1.227429195893864899e-01,-1.032018935517703007e+01
9.007640442544997939e+01,3.253283364594193872e-01,6.772630673286677450e+01
-2.497593664522378987e+01,1.304792391330057977e-01,-1.167425267894285525e+02
8.266581302839178136e+00,1.040254093847754885e-01,6.079070922889605555e+01
-6.241508072219298953e+01,7.802854994532016919e-01,-8.157791477740872210e+00
2.182194880872277665e+01,7.453988145703496215e-01,3.125404787921705729e+00
-1.366361837484253527e+01,5.240420023087666995e-02,-3.959347908106134923e+02
-3.036410921278847930e+00,2.583412468537476733e-02,-3.620455202711651168e+02
-8.375577068033864236e+01,5.971141827352750148e-02,-1.869347758994430706e+03
3.748893540401358138e+01,1.705363971422459712e-01,1.025791453835949625e+02
2.502950259046107107e+01,4.445656503885346555e-02,1.007791167203146301e+03
-6.285262898301441581e+00,1.429819364989391439e-01,-2.446533881129776944e+01
-6.265621412654764555e+01,2.193431898614652265e-01,-1.036348864504881959e+02
1.203576162692288065e+01,3.599465780541890592e-01,7.392436716956978238e+00
-1.943983480832102817e+00,2.053735764642727613e-01,-3.667698045123124473e+00
5.486097843008139741e+00,6.694192369270032250e-01,9.742205988346529510e-01
8.799899708346634597e+00,5.812837281372660453e-02,2.072485623876535215e+02
-1.185675501591192171e+00,2.856361695294403202e-01,-1.156457246259395610e+00
4.605494864919801756e+01,6.640274643006234545e-02,8.311786015383320319e+02
5.522233605645098464e+00,6.073682105402822273e-02,1.191244190956327600e+02
-3.058917153869454619e+00,1.217676874114940466e-01,-1.641699760233192151e+01
-1.173308846010913875e+01,2.224872817167691252e-01,-1.886218938328308070e+01
4.973911388802623179e+01,9.606439668503758966e-01,4.289071249636382532e+00
-1.757553037864515488e+01,2.410466743856333818e-02,-2.407111941774938259e+03
-1.314024525619654327e+00,4.184862245858354812e-02,-5.970782807139877946e+01
-1.425745669356795098e+01,5.984142942255719910e-02,-3.168314458833949061e+02
-3.496811929871081137e+00,2.252138682971250444e-02,-5.486206506158464435e+02
-4.056761442754206826e+01,8.490427741694108743e-01,-4.478271971447178146e+00
9.794983498917959253e+01,6.918568269486020939e-02,1.628401085529833608e+03
9.528351942024811194e+01,4.048650012954345401e-02,4.625806421709475217e+03
-4.622381642179301053e+01,4.470099368453730460e-01,-1.840863474815388656e+01
4.826834319656594374e+01,3.042676396631011082e-01,4.148976710212271968e+01
9.623216041938492538e+01,1.287709594664042043e-02,4.618218839450820087e+04
2.094944915802754437e+00,3.139509249443323685e-02,1.691372286755630228e+02
-6.471310291734951647e+00,8.463122260558066101e-02,-7.189871531697798446e+01
-2.940540625817194353e+01,6.052010121387284558e-01,-6.388781400998026605e+00
2.389916127246539546e+01,1.642620830336883053e-01,7.048523371366400170e+01
-3.776388189422144137e+01,5.056486816824435487e-02,-1.175354861814088281e+03
3.073651866975612545e+00,1.050548972486644618e-02,2.216216620288604645e+03
-2.233089291508256835e+01,1.303108422890593594e-02,-1.046490092473638106e+04
-2.257416751439087932e+01,5.555366755997180883e-01,-5.820715975457292579e+00
2.442497599910813388e+00,3.980361909802450360e-02,1.226815228991004005e+02
-5.811726156102294283e+01,2.688421415481185434e-02,-6.398830201888343254e+03
-1.913200212288211688e+00,1.698533193622028120e-02,-5.277186944816932055e+02
-9.000441519057851281e+00,1.945383113003113784e-01,-1.892533898046521657e+01
-1.145679157539006399e+00,1.541818729511783836e-01,-3.835186732491866479e+00
2.390711672456843218e+01,3.048398982897671666e-02,2.047263397359238070e+03
4.041878963606470165e+01,4.736043052927102481e-01,1.433976904869830804e+01
-1.680098767945376537e+01,2.122234332489291581e-02,-2.968508365849356778e+03
-1.505812189408555213e+00,3.544172327294674574e-01,-9.539624576313111559e-01
1.431579722675536015e+00,4.318364675705828326e-02,6.108956671815953854e+01
7.872589196073849216e+00,1.939265669679569593e-01,1.665839313757123108e+01
1.214077077504294611e+00,2.588524369407566583e-01,1.441889168819176170e+00
-2.234591399180586357e+00,6.608412818631691499e-01,-4.071870232790518185e-01
7.436626685685333804e+00,4.689266197813301423e-02,2.691264248847942326e+02
-8.223359036829556601e+00,1.171329277721837314e-01,-4.769593762445182961e+01
-3.639122436299290886e+00,1.176413459997798124e-02,-2.092506586494740077e+03
1.342582011921973617e+01,4.612021849796974493e-01,5.022827321017818036e+00
2.184474477452468122e+01,4.019078167246051825e-01,1.076178236662290111e+01
6.792362044384033481e+01,5.738181135918625220e-01,1.641581524658492341e+01
-1.443295086387851089e+00,2.059521375682337452e-01,-2.707775543500129167e+00
1.319575025697496073e+01,2.242026475206071109e-02,2.089020732020066589e+03
1.176428374688498479e+01,2.607805341792068451e-02,1.376592140441969605e+03
5.593214344389435766e+00,1.627761117069554397e-01,1.679849051639989099e+01
-9.993703503214483419e+01,2.871753799932749152e-01,-9.643222505007763345e+01
-1.355183754662576234e+00,4.957403069101720128e-01,-4.388133789274327179e-01
4.127768048719310912e+01,5.792533944262969747e-01,9.789674366860145582e+00
-4.643076813260101687e+01,1.509949397641405060e-02,-1.620582773482308585e+04
-3.403040002664488917e+00,7.314301320248499383e-02,-5.061875917857756946e+01
-1.826190927772677242e+01,2.948250762148658111e-01,-1.671889144613692224e+01
1.695701385642692127e+00,1.570443037253951846e-01,5.471358024360851502e+00
2.901213087038167515e+01,6.489588041470486512e-01,5.481955507790590154e+00
-8.388290208954764182e+00,3.423635443501796966e-02,-5.694932169135216782e+02
-1.131173184349272498e+00,7.004913725806782843e-02,-1.834482848123915488e+01
1.193025980891203597e+00,1.563448143410408886e-01,3.883945035953479952e+00
1.588562374308863845e+01,1.013730413353835028e-02,1.230125597049368844e+04
6.645153627045236711e+00,3.488585605189996608e-01,4.345066151790512698e+00
6.412551591886735736e+00,4.744744329544173939e-02,2.266706955713605680e+02
1.453872706515409341e+00,8.961833506519154557e-01,1.440531558380982180e-01
-4.306617813663257266e+01,3.300482343660229162e-02,-3.146093611737072024e+03
6.597089348281862442e+00,5.855596272425894755e-01,1.531088345539825646e+00
-6.787479850022110384e+01,1.729431388896635058e-02,-1.805893002195490408e+04
-8.290541317046917769e+00,5.388944886504223181e-02,-2.271776171409138101e+02
-4.275637566780081045e+01,5.590474484172939240e-01,-1.088663546472492527e+01
-1.256687375867532630e+01,2.958370117927970264e-02,-1.142647764130686710e+03
9.486235638433987560e+01,2.927873703160007723e-01,8.806013891307524943e+01
-1.025382536308849568e+00,4.109252200645084896e-01,-4.832261849424550615e-01
1.626762574748936263e+00,4.132379243369706523e-01,7.580781261909023128e-01
4.599576713963349661e+00,2.173684201406620581e-02,7.746670873499467689e+02
-6.208434110607585765e+00,2.992285120120236758e-02,-5.517803958934684943e+02
1.162686270827590240e+00,3.311177527370286894e-02,8.438937073134574973e+01
8.788452708233535304e+01,3.307512516889512533e-01,6.392924320130526183e+01
-2.404060905673153226e+00,1.300755632591085037e-02,-1.130691615517703667e+03
9.860926939620013343e+01,3.809109165052579904e-01,5.408303293859381000e+01
1.148991053731755141e+00,1.960723439168925858e-02,2.378340886799317957e+02
5.452151357919698071e+00,5.207601191377426719e-01,1.599862299516160880e+00
-1.831478048689405114e+01,1.941660353127545868e-02,-3.865852930993180962e+03
-1.622785294243853871e+00,5.481314091720530801e-02,-4.298152513765310800e+01
-2.053639478157864318e+01,2.295846283495855261e-02,-3.100478518079330115e+03
-6.146705292537047782e+00,2.377240299942444401e-02,-8.655384374892138339e+02
-2.111740062451889610e+00,1.293610472089167657e-02,-1.004207706335835155e+03
-5.786233155259770200e+01,1.539273319308666517e-02,-1.943365918566637265e+04
7.286916617953318465e+00,1.060339327014334088e-02,5.157558912736354614e+03
-3.528742600084766590e+00,1.028167833036422313e-01,-2.656330392755756975e+01
4.657437474652584619e+00,2.265706030238095470e-01,7.219881144436193665e+00
2.957316250568804428e+00,9.083667466953526670e-02,2.852104613795808064e+01
-2.816486290505390855e+01,2.163992021384377254e-02,-4.786151782288810864e+03
2.063366067945023197e+00,1.833908112808126656e-01,4.882151778096838868e+00
2.988394587615668563e+00,1.079683688440990358e-01,2.040022684570104872e+01
2.851940305393181063e+01,7.435456246475062869e-01,4.105020423302470967e+00
3.812316823852622605e+01,2.647386938752704921e-02,4.328568332738981553e+03
-2.651627050254174556e+00,9.605844348252354226e-02,-2.286817392076916278e+01
-8.708024441008714689e+01,1.144586104292951989e-01,-5.289478267076841576e+02
-2.714171420716836636e+01,1.256972479307881183e-02,-1.367023155137703543e+04
2.176225060188933913e+00,6.992168800996738653e-01,3.542175986982781799e-01
-1.001719588906618696e+01,9.647572037264400269e-01,-8.564465069603587333e-01
9.344194546160174752e+01,1.962867081038971728e-01,1.929968517558353653e+02
-4.126492608343860979e+01,3.303838950213792980e-02,-3.008385381182154561e+03
-4.849184811118149696e+00,2.716854468225839980e-01,-5.227886149463514265e+00
-1.343308944261680793e+00,2.000297433824984594e-01,-2.671633538964800270e+00
1.172959071138824072e+01,1.312409428018027589e-02,5.419189165831814535e+03
-6.113137234372194229e+01,3.113451771908203880e-01,-5.018454556185948690e+01
-8.769804535847777061e+01,4.711679478182004277e-01,-3.143609349617583604e+01
-1.711455027689749997e+01,1.925080881519607157e-02,-3.675002726806991632e+03
1.131791394058281996e+00,6.527636417758990728e-01,2.113706144603777759e-01
1.263301019578854678e+01,4.124822067536197956e-01,5.908626587530515728e+00
-4.161014202714925858e+01,2.258884457335410059e-02,-6.489351516846525556e+03
-2.816017219287319406e+00,8.770059166794490491e-01,-2.913536045381915351e-01
-1.112028423151434575e+00,4.321407173029711002e-01,-4.738661066944781508e-01
1.491151017801867207e+00,1.602855892893630674e-01,4.618732484815984307e+00
3.071492400348276419e+00,3.165853055425167650e-02,2.438698297374345145e+02
3.746229474666049608e+00,1.164144967931176194e-01,2.199735086432788833e+01
-8.720673626452617455e+00,1.105687475454393380e-02,-5.676431335115037655e+03
3.927171300513010443e+00,4.182665721374189682e-01,1.786338123782411191e+00
-6.056005802370309254e+01,9.887756643313383442e-01,-4.929250401282428307e+00
-5.487690835514491994e+01,8.164302393981143213e-02,-6.551513016330249002e+02
-3.123360850140803890e+01,2.130634804579144975e-02,-5.475127840885459591e+03
1.301869922537993851e+01,3.677011993753875330e-01,7.662449698694167033e+00
-8.620713476316413448e+01,8.023331729936180601e-01,-1.065672721976327608e+01
8.393478163540770254e+01,2.277873472254553916e-02,1.287279659863834604e+04
-1.317031603927476091e+01,4.330235031709417926e-01,-5.589376880891296473e+00
-1.070067104592763663e+01,8.288583959121390010e-02,-1.239482693915972504e+02
9.057801716040387419e+01,5.579508022753516122e-02,2.315373895315467507e+03
7.641086027393753533e+00,5.002313315348162481e-01,2.429984175669107405e+00
7.668548508302254874e+00,7.086296438227226990e-02,1.215247322780757315e+02
1.399625247914973691e+01,6.826601546273629584e-01,2.389971898836673159e+00
-4.995058777610435818e+00,1.143909372641476879e-01,-3.037718332647130737e+01
-4.213235586699474844e+00,3.974964964760656638e-01,-2.121970145596098423e+00
-9.888598933910239808e+00,2.454212770107535094e-02,-1.306473111058170844e+03
7.273493917320466018e+00,5.761801287770427216e-01,1.743478769624292601e+00
-5.858215635196009963e+00,2.205881125810793889e-02,-9.580568493114748208e+02
-1.555840721732110854e+00,3.579039260301689063e-02,-9.665455940105688626e+01
3.124417152403887510e+00,4.724861409205810547e-01,1.113732776565353966e+00
7.513029612458923623e+01,2.253294392615705355e-02,1.177522907641945858e+04
-3.122821257181574239e+01,2.279993968916352032e-01,-4.780461958390958443e+01
-1.388749183681002286e+01,8.154509342005528127e-02,-1.661951261339286816e+02
-2.453282046541668038e+01,3.090756860537032663e-02,-2.043656649891774805e+03
3.825993214290569711e+01,1.229437235446854265e-02,2.014288192018576228e+04
4.299063490354845385e+01,3.863534684920734708e-01,2.291893136436056366e+01
-1.242706314673164059e+01,5.019487789721860382e-01,-3.925001589050758799e+00
1.225169109232189335e+01,7.538770524914083226e-02,1.715477895551730683e+02
-1.082397137761939465e+00,5.351940842667597398e-01,-3.007143565515700834e-01
-1.162921770220994855e+00,8.387983679610368226e-02,-1.315302007915872018e+01
5.475204506179102282e+01,7.188981844799373633e-01,8.430546100961612055e+00
-6.045535974340114649e+01,1.532737741525738197e-02,-2.047808036034965335e+04
1.400199085772952934e+00,1.782067940135747403e-02,3.508580225381177229e+02
2.451053482873936318e+00,1.564927620261122310e-02,7.964424732930042410e+02
-4.449069978835683337e+00,9.846395793305806610e-01,-3.651781588695679481e-01
2.787659579530332721e+01,4.503168231023425838e-02,1.093940069755877403e+03
-6.336216761991612323e+00,1.125286427650841643e-02,-3.981933478333173298e+03
4.743731785882228991e+00,9.213930898040237349e-02,4.446521125706857447e+01
-6.596299493607465081e+01,3.600788784739070852e-02,-4.048509915646043737e+03
2.752027020169109939e+00,5.889551318677135883e-02,6.313619557235281832e+01
-2.054108396229985090e+00,1.142994829422555765e-02,-1.251194890537609353e+03
-9.650798371416751564e+00,6.121602339766676337e-01,-2.049383095380923780e+00
9.050587364965053894e+00,1.343633426345638149e-01,3.989379043317877915e+01
-1.016337499177581316e+00,6.744634990954911924e-01,-1.777915774143034033e-01
-1.504419723121562491e+01,1.748988772197935387e-02,-3.913678184356093880e+03
-1.785673922683542747e+00,6.725136272331161402e-02,-3.141883767715655296e+01
4.129871771482914511e+00,4.661018724269004876e-01,1.512742499372145666e+00
7.728446789237933601e+00,4.482573758987148244e-02,3.060747251907891950e+02
-9.142565127427912941e+00,6.171010409417223563e-01,-1.910493835569932575e+00
4.399496530084936019e+00,1.535994078610038449e-01,1.483932110605496391e+01
1.317291565374586604e+01,5.981273896444004867e-01,2.930115005866049671e+00
-8.251819453638363200e+01,8.034059138631048647e-02,-1.017348630298213266e+03
7.732867466456202266e+00,3.233956121532270689e-02,5.883861707985320209e+02
6.463200932909408891e+01,1.953195605423060921e-02,1.348175146945302367e+04
1.258274536646931674e+00,3.505118703345113662e-01,8.150046441368079542e-01
-1.134192180413833562e+01,6.401941486048755570e-01,-2.202182889880472505e+00
1.782737282580396432e+00,1.699252607732100462e-02,4.913167754179747249e+02
-2.067125953204703492e+01,1.752691819415737665e-02,-5.354833311606316784e+03
6.562600820660840384e+00,4.347541435844827218e-01,2.762985874766518801e+00
3.043642492950063527e+01,1.137431679302063070e-01,1.872117637983423606e+02
9.784519794429858308e+00,3.347124747132712574e-02,6.950016802880039677e+02
2.538006228346276760e+00,1.903988894905816742e-01,5.571267323143947792e+00
-7.650286738136857423e+01,3.204627397901631952e-02,-5.928062398762727753e+03
-1.392565329448837375e+01,2.761997319552170760e-01,-1.452644047487241608e+01
7.945260032797283145e+01,1.827302614001549003e-02,1.893552280488016186e+04
-5.092977388918419734e+01,4.418092587662224291e-02,-2.076310299193203718e+03
-7.490268134134227296e+01,6.456350656137210819e-01,-1.429925072916573647e+01
-2.513465537430825680e+00,2.437015791685545260e-02,-3.367800709628699565e+02
1.328761595521691952e+01,9.432955351519347609e-01,1.188342544402343215e+00
7.604463133402681763e+00,2.411997988296526729e-01,1.040171169528661821e+01
1.684283856581458849e+00,2.740707187312615978e-01,1.784350408576088620e+00
3.999227829169396120e+00,4.626363683024883322e-01,1.486917050823497677e+00
-6.301929999195765930e+01,7.959797666330876709e-01,-7.915159194251478070e+00
4.159683083382370583e+00,2.232586129451170909e-02,6.641006961503589991e+02
1.149431367858139375e+01,9.001829653664357167e-01,1.128785963188412067e+00
1.293445493767473309e+00,1.144751181917073313e-01,7.854455199702470303e+00
-5.452199728478313290e+01,3.525176064329603731e-01,-3.491405305424376593e+01
-1.880566181725615182e+00,9.460254555942567700e-01,-1.672141836119785951e-01
6.641178183825221026e+01,3.080619443005189195e-01,5.568768502800950415e+01
1.893405528151272676e+01,1.057714417254454822e-02,1.346780837982513185e+04
1.347244075399458119e+00,2.438776654471512192e-02,1.802570919308340649e+02
6.522074245901066547e+01,5.542144208679525841e-01,1.689741343309714949e+01
-3.039153232096195367e+00,5.739369057471151864e-02,-7.342000833357133160e+01
-5.335009110809831867e+01,8.751014962440059053e-01,-5.543811418063917529e+00
2.014776016941013026e+01,7.714381276546609101e-01,2.694106186462950525e+00
-8.994418151695867891e+00,3.032237370808754662e-02,-7.784609255844999325e+02
-3.448517901428969168e+01,1.121775307057596566e-01,-2.180775045477714116e+02
3.333523995850039778e+00,1.640179153565937964e-01,9.860777197320299337e+00
-7.553518690476990649e+00,1.854982341890279093e-02,-1.746867176532749227e+03
2.871495058282780732e+01,5.806967119936411459e-01,6.776406887764439446e+00
3.034173218924177906e+00,9.778996910931814224e-01,2.524886666125470969e-01
-4.493974095245847344e+00,1.250051376873234643e-01,-2.288574080918101572e+01
8.063294178378738764e+01,2.844756652679833811e-02,7.928890081640919561e+03
2.895831590095057972e+00,1.042164045170113490e-01,2.121735611504806229e+01
6.901465138139576183e+00,3.573318357602004586e-02,4.301183919630543073e+02
-2.625254740656002994e+01,7.066020928411599622e-02,-4.184193385122485438e+02
1.186760376861575672e+01,2.569978963960279361e-01,1.429861711103864685e+01
-6.997542575209369886e+01,6.083897195003602487e-01,-1.504429884947452400e+01
-2.447650529742160330e+01,5.642923408360782378e-02,-6.116897948983892093e+02
-2.300966679514187163e+01,9.129889819918410310e-02,-2.196693134482453900e+02
-1.029508838152313865e+00,3.012368005922987924e-01,-9.028262182461508356e-01
2.569432078576699308e+00,3.258103427272563551e-02,1.926182994897132801e+02
-2.928532845429935971e+00,1.212750135133246199e-02,-1.584519440359772261e+03
1.402217877179228411e+00,3.710574785708501966e-01,8.104444592706677719e-01
-5.738323520595019289e+01,1.738461814381116882e-02,-1.510931773482620156e+04
-1.131487924021543190e+00,2.052751117333574682e-01,-2.136817662574958199e+00
1.854844565766783138e+00,4.674511212465551346e-02,6.754998335077554827e+01
2.541193321216990242e+01,2.754365269666805491e-02,2.665537360161192282e+03
-9.162368848667929555e+00,1.217418403041191644e-01,-4.919468478938210865e+01
2.075971281625570342e+01,1.905914808932639148e-01,4.547832995386010424e+01
-2.148990340017492429e+01,1.024361473929506772e-01,-1.629739255622455971e+02
-4.846715331939124738e+00,2.047626789427923200e-01,-9.198903072447460971e+00
5.862906096673293987e+00,1.465316743809358391e-01,2.172901550965108797e+01
4.608966351191568833e+01,4.132032491041047750e-01,2.148157983502400370e+01
-9.062492231875535253e+01,3.188162305906598881e-01,-7.095074136913906671e+01
1.145853811747019435e+01,7.728054820185911167e-01,1.526788785954866556e+00
-5.380325265055489581e+00,1.807458062031332482e-02,-1.310575994961643573e+03
1.365419051782913229e+01,2.339066353895297157e-02,1.985962348150022081e+03
2.038943109406447718e+01,2.623263761359940771e-01,2.357823677614691960e+01
3.474075145495277628e+00,1.291396663467505590e-01,1.657715598840711024e+01
1.611369272514360063e+01,8.764709033352392764e-02,1.669207038772740930e+02
8.534409555567748384e+01,1.454897271688795901e-02,3.208477198918167051e+04
1.805195373480316556e+00,4.711836374117881476e-01,6.470441973056502150e-01
6.597921033266749724e+00,3.779252102158032200e-01,3.676084813687596320e+00
4.388107808053713654e+01,2.745250243053062519e-02,4.633440042242731579e+03
4.580170906988699997e+00,7.929271155595356280e-02,5.797026432629023418e+01
3.252778381675162311e+00,3.042765800392618347e-01,2.795809384534982733e+00
5.108935544233410297e+01,3.445967369502579425e-01,3.423719986295418494e+01
5.245922606280353229e+00,1.101006975844929792e-01,3.443752043056340284e+01
-7.523974259476430859e+01,2.866460332939831795e-02,-7.286946225071383196e+03
2.632853346982321430e+00,1.469636479578597665e-01,9.700563388408314225e+00
2.753467234496223881e+00,1.623322863734996332e-02,8.314961406164463824e+02
2.458654266449988768e+01,1.175266615143871242e-02,1.416494196772011856e+04
6.923591591810007628e+01,1.964260045007287792e-02,1.427984890841725974e+04
-5.192730798963406613e+01,5.657894592931701494e-01,-1.290851369952011751e+01
-2.200429886419687620e+00,2.259935418489929931e-02,-3.428511524912506729e+02
-4.511268264463800648e+01,2.094811714259297297e-01,-8.180857006822273547e+01
-1.557130396377034032e+01,6.722375770900479441e-01,-2.742013243645568643e+00
-3.454599892746358591e+01,5.093006980414399587e-01,-1.059837661923162777e+01
8.876833385559690726e+01,7.931252299724803612e-01,1.122961000086887573e+01
5.138196214290298514e+01,4.359932545019130218e-02,2.151004309977838602e+03
-2.967952558318339928e+00,9.804181885025469168e-01,-2.457108709964902493e-01
-7.719778095296572928e+01,3.010148916010805809e-01,-6.779832901962269887e+01
7.400509611530359244e+00,1.667722060672949605e-02,2.117407347050262615e+03
-1.508278845951887526e+01,1.140015588596561547e-02,-9.235282742416271503e+03
1.023847572517929727e+01,6.419261587892703680e-02,1.977221359583982405e+02
-1.142049670818056306e+01,5.585795404520148277e-02,-2.912762536537316578e+02
9.406853066150892673e+00,3.275286723999790844e-02,6.978078435654186933e+02
5.806078938469997119e+00,2.406388205914940792e-01,7.978875552195982657e+00
2.383131707466396421e+01,1.006888954611630665e-01,1.870574576541669103e+02
1.636444962204781106e+01,2.334362297629663172e-02,2.389764023773156168e+03
-6.249163184028151186e+00,6.257714220312263209e-02,-1.269932243451071798e+02
4.944003047762659975e+01,1.687240352716108116e-01,1.382022006525948825e+02
3.855000466260988912e+00,5.183451699884384506e-02,1.141764297684589309e+02
-8.644068173272631839e+01,4.183827177341827019e-02,-3.929713112294248276e+03
-6.465692959672351492e+01,6.308143078933470260e-02,-1.293010770839721999e+03
-8.984929787033154369e+00,2.069426986014207270e-01,-1.669569903683095191e+01
2.423063154045388501e+01,5.614763496388973651e-01,6.116344433268834813e+00
1.048458490495708828e+00,2.039313700846408783e-01,2.006195735846380668e+00
1.989843195904306361e+00,1.577581498564220239e-02,6.362464639347406319e+02
1.979577004937549844e+01,1.425242809338520683e-02,7.755053873834141996e+03
-3.002465075988361320e+00,2.643995109352129461e-02,-3.417801259472913671e+02
-6.066068933989676992e+01,1.491366408193763593e-01,-2.170344942982951864e+02
-6.715695382021969806e+00,1.273567579227595156e-02,-3.294861282271544951e+03
-7.389226680693670168e+00,2.558172258182071432e-02,-8.985237391726735723e+02
-2.038476944888396591e+00,1.366507289616505361e-01,-8.687044263303452141e+00
8.431374091220855860e+01,3.499453833886961851e-01,5.478831674678667696e+01
-8.379636041822890036e+01,2.837991121425674154e-02,-8.279292519681981503e+03
-2.101653760884074984e+01,7.205347303056837127e-01,-3.221376360258427329e+00
4.826083792539944461e+00,3.811363551724011312e-01,2.643773475499237247e+00
9.574539705648652443e+01,8.172627946320718539e-01,1.140734519183711093e+01
6.821461148667298247e+00,2.482201520212370949e-02,8.810356286549142624e+02
2.524450780723326204e+01,1.511389433940669991e-01,8.794360819950888697e+01
6.263499126638208025e+01,6.790127798541374382e-01,1.081063639560851186e+01
-2.704403922769616830e+00,9.912696265573951726e-02,-2.190171356224301391e+01
8.284283974553511953e+00,2.093251550964632043e-02,1.504534913364682097e+03
1.771915507742296780e+00,8.302701734110722043e-02,2.045475451839381975e+01
6.676716475405470419e+01,1.441829031718522107e-02,2.555792189158878682e+04
-1.737589746073914476e+00,6.543884512209694471e-01,-3.228985751314038533e-01
2.991736340594412180e+00,4.595966245548555040e-02,1.127093102422944497e+02
-4.513656484135842639e+00,4.353046081382257876e-02,-1.895536320349833090e+02
1.557869388534474808e+01,1.342342666351848020e-02,6.880094299391680579e+03
-1.000753503209331319e+00,2.158093756420203374e-02,-1.709923332556231514e+02
-9.747765844108610622e+01,7.123463929401564476e-01,-1.528666559196927466e+01
-1.234511038510343006e+01,2.983166984315022141e-02,-1.103900641577817623e+03
-1.747962463480710937e+01,4.040251561774003269e-02,-8.521291547490432094e+02
7.387461833466403505e+01,3.679504857703916332e-02,4.342168024463087932e+03
-5.071087478278808014e+00,6.960212139850911750e-02,-8.330024621043531852e+01
-6.310398825820766611e+00,3.152704591021441294e-01,-5.052198269101916495e+00
-1.087335805582364934e+01,2.094689116918759322e-02,-1.972035246027859330e+03
1.267997177570866718e+00,1.177758872704201681e-01,7.274374462248743178e+00
8.527412966352171608e+00,3.503674405093346045e-02,5.527897102255608388e+02
6.906077349954405520e+01,4.666538800594564051e-01,2.523665623058325380e+01
1.376343989508327503e+01,1.303390309913120097e-02,6.447155584071178055e+03
2.123746676272706857e+00,8.560396497926449078e-01,2.306243114279044604e-01
-2.032846148972886269e+01,1.885790563772518982e-02,-4.548914047271545314e+03
2.426884929443796857e+00,1.298560716902754375e-01,1.145288234359823498e+01
-8.032810856983088499e+00,3.085008091641307931e-02,-6.716531595544748825e+02
1.602310227034301926e+00,6.825800737781843874e-02,2.736714723329737708e+01
1.135011195206083912e+01,1.664065900084615857e-02,3.261739243729693044e+03
8.458743084580112281e+01,2.668960102386001843e-02,9.449564789894497153e+03
-6.867616885018401263e+01,2.322460087253490069e-01,-1.013210489848539737e+02
-1.506225676070016917e+01,1.569459326270013222e-02,-4.866089050384866823e+03
6.180730457349389440e+01,3.892345581590742620e-01,3.246438320815526879e+01
4.239994851045543811e+01,1.309375910970693724e-01,1.968007601506601816e+02
1.897313178164246139e+01,1.442942050562376344e-01,7.251558908820808824e+01
4.241575867719049597e+00,7.069180334038852598e-01,6.754283014343069880e-01
1.600829584516241022e+00,2.338033056305850454e-01,2.330418629835010691e+00
1.959114973349368682e+01,1.234906501751302510e-01,1.022308344087503400e+02
5.302568504265486382e+01,2.189604668547445385e-02,8.801263087497867673e+03
1.806851825734340622e+01,7.494848872507100523e-01,2.559687306060698386e+00
1.976884557426645594e+00,6.269605767191712697e-01,4.002128035179823851e-01
-1.197239538831105676e+01,5.080212534998838070e-01,-3.691538681241262054e+00
-2.825076795906065197e+00,1.887640085748859206e-02,-6.309312102882836371e+02
9.106126319620754828e+01,7.455651598446645656e-02,1.303624746152609305e+03
-8.436827271196094102e+00,1.002333055098042491e-02,-6.682595718752480025e+03
1.234400081632847979e+01,4.402081328693507878e-02,5.069089438537781120e+02
2.915607562978244971e+00,1.484629690625768363e-02,1.052647396937984240e+03
6.012960558326599170e+01,1.858217754950750034e-02,1.385751254306025112e+04
7.141254742906440356e+00,8.718300421205898987e-01,7.476545853404461539e-01
-2.080764999035217055e+00,7.839544443054742573e-02,-2.694210453468732069e+01
-5.711444715109913695e+00,4.568309765336824729e-02,-2.177835255594962973e+02
-2.138302342828897196e+00,2.325047798595869242e-01,-3.147715528720526734e+00
-3.532969583199555075e+01,7.008730201660613723e-02,-5.723363767089107341e+02
1.090017804695011883e+01,1.281275597674424310e-02,5.283705680379891419e+03
2.911811677938746001e+01,5.063022801849651477e-01,9.039276120344036158e+00
-1.059694062233641043e+00,1.131948120661674245e-01,-6.581389459456365998e+00
2.175978709698549807e+01,4.246448134894199172e-02,9.602694879657709635e+02
1.093055506575875135e+00,4.868242396229442714e-02,3.670185068702812714e+01
-5.201768653543380694e+00,5.975571306581556330e-02,-1.159263875548209910e+02
1.432008663796621661e+01,6.646474257066445901e-01,2.579604509642213550e+00
-3.701089273443830763e+01,1.211314936653159480e-01,-2.007268881041354689e+02
1.690391064389676901e+00,3.832924864016572231e-02,9.156230400044154294e+01
-2.671357231583055380e+00,4.616116983470568841e-02,-9.976276832656570548e+01
-3.031216872411401031e+00,3.744142040246581371e-01,-1.720689519601332096e+00
-8.559532337903834787e+01,2.044575620149543388e-02,-1.629422906052598773e+04
6.187705678368308782e+01,6.045966203472777911e-01,1.347064384091389755e+01
2.369264905552085665e+01,2.673584830836294932e-02,2.637641823512488372e+03
-1.157609710389759128e+00,1.834952641412060728e-02,-2.735914853125246395e+02
-5.051122327439487947e+01,5.505180954589489889e-02,-1.326278791280470614e+03
-1.203634914454531524e+00,7.443434160946851841e-02,-1.728773952825546800e+01
1.310077657803528339e+01,2.727410035979488390e-02,1.401478074227702109e+03
1.699282153258110384e+01,3.307579123426217238e-02,1.236047464279201904e+03
1.602832147807209751e+01,4.363861143516473695e-01,6.697864144647876827e+00
2.973748644936821961e+01,6.330704130719290446e-02,5.904598327355313359e+02
2.259497763336042908e+00,4.601494523345157212e-02,8.491887515145391774e+01
-1.951570501096363941e+01,2.161480301351155833e-02,-3.324082676534659640e+03
-1.218716223635405660e+00,2.005402606737071991e-01,-2.411512837813803767e+00
-1.325266243533492316e+00,4.201208839741758794e-02,-5.975093845502016876e+01
2.545466984575473290e+01,5.014989499063593481e-01,8.054109847110307641e+00
-3.389960741290115820e+00,9.275628873963112642e-02,-3.135436986368895518e+01
-1.155471398792239590e+00,1.793376419129968646e-01,-2.858949117003270590e+00
7.912921353297002192e+00,5.394542332739195034e-01,2.163803277438524297e+00
1.035374074772397890e+01,8.709513578411819390e-01,1.086174546044867739e+00
-4.225914652267351102e+01,1.620566094210614261e-01,-1.280493449415331781e+02
-4.722096039786121580e+00,3.245244704103359967e-01,-3.568042772569426369e+00
5.898006791169711249e+01,2.657890682730054133e-01,6.643870745477929063e+01
6.220011386545085230e+00,1.291033316873107725e-02,2.969657856329304195e+03
-8.896403597252870554e+01,1.158053372153420024e-01,-5.278948947017915998e+02
-4.387664385305244608e+00,5.292187780353220516e-02,-1.246674411244461140e+02
2.257438749956844237e+00,1.812945416713789351e-02,5.465585016455936511e+02
1.427170255388274889e+01,6.665201600512545843e-01,2.556462001083890545e+00
2.963948279923457552e+00,2.062774317783238609e-01,5.543158867737233209e+00
5.382320050489638419e+01,6.641016352172259829e-01,9.711594836842849077e+00
-5.263930505025232520e+01,5.958487407116950241e-01,-1.179853897097042648e+01
1.204960388551707418e+01,2.298260883431828550e-01,1.815366243274869262e+01
8.414319876611040527e+00,2.579161914149792970e-02,1.006588443218684574e+03
6.044465021069124866e+00,3.059877654985598827e-01,5.137358585421077706e+00
-2.882398638058883833e+01,1.123435998613681736e-02,-1.817387379664651598e+04
-4.656386711627746422e+00,2.288909503539971607e-02,-7.072646181506660241e+02
1.327182724776039890e+01,2.317879116048653446e-02,1.965799820102474541e+03
-1.000615004627286453e+01,2.183892097874099228e-02,-1.669532175503325107e+03
-1.246039568405229936e+01,6.121147545329519435e-01,-2.646404789098434129e+00
-1.453460193503435915e+00,8.034306718685707560e-02,-1.791828596001684204e+01
-9.501887024494557465e+00,6.098764180035605165e-01,-2.032901407940819194e+00
-2.052790008061800009e+01,4.940097573441295381e-02,-6.693659359014092161e+02
-8.959048643035472992e+01,1.233632059166836839e-02,-4.684688691497646505e+04
-1.489669082446948956e+00,5.795167026346620398e-01,-3.529783145709935455e-01
-3.885926026173640935e+01,7.822115275418582703e-02,-5.054011678409582373e+02
3.768065612743910719e+01,1.644705422817760165e-01,1.108491440027804487e+02
-2.011120940268736668e+00,8.896462593507115102e-02,-2.022058006175039679e+01
-7.013448663282892070e+00,2.476933127078407015e-01,-9.096895279905659493e+00
2.218582668060764096e+00,3.598067176186201671e-02,1.363726302980434468e+02
-3.027996465964634343e+00,1.852675722260771138e-02,-7.020154641184271895e+02
4.507823093733115627e+00,3.782405493947951780e-01,2.507383875976082255e+00
-7.865710155724036667e+01,7.033552515390525395e-01,-1.265256584625375424e+01
1.065876594530182864e+01,4.758913638026786574e-01,3.745255190464530592e+00
-6.987901762966226116e+00,8.389186284143665961e-01,-7.901276332219160370e-01
-4.966225473077021491e+01,1.448837163452587271e-02,-1.882683925165265828e+04
-8.425055905887234076e+00,1.546266564665934283e-02,-2.804104517821762329e+03
2.336804324356213769e+01,2.681999342752717785e-01,2.585205965734331457e+01
2.504381080074762789e+00,9.060625728241838983e-01,2.427583448740687211e-01
-3.110419842490696141e+01,1.365053966967292032e-01,-1.328340783877048352e+02
3.369036684216273780e+00,9.356844241236814130e-02,3.062224844928352852e+01
-5.757459895731036781e+00,1.779499696014333054e-01,-1.446855705424750305e+01
-6.327152173075003105e+01,3.629001152298885757e-02,-3.823175227577052283e+03
-1.856857109497200620e+00,1.989497033119310143e-01,-3.733206635888102642e+00
-1.145139173488406659e+00,2.878495822903451851e-01,-1.099808825328678852e+00
1.502011453311847333e+01,2.740960791031824689e-02,1.590954407615871332e+03
-5.003872140502138244e+00,2.904432379078172866e-01,-4.720345642905858341e+00
-5.263341522840287112e+00,6.841697665245718984e-02,-8.947957845296649282e+01
-1.605375005323313431e+01,2.428375009275201279e-01,-2.166382422675896535e+01
5.867079928921652510e+01,2.533114291054258671e-02,7.276165531108240430e+03
-2.672776277446051552e+01,1.804379825336763221e-02,-6.532761734655434338e+03
1.915444115146116388e+01,8.217934803010150668e-01,2.257013925399424803e+00
-2.148736550761844200e+01,3.125481336486101713e-01,-1.750408798170086655e+01
-5.120186033456327834e+00,1.173011764825227232e-01,-2.961223182936392817e+01
-5.742927308355350036e+00,5.799014649626723639e-01,-1.358986189869875627e+00
-7.915363808071748508e+01,9.589977195443886993e-02,-6.848979525441330907e+02
2.044313350339437818e+01,4.753350372993296880e-01,7.200090338329101947e+00
-3.449033727390512727e+00,4.896682824138164081e-02,-1.144678772276679410e+02
-2.328766150939090007e+00,4.073389445147776455e-01,-1.116873916275642031e+00
-7.688263873056233599e+00,3.831810211691500517e-02,-4.166874646241436722e+02
-4.656750505173850740e+01,7.571277781357720060e-02,-6.464497113316313062e+02
-2.679572779052823872e+00,8.084418903967209857e-01,-3.262556755549716470e-01
-2.505502770601181428e+00,3.894852850652582577e-01,-1.314325440616004537e+00
-2.750700977203515762e+01,2.576283005023728423e-01,-3.297967567847648951e+01
6.131435580593939783e+00,3.930610392405970432e-01,3.158146771890696591e+00
-2.972766760330040015e+01,9.263083929298066010e-01,-2.757019096179147866e+00
2.571755091508402558e+01,1.008139838427620644e-02,2.013623125813781371e+04
5.295602716965534640e+00,1.012185779502805180e-02,4.113249649059174772e+03
-7.350776396682454639e+00,1.429880471199135861e-01,-2.861039663451085246e+01
-1.155264137924872792e+01,6.805656066987497699e-01,-1.984867097847614170e+00
-3.867998329141167346e+01,4.010288167349373295e-02,-1.913926484236408669e+03
-6.675337996225367831e+00,4.208357763284965580e-01,-2.999425573801360656e+00
-1.261565617675076911e+00,1.452734882527676775e-02,-4.756935368450530177e+02
-1.380732229509387743e+01,1.889919970360434132e-01,-3.076187266485072414e+01
-2.294795106289274855e+00,4.382944711492103851e-02,-9.506093168216797551e+01
5.354413919471332939e+00,1.755225305406574177e-02,1.383045072872391074e+03
-4.423289560734152914e+00,6.381535370204829971e-02,-8.643410612292650796e+01
3.187342986349326424e+01,5.846488062776566963e-02,7.420425365718944022e+02
-2.189490054596252122e+01,1.216191918420286323e-02,-1.177955505718256245e+04
3.087319387944541749e+00,9.105181399760818861e-01,2.963428758406367880e-01
-2.748627087696913662e+01,6.816161224431825649e-02,-4.707889375825933485e+02
-8.581187446065386837e+01,5.933317632406553965e-02,-1.939734668902080784e+03
1.855425267336450634e+00,3.866348192769453185e-01,9.877150628103705809e-01
-3.292817152373413592e+01,6.961956186057073614e-02,-5.406238235313775249e+02
-1.348477623310198581e+01,1.771389504063546338e-01,-3.419839671871395126e+01
1.131430272079069654e+00,4.717384548064266214e-01,4.045902101950562546e-01
1.099575447120501925e+00,9.934887265425174085e-01,8.865215210869763218e-02
-2.254402319494927198e+00,5.214532772095747948e-01,-6.597672533034730780e-01
2.601022673846700606e+00,3.312565452989472969e-02,1.886276427838750465e+02
-1.187645167719543160e+01,1.108957978625910307e-01,-7.685049377385895752e+01
-1.583162578993980496e+00,8.872639456957819026e-02,-1.600331610165442697e+01
5.072554115534503971e+00,5.081557925569660794e-01,1.563230657960820613e+00
-4.563934435572341464e+00,1.574434195865431069e-02,-1.465144655176283550e+03
6.582250793122345556e+01,3.230221541230519633e-01,5.019956381348309549e+01
-1.427814401854922899e+01,2.795309590598518690e-02,-1.454126084726051658e+03
-2.128353179828213015e+01,1.698032333344387801e-01,-5.874107920855745135e+01
-1.116956915809779360e+01,6.163590229793086683e-02,-2.339693892067252250e+02
-6.319922013052563514e+00,3.210769410404744340e-02,-4.878469809779285811e+02
-5.491618999258733425e+01,4.866275644710438830e-01,-1.845428077798587196e+01
-8.550538626272523146e+00,2.968429332708962254e-01,-7.722006810213434491e+00
-2.365242294579171123e+00,1.452243056607633032e-01,-8.924567011319760823e+00
1.838561083158413156e+00,8.724390505948951269e-01,1.922197491671784053e-01
-1.193740887124458805e+00,1.035762182775115496e-02,-8.854827491981100138e+02
-2.440390939578403806e+00,4.442054167422961747e-02,-9.841965529724069484e+01
-1.382014815944826758e+01,2.967652898350434665e-01,-1.248753238061417825e+01
-1.334174940995006864e+01,2.165494188622291150e-01,-2.264064890905900285e+01
9.281710825691817490e+00,1.848203895636339189e-01,2.162312241919564926e+01
3.345230709684045678e+00,2.659071370468851087e-02,3.764924077599254133e+02
1.200111878810326438e+00,4.040306783784396866e-02,5.850368001252356720e+01
4.062064917484485704e+01,9.706193306547756805e-01,3.431145404989192293e+00
9.262366157574030012e+01,1.154420985351058311e-02,5.530745258094121527e+04
9.439974031271164634e+00,3.749364007668912896e-02,5.343744972906002886e+02
-1.737275301597923161e+01,7.456283135072135082e-02,-2.486646206866049340e+02
-1.739082056091862682e+01,1.019967018231774519e-01,-1.330264351038019583e+02
-4.706698051277337669e+01,1.251372429290537394e-02,-2.391846525914053200e+04
-3.497479371088282107e+01,3.283274242027171136e-02,-2.581849829936177684e+03
-1.613671320336373682e+01,6.233434825145820479e-01,-3.304839481922052347e+00
2.824486671821081707e+00,2.083388964170510560e-01,5.178320743723845432e+00
7.848726761785908934e+01,3.458322892993388464e-01,5.222257316885128375e+01
1.281794886320405169e+00,9.885944252820544342e-02,1.043692004312147326e+01
-5.493927449529421381e+01,3.984080226003502978e-01,-2.754335919697227197e+01
-7.747219317354830714e+00,9.138154774007254399e-01,-7.382763691314627730e-01
1.350919631653896680e+01,2.290220184524359159e-01,2.049581408657535064e+01
-5.434542034901759244e+00,5.791859093142256304e-02,-1.289190548887431191e+02
5.514115479572318890e+01,4.301172118658722759e-02,2.371878012750433300e+03
2.165826460720842839e+00,2.636163700251587319e-02,2.480099131433858588e+02
7.410230868001531235e+01,1.200567841070868946e-01,4.091178824183241431e+02
6.385097375358330218e+00,2.178886961681019210e-02,1.070257452425456222e+03
-4.025781066505460970e+00,1.105913760479954738e-01,-2.619375525293311568e+01
-5.020185085117319979e+00,1.390820567558244229e-02,-2.065226343652115702e+03
-3.657180225814020957e+01,1.491845019047909580e-02,-1.307642663792500389e+04
-6.232332971600148319e+00,5.310138317626851567e-02,-1.758851270302221792e+02
-1.159958358876899709e+01,3.897030043784998066e-01,-6.078060615519280674e+00
1.538661137962279657e+00,2.464910581277283685e-01,2.015258597486206948e+00
1.164356371772062859e+00,6.334720531624467021e-01,2.308985152625707971e-01
3.636924737444171551e+00,7.387602603190050743e-02,5.302948366436855565e+01
8.382929635363225884e+01,5.455115945603968841e-01,2.241702547352442920e+01
-2.581941301107657516e+00,1.125389047727253927e-01,-1.622299864892188026e+01
1.489660793582692655e+00,4.953910964812076045e-01,4.830378136328035699e-01
5.850239931636389201e+01,2.877350637288699775e-01,5.623131454650732763e+01
-1.588281792496332478e+01,7.287237545620883772e-02,-2.380081562083722133e+02
-2.218146923064913345e+00,1.198244095713112134e-02,-1.229390490953248218e+03
-8.851368114759384298e+01,5.429918548471106277e-02,-2.388987672510096672e+03
-1.711563532186238579e+00,1.345121069804119662e-01,-7.527667182011910540e+00
-3.174753592684136905e+01,1.350144237495326249e-01,-1.385925306761243974e+02
-6.443976664308434188e+00,1.360454353591510623e-01,-2.770614772409350479e+01
-1.499808309264541961e+01,3.470308441875585848e-02,-9.910367008533804665e+02
-5.019038276193453108e+00,4.170030404265327728e-02,-2.296847709962738122e+02
5.589915495698252634e+00,2.796081302758179205e-02,5.689784105624776203e+02
1.681906293924549489e+00,6.050030142364406366e-02,3.656594948475051865e+01
2.119822822784392269e+00,5.631783752703661133e-02,5.318605256618699428e+01
-6.636617489398820169e+01,5.325355434382781500e-02,-1.862257466096576536e+03
5.656757950137778579e+01,1.714072569927173606e-01,1.532143072336143348e+02
2.482690633366944066e+00,3.133847271263068279e-02,2.011671611765931971e+02
9.203676853078769682e+01,2.817176869530339800e-02,9.228333266431374796e+03
5.955784185984617807e+01,2.280695550496707469e-01,9.111596050433304583e+01
7.142980554694790385e+01,1.573485933421129787e-02,2.295851926169584840e+04
2.752471741636572045e+00,6.044375927486766997e-01,5.995288275242524056e-01
1.670647666853332325e+00,1.920136376096518924e-02,3.605876548815838873e+02
-1.015804173481285844e+01,3.990395568117118680e-02,-5.076544878807702617e+02
-1.581329713435857798e+01,1.240627612616512498e-01,-8.175789126366187531e+01
2.854851639588053214e+00,1.422773775894407844e-01,1.122281945091032185e+01
-5.739707408081766715e+01,1.725962687050984490e-02,-1.533264515042516177e+04
4.352346341676864938e+01,5.058235032289740696e-01,1.353678630897829116e+01
9.920026067858234597e+00,3.177053811335902589e-01,7.820847324992355354e+00
-9.035283145876357480e+01,6.408543372055873488e-02,-1.750706108684699075e+03
8.015269181707839152e+01,6.677510579585048400e-02,1.430471068462458561e+03
-1.399870839978067938e+00,9.830338916533906679e-02,-1.152765899338276867e+01
1.501046787201035793e+00,1.493209477444835086e-02,5.357262042757931795e+02
-4.178286850325092061e+00,4.734117914090287815e-01,-1.483577528216334596e+00
-1.686121041947874488e+00,1.217917698301936719e-01,-9.045717097061013234e+00
-3.364198859164035049e+00,4.028842166849647133e-01,-1.649344161384014074e+00
1.671335589334040472e+00,1.103379976450405003e-01,1.092455109893640675e+01
-1.559584057053322859e+01,1.481809934400388495e-01,-5.652153122091791460e+01
-5.997386324231921861e+00,3.901469557864448851e-02,-3.135419939077951312e+02
1.401986977785694144e+00,2.634728247096799689e-02,1.607172381261161149e+02
-5.462247531351976271e+00,8.513744828520537766e-02,-5.996809516538242946e+01
1.382922599279375575e+01,2.068070625531844703e-02,2.573103631394615604e+03
1.680720190419111404e+01,5.550630446380001581e-01,4.341111354702599456e+00
-1.626488091951306458e+01,6.665151827945337004e-02,-2.913539634149813082e+02
7.545669645044009499e+00,1.749345314419301078e-01,1.962170903253561960e+01
5.272183573486770314e+01,5.280927553495196047e-02,1.504389315583031930e+03
-2.126971847317160424e+01,3.155724736036635836e-01,-1.699627109131395031e+01
8.515321729493732050e+01,1.013052962664455353e-01,6.602781036882654462e+02
7.504634660192854767e+01,3.240751699186149581e-01,5.686279147011117630e+01
-7.068558767232550721e+00,6.881708778072088695e-01,-1.187759270614885176e+00
7.305146851861471191e+01,2.337495918452204766e-02,1.063940556943638148e+04
7.367972884612513873e+00,2.115252277749808951e-01,1.310429955311715844e+01
-4.793794861132641927e+01,2.746744744380281295e-02,-5.056301670768983968e+03
1.706863825863611339e+01,1.124781929704989081e-01,1.073624341212206161e+02
-6.682179325460903208e+00,3.267126363837193903e-01,-4.981686549317497992e+00
1.770714881341536540e+00,9.746923142462961265e-02,1.483213569629153916e+01
5.605369872935945352e+00,2.051475846298334016e-01,1.059891953095164929e+01
2.398319999352831999e+01,9.146425368134976364e-02,2.281363426616025549e+02
4.593961553868628478e+00,1.989385547444828123e-02,9.237183587310756820e+02
1.414017230670564196e+01,1.077106003634597936e-01,9.699022000052525527e+01
5.476853959681602824e+00,6.135115063513440353e-02,1.157912845867809040e+02
5.969710320368869816e+01,4.083620636866762132e-01,2.848738688559387100e+01
-5.298127673079190636e+00,3.884141062988797494e-02,-2.794618742697887228e+02
1.245887429554742853e+00,7.336598896326843033e-02,1.841956576778712318e+01
-4.664851346707965973e+01,1.924468317153073815e-01,-1.002320039879448501e+02
7.203104188865404822e+00,1.824315738317421054e-01,1.722304050816159204e+01
-5.024762532983008612e+01,8.339919402737502874e-02,-5.748863154244498901e+02
-1.336611282745730600e+00,2.696167062591614538e-02,-1.463193155792236553e+02
8.146574581213048560e+00,1.966682646371648371e-02,1.676087172897314531e+03
-5.193639121167268335e+00,6.870736748125240434e-02,-8.754982607979093245e+01
-7.804876178582561863e+01,3.597279965241401145e-01,-4.799629076280151452e+01
1.309772787293583152e+00,2.034723620844795522e-01,2.517533425389057999e+00
-5.242220192310942650e+01,4.962306543678347004e-01,-1.694096779265306907e+01
2.826240824104357330e+01,2.183849178808421054e-02,4.715785228481384365e+03
1.205419452223944976e+00,1.642708035411663894e-02,3.554737767935913553e+02
-2.783378923486729217e+00,5.498636325351873716e-02,-7.325756459315617519e+01
-1.133446549267469017e+00,9.314865817631405864e-01,-1.039532266716085424e-01
1.346465672055307428e+00,2.775906055628928892e-01,1.390515687972045722e+00
1.526241649028786673e+00,5.346042776370895089e-01,4.249605131470925445e-01
-4.584587747195252661e+01,5.430441967370674972e-01,-1.237143482249922677e+01
2.186799232495277412e+00,4.414333868155638496e-02,8.930354414857164613e+01
-7.572997983054165161e+01,2.060289979621524881e-01,-1.419715345240521174e+02
-4.989758769686347684e+00,7.521946691642260596e-01,-7.017932449530740469e-01
-5.081421266548873206e+01,7.177814484804924122e-01,-7.848576176159025586e+00
-3.457680757716792641e+01,3.237651558838548493e-01,-2.624912397633427474e+01
-2.435489486072494358e+01,2.362823305057295750e-02,-3.471473893258058979e+03
-5.966789745067559103e+00,1.447529609583484388e-02,-2.266083760151387651e+03
-1.055137385812699558e+00,1.573210585910723644e-02,-3.392543517058280145e+02
3.595936372069552522e+00,1.338989593420810038e-02,1.596054551916519358e+03
-2.589692874713626836e+01,1.242896361408818706e-01,-1.334039118111905111e+02
-6.544198597889432278e+01,2.246339186343283834e-02,-1.032038597666912938e+04
-5.025928899481043821e+00,6.010720618207133770e-01,-1.107014710646059941e+00
1.605176735917299924e+00,3.143362134236295929e-02,1.292778611639608073e+02
-3.645760069443512386e+00,6.416574144197606522e-02,-7.046472900534310213e+01
-1.082974020197916554e+00,7.266503967653061002e-02,-1.632139007044094825e+01
3.611339624869393639e+00,2.028424833681725936e-01,6.984585392008779259e+00
-1.613495889345336920e+01,1.484165066719353721e-01,-5.828993738455847762e+01
1.380497039993748620e+00,7.902365162960321987e-01,1.759184651436058455e-01
3.240950556034839991e+01,1.134486988011281783e-01,2.003842129989105274e+02
-1.541415136777181516e+01,5.970154515895772507e-01,-3.441427403563682930e+00
-5.770316455132369349e+00,7.528553621547230679e-02,-8.101523038759650319e+01
-1.364532289897722350e+01,1.455794249165298371e-01,-5.123585102622836729e+01
-3.907773602930274315e+00,1.171202043548359197e-02,-2.267022799770397796e+03
-2.476102312278439399e+01,2.428776600476003841e-02,-3.340285447377035325e+03
-2.328854213483046998e+00,2.259805131911947484e-02,-3.629029155674240883e+02
-4.780657970936957213e+00,3.550528186943555792e-02,-3.017809906930011721e+02
4.211755048809533974e+01,2.036933996064681229e-02,8.077915912557774391e+03
1.672751771829115341e+01,1.477270586619454373e-02,6.099602487625578760e+03
6.070668779657028580e+01,5.249856947040488775e-01,1.752797459301777749e+01
-5.669879499705313464e+00,2.374021302799844968e-01,-8.005615758487772737e+00
-5.808628267931584332e+01,1.347131139354677126e-02,-2.547088117415639135e+04
-1.510765777745564797e+01,3.289846701195276446e-01,-1.110800206390606881e+01
2.370162845902408222e+00,9.623364704718588569e-02,2.036640764044386032e+01
-2.360857661549633058e+00,7.228937671314815405e-02,-3.595100035412605166e+01
-2.044912714694823208e+01,2.048783900421748475e-02,-3.876792938734606651e+03
-3.844715996757810839e+00,7.094512467043491422e-02,-6.078680094847210569e+01
-1.143938461767095127e+00,3.193486890636142439e-01,-8.926115924158665171e-01
1.075739333852192781e+00,1.210084816140901201e-02,5.846090868967057759e+02
-6.082000691692809546e+00,1.230229856256826772e-02,-3.197894086341802449e+03
-1.349567282528778556e+00,7.730297356254034469e-02,-1.797182898011775265e+01
-3.740092891498377980e+00,3.344499622955650342e-02,-2.660787686638872174e+02
-9.013048348455811265e+01,2.555866305766103103e-02,-1.097957605481005703e+04
-2.670979545454823967e+00,6.705816594308532108e-02,-4.726692565603286766e+01
-2.778391946673513857e+01,1.103797434077930656e-02,-1.814700200219233375e+04
-2.115562740867984903e+00,9.834554322525156100e-02,-1.740630858249810942e+01
2.970411892610824722e+01,8.363469173604187734e-02,3.379355570547588172e+02
3.107017686762478803e+00,7.118699733423726472e-02,4.879019028401722124e+01
-4.398258290485986066e+01,8.558797665548203981e-02,-4.777991214620258233e+02
6.291777818340682948e+00,1.364276125090481961e-01,2.690041350585980950e+01
1.632767467606142553e+00,1.007626947188952279e-02,1.279719912840773077e+03
-4.138222997633917544e+01,1.882876721140557541e-01,-9.288813723938226019e+01
4.496459304791807199e+01,1.222897214006527650e-02,2.392659464345579545e+04
1.988628874587078155e+00,4.640136664138595768e-02,7.349915282471816624e+01
1.744258476987768347e+01,1.361768974109574537e-01,7.485039695464321596e+01
-3.129727259364176462e+01,2.349507772220986168e-01,-4.511727451039126180e+01
6.108751327713545720e+01,5.817887377613031180e-02,1.436190211838004871e+03
-2.806964785250208649e+00,1.377442896289477782e-02,-1.177280343631317237e+03
-1.468223451952969505e+01,8.576080428229321262e-02,-1.588563582523781577e+02
1.703453302749022669e+01,1.038252656170768201e-01,1.257518164166930745e+02
-8.948982440848904929e+00,1.528041856621240313e-01,-3.049954008106396586e+01
-4.014120328750411204e+01,1.566953392063779454e-02,-1.300973244767237884e+04
-8.447468252440880576e+01,1.769256365185509494e-01,-2.147509881195901755e+02
5.217826081109473435e+00,9.023750096884541883e-02,5.099241918195971834e+01
1.309361275202797259e+01,4.381067267884214966e-01,5.428624287503997614e+00
-1.699698946022903101e+01,5.896190890840419946e-02,-3.890622285618453020e+02
1.005498061508887098e+01,2.588858573981192221e-02,1.193863628269736637e+03
-5.706605257724431368e+01,6.134348512461166303e-01,-1.206788258639356215e+01
-1.491943834938194513e+01,1.012571544237273781e-02,-1.157953642539198154e+04
2.942190965787153800e+01,3.846592164085734233e-01,1.582372433450112581e+01
-8.082335192071804286e+00,3.901068704620223870e-02,-4.226294878072698111e+02
5.971627217782808117e+01,2.634657268521076526e-02,6.845963344193502053e+03
2.558527692427688649e+01,9.410127167651162472e-02,2.299266294629992160e+02
2.729509581332762558e+00,1.762923779018287784e-01,6.988881673374196524e+00
-1.408010560227441754e+00,4.040990286211914445e-02,-6.861521604040652278e+01
-4.737729040219931420e+01,2.004861942886203285e-02,-9.379753192158537786e+03
5.590469265465356941e+00,6.456183363302463174e-02,1.067300437496397336e+02
-1.947808150584871223e+00,1.355574696717793681e-01,-8.435083915167508550e+00
-7.137144836002647708e+01,5.342542758865034824e-02,-1.989842180007308798e+03
7.702625833485862472e+01,1.802725914223765255e-02,1.886120929622164840e+04
1.754413484399448464e+01,1.873868238940429309e-01,3.975978178982882127e+01
-3.597655144441341690e+01,2.833450107091606274e-02,-3.565976919356693543e+03
7.342893753769955900e+00,4.191547633017835284e-01,3.325895262961110266e+00
-7.640705532902576635e+01,9.180706556536618601e-01,-7.213921068144774296e+00
-8.596156927235273315e+01,1.010277138104947320e-01,-6.702138842836177446e+02
4.625084518469780193e+00,1.610621126728303126e-02,1.418806032716248637e+03
-2.456633159089948837e+00,5.094977089699561645e-01,-7.530884285607440942e-01
4.033445718095880750e+01,1.121435337030918591e-02,2.552218656037936307e+04
1.032778939800744311e+00,1.984304242871328949e-01,2.087281324121138759e+00
7.528159760297752712e+01,4.412372517308482678e-02,3.077050480812812566e+03
-1.442363152942004900e+00,6.790154765944951543e-02,-2.489461469755656964e+01
2.540485282835312120e+01,6.741406519511006223e-02,4.448420013040750405e+02
2.049510907593739883e+00,1.612638646474871540e-01,6.271425149822989376e+00
-1.598944341051037554e+00,1.114024509628857157e-01,-1.025259944903274167e+01
-7.304352732940863291e+00,5.889385241459488274e-01,-1.675837660958327868e+00
2.640005639923953851e+01,1.461976194421717341e-02,9.829114373913267627e+03
1.588163162512733706e+00,4.736555194754366732e-02,5.633263282180707421e+01
-4.026562196553916806e+01,5.660611621400585269e-01,-9.999950045786052399e+00
1.690107068897912868e+01,8.523234798726946060e-02,1.851379493404821233e+02
-7.915556676798604308e+00,2.794536383377505540e-01,-8.065885679313936407e+00
-1.214589685912027406e+01,1.006974544651306237e-02,-9.531971617907925975e+03
1.057804107844579100e+01,2.077275097610169485e-01,1.950775782815381376e+01
-1.715372776100055230e+00,1.239331568808366840e-01,-8.887377436210103454e+00
6.106652136168870726e+01,5.900172236270164738e-01,1.395930955069866286e+01
9.987772635402156141e+01,2.934303597539698050e-01,9.230998729534336178e+01
3.834618272533765548e+01,6.407228453304295024e-02,7.433132164621423499e+02
8.816414986848515767e+00,5.298971023873912806e-02,2.498613434449126203e+02
2.450748798757818037e+01,7.374626520549838748e-02,3.585988336597765169e+02
-3.921115877387285842e+00,7.946606788169789659e-02,-4.941244739383709117e+01
3.283513870544238600e+00,1.047530736389048200e-01,2.381197629962833062e+01
-4.020769713510946985e+01,2.823689220283616685e-01,-4.012966591345832512e+01
-1.775953889009811348e+01,1.445774800309045371e-01,-6.761149203727481449e+01
-1.242727090737309759e+01,1.910277926487284270e-02,-2.710021816062816924e+03
4.391686802943173973e+01,1.435671736299651106e-02,1.695552319012794032e+04
-1.426303459806208762e+00,2.257714939338221760e-01,-2.226711018751174720e+00
-9.653894014948379265e+01,1.795872015473981564e-02,-2.382000764564070414e+04
7.457627284540849111e+00,1.582865736164698889e-01,2.368659607761198416e+01
-2.837692819535197586e+00,1.960872806091918663e-01,-5.872954955988527459e+00
5.292034986499397320e+01,9.914569729355537930e-01,4.284154255321904081e+00
6.289257880714606230e+00,6.191745091355907449e-02,1.305459495635244309e+02
2.267585445009945300e+00,6.161565578230953077e-01,4.753041940768199525e-01
-3.957344945553741056e+00,2.429641463642022436e-02,-5.334695834138153714e+02
1.592327604372548144e+01,3.389011177749238352e-02,1.103256659256119974e+03
-4.299935482663740771e+01,2.862957983335551737e-01,-4.174669765339162808e+01
-2.238338212709379604e+00,2.357262791710245664e-01,-3.205529978028488269e+00
1.918300467327382242e+00,1.316177564011913360e-02,8.812067228151620384e+02
-1.069161678049492581e+00,1.269587311732178758e-01,-5.278473834361895989e+00
1.857749405747908256e+01,1.845466230171558669e-02,4.340752879029414544e+03
7.341617418566271169e+01,1.463053877515234913e-01,2.729362662376668709e+02
3.905928987687347842e+01,9.469445305082653253e-01,3.466294031677382481e+00
-9.175450009106351956e+01,3.066224390102047503e-01,-7.766219152054513586e+01
2.814576474654127836e+01,2.676408169367854029e-02,3.126788425503073086e+03
2.526134042058874485e+00,2.645929463459957207e-02,2.871375580862272159e+02
1.090041664387146003e+00,9.062790952527518540e-01,1.056110375618427438e-01
-1.291150532526282824e+01,1.127667453933132030e-01,-8.079880210923823824e+01
-7.750433439157272630e+01,1.989949983033105149e-02,-1.557513449455607588e+04
-3.867571413391298396e+00,1.687472184728871713e-02,-1.080824627007152685e+03
5.366600953000721930e+00,9.244235965942862454e-02,4.997437762192081578e+01
1.214275791843537533e+01,3.835391075088226964e-01,6.568832173026455834e+00
-3.606791978620330408e+00,2.795022377411181536e-01,-3.674012694786677802e+00
1.031763344481187339e+00,4.056192333341232525e-02,4.990374645266725651e+01
-3.801727925065986824e+01,2.654817293313601612e-01,-4.292416868967597310e+01
-4.657991874743861871e+01,2.623087980472690872e-02,-5.387200604400029988e+03
-1.170197586534172274e+01,8.598625348972418481e-01,-1.259480014982545582e+00
3.338137766695048470e+01,3.549711584797204250e-02,2.108182754698667395e+03
2.197230700688590055e+00,5.525451089795070381e-01,5.727041320832277904e-01
5.212132109689814286e+01,5.185423797011207148e-02,1.542542143675351554e+03
9.235543745151697692e+01,2.976654387028698431e-02,8.294606363529268492e+03
7.922585158295657948e+01,3.982022710083679695e-02,3.976029398830590253e+03
-5.069014096048059770e+01,4.879117536337870265e-01,-1.694459037116462952e+01
1.975611466039137909e+01,2.591359043252461705e-02,2.341189098574050604e+03
-1.093834330555893519e+00,1.535628560375238427e-01,-3.691214849368898765e+00
2.933506108931643297e+01,2.355999928042111155e-02,4.205586667661149477e+03
4.962864827875251628e+00,1.678001456283518752e-02,1.402613180772220403e+03
1.077731676380079584e+01,1.712180000671573443e-01,2.925512404130165223e+01
6.074355675848669733e+01,2.125928982584299534e-02,1.069529698561218720e+04
-4.143413286115377758e+01,1.530041130487395651e-01,-1.408452415559716826e+02
1.166930601705354675e+01,1.147252075092357604e-01,7.055332100064475753e+01
7.910878405813474501e+01,1.696494978405599027e-02,2.187306725193815873e+04
5.930857157101657506e+00,2.429199251238483293e-01,7.997998587783427205e+00
3.517809545065960108e+00,8.210570304843578526e-02,4.152558989431932446e+01
2.849641791031432447e+01,4.102377804090178715e-01,1.347438957748134492e+01
1.205268857867727661e+01,7.582854520278412558e-01,1.668048305294530742e+00
-3.070261047878727112e+00,2.287988754298159524e-02,-4.667213497104106068e+02
-4.018260142392350076e+00,1.915909964498620915e-02,-8.711200169031756104e+02
5.011303328802603829e+01,4.614360816115390951e-01,1.872913522463956326e+01
-2.681830847973379761e+01,3.527165306569745584e-01,-1.715417711366196585e+01
1.694073157282029740e+01,2.109732568333114178e-02,3.028778282919952289e+03
1.480882876158119643e+00,1.364141037078436987e-02,6.332749357233537921e+02
2.205039724462120887e+01,1.744990287917416727e-02,5.762627209228802712e+03
-4.101950400156655974e+01,7.950395656222679630e-01,-5.164200036417009976e+00
-3.262233266728089998e+00,1.941325931656719475e-02,-6.888239464041380415e+02
7.245252704121060106e+01,7.733281597312914313e-01,9.640865502553360500e+00
7.292275443917620237e+01,2.299708921615678525e-01,1.097254726707176076e+02
1.332738713163067246e+01,5.792602277325804155e-02,3.160732396600681682e+02
3.880964489092952618e+01,8.177412151482391089e-02,4.618468973233855763e+02
-1.330559771761017984e+01,6.106351013310623577e-01,-2.839625019761817359e+00
2.200312104187156592e+01,1.931042225389160635e-02,4.695597718897609411e+03
1.584512950914223950e+01,7.723969149585204752e-01,2.113512731097987984e+00
7.670051956224887668e+00,1.049818809585992968e-02,5.538086596313625705e+03
-1.084350894107009466e+00,2.348277346092219053e-01,-1.564808515891114027e+00
4.886312413610138350e+01,2.862986154614309206e-02,4.743871004877882115e+03
-5.792597182130984379e+01,5.197979158470621835e-02,-1.706060378117938853e+03
2.096618517435455331e+01,2.851130903539615333e-02,2.052462534279384272e+03
-4.725433408382114209e+01,6.991588515740234655e-01,-7.692722434806951171e+00
-7.884456487422367843e+01,1.039522453185338230e-01,-5.806228832812923883e+02
3.332601856281505626e+00,4.551290763181346094e-02,1.280278358993494123e+02
2.773314128485806762e+01,4.277640621880887117e-01,1.206092479598969724e+01
-1.282723310902007441e+01,1.510180150671508979e-02,-4.475747808914704365e+03
8.845356928701937704e+01,6.469171114287350921e-01,1.681931176846273246e+01
2.818595679352970507e+01,1.441662905447197406e-02,1.079183930220981347e+04
2.349418395009803717e+01,1.248802465689295357e-02,1.198844915413198760e+04
-2.424443485035105894e+01,1.724360869403090621e-02,-6.488523517585720583e+03
-7.001584177080910187e+00,4.089408535650018717e-01,-3.331696650546478011e+00
4.547474559687857720e+01,5.653704692526300146e-01,1.132124459070374378e+01
-2.197300512702576825e+01,1.522092464241275034e-01,-7.547402674735216976e+01
2.550150544082655202e+01,1.048378739149452565e-02,1.846373443705758837e+04
-3.981296889399801131e+01,1.114749625230419643e-02,-2.549529435856403143e+04
-3.111677768845469316e+00,2.326441995009746189e-01,-4.575096886452693745e+00
8.489663791995111808e+01,2.163846566108531405e-02,1.442871656881096169e+04
2.340606944014978819e+00,5.568261154965781917e-02,6.007301559801573632e+01
3.175030757844938023e+01,3.523756631219654434e-01,2.034821231707734412e+01
2.696905372061922534e+01,1.468890834989665661e-01,9.946649216172266961e+01
2.602316393036329956e+01,9.521157561605346487e-02,2.284392518515654444e+02
-4.938523614895859559e+00,1.149540384363541626e-02,-2.973985212426401176e+03
-1.023329848758516292e+01,3.851909471702802401e-02,-5.488499569816819985e+02
3.060873068514142759e+00,1.523423283713417620e-01,1.049528601106410441e+01
-4.584283289576711162e+00,8.992529857372760782e-02,-4.511259466944949992e+01
-9.688690370287235964e+01,3.170273464176577294e-01,-7.671172731115730414e+01
3.780424221241030835e+01,8.204864960618509784e-01,4.468767889688635364e+00
-1.305534613196091653e+00,3.082814503540986378e-02,-1.093160019089298913e+02
-4.653742645263374555e+01,3.855242463910719675e-01,-2.491661863329464310e+01
1.394413979057196995e+00,2.522323625894494770e-01,1.744135606438658614e+00
1.223024910810655452e+00,4.815939167465442261e-01,4.196270287389619602e-01
-2.428818277570755413e+01,1.819392616387944389e-02,-5.838917010874238258e+03
1.929656371083323663e+01,9.558248158939717243e-01,1.680790210815152230e+00
-4.760110595835984526e+01,3.692905516640888897e-02,-2.777606926602487420e+03
2.675085651373287465e+00,2.621430603723481911e-02,3.097783750572847907e+02
1.207217024762167767e+01,1.371979490221185601e-02,5.103642545133978274e+03
4.286050900843708433e+00,7.505719095261997875e-01,6.054284801949079142e-01
-3.622525715250942824e+01,6.886533044942766413e-02,-6.078554872059344234e+02
-9.378622179278926296e+01,2.636578639107877153e-01,-1.073612892467243967e+02
-2.337196599428717381e+00,3.505686651752661781e-02,-1.513349340031915631e+02
-4.677889666624032827e+00,1.175238666253899771e-02,-2.695181189831499069e+03
2.159596772362921868e+01,3.139897237642799710e-02,1.743138665087321442e+03
-3.795554970031852715e+00,5.387547277526847506e-02,-1.040598589840713828e+02
7.064313271658879501e+01,3.871381230228196357e-02,3.750837124107085856e+03
2.285061341190142592e+00,4.464301428651359233e-02,9.123909695280394772e+01
-2.235236589550945396e+00,9.496503756921001460e-02,-1.972359813090929492e+01
-8.237326378350232403e+01,8.975986794467052943e-02,-8.136019857889721152e+02
-3.287914926257333725e+00,2.235787940971874221e-01,-5.234190067247758371e+00
-1.523538076187727963e+00,1.351701615795800615e-01,-6.635624204815952609e+00
3.316034209718299319e+00,2.524065372057581608e-02,4.141979458949854234e+02
8.111496500783418639e+01,1.186172613567491527e-02,4.587703432051829441e+04
-5.717092437101684688e+00,6.056662116616606806e-01,-1.240219791347218603e+00
-1.393214451481390892e+00,4.671565126793996575e-02,-5.080229020886462621e+01
-1.703895280228205777e+01,2.355823122591255148e-02,-2.443136183104872543e+03
-9.295741266820504833e+00,4.388384151695816360e-02,-3.841182019859350021e+02
1.943730084562245253e+01,4.519792940275353665e-02,7.571623555503518901e+02
1.713117087938587746e+00,1.573764140055225469e-01,5.504246724510033495e+00
2.942003596088080819e+00,4.990757654479493349e-02,9.399405202212292920e+01
-2.566618315732529965e+00,3.405042903954530464e-01,-1.761595727095484953e+00
1.947044961910075367e+00,2.236148930717874184e-01,3.098593937894410288e+00
-9.842024163992565633e+00,2.122738708230397647e-02,-1.738126913149721304e+03
-2.630008998810192722e+01,1.505923005629877243e-01,-9.228727753480775675e+01
4.695597034911834555e+00,7.662133804426553008e-01,6.364752085215465982e-01
-2.736852392181445826e+00,3.250332603637574869e-02,-2.061512168186825704e+02
1.382969540249225471e+00,1.482550961577015214e-01,5.007067996755663053e+00
-1.523858632134912128e+00,4.378379556422519192e-01,-6.325691398234004614e-01
-2.051465278166287209e+00,6.270999958898292315e-01,-4.151267418482244009e-01
-6.555051863055334138e+01,5.326466387410946357e-01,-1.838602670628531044e+01
3.940623379669174753e+00,7.217042082241081902e-01,6.020555861619268923e-01
-4.220074881164087088e+01,4.468129053697179609e-01,-1.682127366092814924e+01
-7.593844826524399139e+01,5.647671882523824793e-01,-1.894579963511873544e+01
-1.560082852759830718e+00,1.512168866042407252e-02,-5.429217185336988223e+02
4.913443761344272076e+00,1.332188372271581600e-01,2.203153963642598612e+01
-8.217058464554850161e+01,1.115971896940977891e-02,-5.250491948251771100e+04
-5.677454786307175816e+00,5.231413885132952801e-01,-1.650842567569881902e+00
-1.962022366286638952e+00,2.219122407494862614e-01,-3.170527850112148105e+00
1.535405765981328585e+01,1.289989768139853388e-01,7.342446182305391744e+01
7.873418163938922909e+00,2.345215480240655515e-01,1.139168452574316603e+01
1.252943261821239274e+00,3.912611806746272292e-01,6.513104084736149879e-01
7.779403643650546485e+01,2.710359117361734252e-02,8.427189622326184690e+03
-8.861073041558681140e+00,1.194550036019987327e-01,-4.941601964460760854e+01
3.507226354287033132e+01,5.087892332551727792e-01,1.078147318394248444e+01
-6.918904398474833073e+00,1.333905387959197913e-02,-3.094406838954238992e+03
-6.726952185169212228e+00,8.533123648954095142e-01,-7.351778251032969891e-01
-8.573431951213751745e+01,4.963356804960316476e-02,-2.769452032629255882e+03
-2.195007330974997828e+01,2.288756387812294901e-02,-3.334471211299794049e+03
-2.041235843598053634e+01,1.099606415514611524e-01,-1.343410665147553402e+02
-1.032535336415782767e+00,1.489060826764750795e-02,-3.705699356727479881e+02
2.532168439658432035e+01,4.523793662543058175e-02,9.846392683100121985e+02
-6.696231141600289760e+00,4.210361440306428782e-02,-3.005950419466661288e+02
3.237435893170375945e+00,5.310315332262038890e-02,9.135886425577170655e+01
1.101271495260432332e+00,2.075901862304282627e-02,2.033625117601045815e+02
2.280831939525768348e+01,1.570297298824901988e-02,7.360709103638206216e+03
-3.070094057891751493e+00,4.979480234115506443e-01,-9.853120440773268651e-01
4.656992812718945629e+01,1.929790592645483360e-01,9.951197225161747895e+01
1.135822853633350782e+00,1.070683341446979943e-02,7.884581515071249669e+02
-4.279657856811826377e+01,1.131941207445985725e-01,-2.657978387998023777e+02
-1.795398963034998729e+01,1.530642703995581735e-02,-6.098225147697316061e+03
-1.336997579333461639e+00,9.274153223536133472e-01,-1.237007188049573797e-01
-3.611748917650546176e+00,2.573339107401236003e-02,-4.340239020405382462e+02
-2.058220461669997725e+00,1.193877571136046575e-02,-1.149112213501403403e+03
4.962168125015758591e+01,5.073460652139873128e-02,1.534097695894953404e+03
8.276860187060178120e+00,3.025550404705768526e-01,7.195267924471645316e+00
3.090821368847421269e+01,5.745259076305142543e-01,7.451518895993108238e+00
9.618349845231893624e+00,5.975175730844164423e-01,2.143825046457151551e+00
-1.172050598111546549e+00,1.222516532319596096e-02,-6.240609603019653377e+02
-6.848871526692614964e+01,2.622201449306409485e-02,-7.926419429226614739e+03
-1.979678169546185629e+01,1.552439520203266476e-01,-6.536651782621491691e+01
-1.215862211120944059e+00,1.356003898134953631e-02,-5.262021531156750598e+02
-3.614002058655620431e+01,3.167087188951636656e-01,-2.867203330995154076e+01
6.245692547237779735e+01,2.940281070053611320e-02,5.749009706629009997e+03
-2.179113913006672476e+01,5.067092653450725598e-02,-6.753865045089427213e+02
-6.923474482738816960e+01,1.098246615534719806e-01,-4.567877879880371097e+02
-6.483150314243715684e+01,4.542844120480008657e-02,-2.499888029121663749e+03
2.475997229163871438e+00,2.327961316214954557e-01,3.635706123005893353e+00
-8.750925909510634426e+01,3.234021537836602178e-01,-6.658222853478460479e+01
-1.301458154871266437e+01,1.144834796862423398e-02,-7.901957738177471583e+03
-7.643753149197622498e+00,8.692645780486008000e-01,-8.049943343034843268e-01
1.117588043886115479e+01,8.904868905560940628e-02,1.121545306744044268e+02
6.983685543071233326e+01,1.379529220299555714e-01,2.920202740955062950e+02
-1.127841070979022930e+01,8.076192503583025095e-01,-1.376019907828012423e+00
3.659862262153282586e+00,5.832742941407451642e-01,8.560698533772258534e-01
-6.639446399366876861e+00,9.138439794107461323e-02,-6.326709522762518390e+01
7.407175025241878075e+01,7.783679373619245556e-01,9.729104463626327970e+00
5.496385948279082001e+00,7.098178281185087146e-02,8.681075842090122308e+01
1.776769403384929724e+00,6.996583841158543482e-01,2.888345338463040868e-01
1.380912135996229750e+00,1.817887065045606723e-02,3.325235308842169388e+02
1.633186994137721060e+00,3.711162482972069077e-02,9.436394970359390300e+01
5.631385089563647739e+01,5.728877572799165874e-01,1.365420062571970305e+01
4.088880451457321641e+01,4.536595300102344019e-01,1.581009472586262632e+01
2.343157384361633788e+00,1.714934414815039165e-02,6.340106667611253215e+02
8.120474577465917321e+01,1.996837879872569513e-02,1.620637686426680011e+04
-1.653281376620670651e+00,1.711597747728997587e-02,-4.490901161858977844e+02
-1.903549311778438735e+01,2.759766136205554776e-01,-1.988885149978601774e+01
1.066140099382077722e+01,9.770313951172135414e-02,8.887658846041037464e+01
-4.368610266828058997e+01,2.678351149756687533e-01,-4.846167351257781064e+01
9.863224771875819030e+00,7.510912830453844724e-02,1.391309091011913495e+02
2.957677762182918446e+00,1.023010897317130075e-01,2.248953480399077876e+01
3.455654150963715754e+00,8.483171495171626386e-02,3.821236464209435724e+01
-4.469958526337109816e+01,1.890692731850283914e-02,-9.950656172334194707e+03
-3.791725445348911983e+00,3.293732043425344203e-01,-2.781316992894530937e+00
1.639282482191365986e+01,4.769306002644383563e-02,5.735001790803318045e+02
-1.068474012794859007e+01,2.132215379163159286e-01,-1.870216812486477309e+01
-3.392041931629102169e+00,1.062664783934277879e-01,-2.390335002883922755e+01
-1.373897388251014817e+01,3.690652776065794088e-02,-8.026718978489657275e+02
3.681117369056235589e+01,6.211130026475708554e-01,7.593265033094456662e+00
-4.110888798245551534e+00,1.046241576499571529e-01,-2.988559564920681311e+01
4.701767653208632325e+00,3.821112766542661410e-02,2.562545531697182355e+02
6.159577573188254718e+00,8.072489759144715338e-01,7.521874092543804347e-01
-9.250933919783301462e+01,1.263268990081935217e-01,-4.613006257937814780e+02
-8.602826497564365127e+01,9.869285869211277817e-02,-7.028454579802912576e+02
-4.222244195400906364e+01,1.096626053815781369e-02,-2.793935422697674949e+04
1.736095966250360334e+01,4.368222905882662710e-02,7.240261969727904443e+02
1.513382201340049749e+00,5.200547726362410028e-01,4.452875834747579420e-01
-1.171936474186980215e+00,5.526824089403936657e-01,-3.053113315253617177e-01
4.411636772395403305e+00,8.193197939715490818e-01,5.229774820793179346e-01
1.178125564285598115e+00,3.140710861147629207e-01,9.504424017290790117e-01
1.589787345764811377e+01,7.365312580942522114e-02,2.332098051406059653e+02
-1.030116598731976651e+01,2.461477278179420025e-01,-1.352959694375632971e+01
1.647255091793436321e+01,4.641841740005821226e-02,6.083735662586823310e+02
-7.572015919633500403e+01,8.489677508761546421e-02,-8.360250061032242002e+02
1.316669640040232814e+01,1.258342315610179729e-01,6.617125247816530020e+01
-2.345185065423484261e+01,9.869172292485325904e-02,-1.916045395243882865e+02
-4.316424705885522961e+00,2.976367508377287738e-02,-3.877405266219651025e+02
-2.577095702082177642e+00,9.357985405222760678e-01,-2.341833183299722176e-01
2.529629235762653749e+01,6.207503706631598006e-02,5.224118658587250366e+02
-1.405583001045751956e+00,9.217468027382159645e-01,-1.316507545243469079e-01
-1.514599233552707869e+00,1.817323966837085594e-02,-3.649414224684630881e+02
1.004687884024699329e+01,2.391453110779945268e-01,1.397969063528092803e+01
1.832040592440431270e+00,2.442390901933680081e-01,2.443964431264877835e+00
1.228113790502966651e+00,1.220886659291430670e-01,6.556590312238529172e+00
-4.122291826785202673e+00,3.905793097144583115e-01,-2.150356183788229014e+00
-1.759824492717636524e+00,5.732597282754214180e-02,-4.261442440623234518e+01
-7.543161564806089814e+01,1.289310927391150163e-01,-3.611006073183872331e+02
4.506437918278352583e+01,1.197644068675737285e-02,2.500161093078009435e+04
3.324872635407090549e+00,8.823394778505465330e-02,3.398550500272306607e+01
-1.241682232775345440e+01,7.270990479766435699e-02,-1.869017857333035124e+02
4.362050838175829881e+01,1.465198981170720283e-01,1.616916685875275164e+02
-1.770588881326357056e+00,1.005917760159225939e-02,-1.392460603655360273e+03
7.158458734839429383e+01,1.576064248642502497e-01,2.293305045312804680e+02
1.451175127861229930e+00,2.608816910840410785e-01,1.696769153413706599e+00
1.701386317443709828e+01,2.050764609472829625e-01,3.219299955911837685e+01
-5.470762846873892471e+01,1.785327538300586492e-01,-1.365847515402089698e+02
-2.069146045756741881e+00,4.074734607609169224e-02,-9.917052802981419291e+01
2.042594883337871536e+01,9.554094689413487884e-02,1.780710392182617454e+02
3.414133930459347255e+01,2.858149362994962320e-02,3.325836140678045467e+03
7.393377807282281111e+00,3.817754088912531096e-01,4.036613177213941306e+00
1.464024987855812698e+00,2.429917602117435405e-01,1.973129234176621116e+00
2.461853169606512015e+00,1.703035701022084791e-02,6.754679988039872569e+02
-1.013085864005420689e+01,2.346231723658416535e-01,-1.464517569599021485e+01
-2.143488100001609098e+01,1.048134791531239590e-01,-1.552662051528546385e+02
-2.011522459103769034e+00,8.629638189905610712e-01,-2.149462370552047419e-01
-1.366748063231580934e+00,5.296348282466353252e-01,-3.877265411053369415e-01
-8.992294331291265053e+01,1.297149266207200391e-01,-4.252856616914041297e+02
-3.314022877895168140e+00,4.250827952998347259e-01,-1.459481460424280730e+00
-3.314893136766303883e+01,3.614035459506541592e-01,-2.019644121084466093e+01
-1.290924933760303261e+01,4.096256128016675935e-02,-6.122332566981045829e+02
4.966789409713643977e+01,3.043906057977294743e-01,4.265828510308683263e+01
5.688066178583944321e+01,1.238692466322749083e-02,2.950039180992401452e+04
5.177006532860564114e+00,1.203552300065278413e-01,2.844061050049107564e+01
4.164507813122551738e+01,4.850787207704817527e-01,1.408410875630418602e+01
-1.054519289861994835e+00,8.574655859155646542e-01,-1.141330089283618676e-01
-2.131039678719079333e+01,3.089537897778686648e-02,-1.776620292813653350e+03
3.865073022051281448e+00,3.649148818792889715e-02,2.309748476330815095e+02
9.371871255528255062e+00,6.849630633410153102e-02,1.589579101339086264e+02
3.502399595270760102e+01,4.421348996952192273e-02,1.425759374740563771e+03
1.762255211426251522e+00,6.001372928042034705e-01,3.893657168648304023e-01
1.181755269901062277e+01,7.813997988972258557e-02,1.540178630541706184e+02
4.592731701575575087e+00,2.303154873244250833e-02,6.889931850547629892e+02
7.858050961023539394e+00,4.427191025480812780e-01,3.190424370782988905e+00
-1.239616211894465581e+00,1.730788916458300686e-01,-3.292980602713354799e+00
6.500816338547032558e+01,3.457660112493315951e-01,4.327065134276305969e+01
-1.524175760111278777e+01,1.423172163981416272e-01,-5.988393151360418187e+01
1.791390874902288388e+01,3.489741702349020702e-01,1.170560667306267710e+01
9.427481974973541412e+01,9.440823872082680646e-02,8.417169167415978563e+02
-4.691876734277155236e+00,1.174493518353652288e-01,-2.706671069284212905e+01
-4.309157405113842287e+01,2.901804959974775902e-02,-4.072359004868931606e+03
5.964617738184137608e+01,1.290572784669048213e-02,2.849756458568397284e+04
-4.353730759128128369e+01,3.737960883288778124e-02,-2.479603265002082935e+03
8.938821088180823438e+00,2.094535666604120314e-02,1.621417517213666997e+03
-1.394525992890906174e+00,5.029984306919519504e-02,-4.386150096252595887e+01
-1.835241180288126728e+01,2.456593579567061814e-01,-2.420007192176578315e+01
-1.400819688026677312e+01,4.703113359755935474e-01,-5.039662804521234385e+00
-4.658413208371596781e+00,3.517108585229664075e-02,-2.996791933900077538e+02
-3.576529847577756271e+01,7.311489041230929964e-02,-5.324027903292494557e+02
1.678028626300260484e+01,1.974405945349917146e-01,3.425441864090052491e+01
-4.304802857515005599e+01,2.289577551126574170e-02,-6.534805814164975345e+03
1.556099709945031995e+00,1.198868141080614708e-02,8.615583960374647177e+02
5.394427326856969351e+00,1.686510770404955895e-02,1.509236308216442922e+03
-1.954234046554234894e+01,6.640789858033363524e-02,-3.526364786340707269e+02
-5.159861970491188998e+01,8.426254485516936343e-01,-5.783078366216812150e+00
-2.504269733689560962e+00,1.552373749813894810e-01,-8.269488736662447437e+00
-6.045473510924006177e+01,7.144329582975363080e-02,-9.425350213044544034e+02
-1.814528003593584460e+00,7.766433975337270201e-01,-2.393924789511323314e-01
-1.185961317577640273e+01,6.649705042207787464e-02,-2.134302121198435884e+02
-2.015068682947209311e+01,3.889913694032725022e-01,-1.059741783679154992e+01
-5.988938481348642995e+01,8.835174451036269527e-01,-6.105338248892186570e+00
-1.082476000957500073e+00,3.500333367711988553e-01,-7.030554780759500355e-01
9.811776260722314902e+00,3.480639375854584910e-02,6.444952403454914247e+02
6.727620786982553724e+00,3.621699351806858397e-02,4.081566239221544947e+02
-4.008692877157839618e+00,1.358778520356410287e-02,-1.727808374174002665e+03
-2.629288858476765522e+00,6.569880781597584041e-02,-4.847451353522235706e+01
-2.489149578387905493e+01,5.529883035550280379e-01,-6.477527121893955631e+00
-1.108114130188975643e+01,3.483359717905086805e-01,-7.267381821989209456e+00
7.239274166208848271e+01,2.309316200164221455e-02,1.080235277747552027e+04
8.923036198875934133e+01,2.957728948098628519e-01,8.116822465137934728e+01
-3.776776159490236484e+00,5.641337779306302425e-01,-9.443808534948833211e-01
-8.214409994157152894e+00,3.528742375364281314e-02,-5.249604747855037203e+02
1.613539921709058689e+00,3.513629616458270322e-01,1.040058799596076389e+00
-6.351249710380363211e+01,7.858847179193807486e-01,-8.183359618447660466e+00
-2.862524961225222597e+01,1.083162163997254332e-02,-1.941567331037507756e+04
-5.674017679330171404e+01,6.019437350442999324e-02,-1.246146273712327002e+03
-7.744064961399121039e+00,5.815763007429378129e-02,-1.821988879795870275e+02
-1.905502749712976396e+01,2.686663179622440500e-01,-2.100744663427168035e+01
-1.176455407625969229e+01,1.876933356221565860e-02,-2.657467128749584845e+03
3.040527589928316488e+01,5.013079187040560963e-02,9.627864176665603964e+02
-5.936069292273121079e+00,9.387445530713984798e-01,-5.360363454885270773e-01
-2.023154741708036752e+01,3.456458997333677341e-01,-1.347585776468076091e+01
-5.081480491027794955e+01,8.412665880120534512e-02,-5.713643208655392982e+02
-3.863605561117284370e+00,5.244875003519311463e-01,-1.117667528229430385e+00
2.485663246615969513e+01,2.131285158337252184e-01,4.354610400444105522e+01
1.223271980031357309e+01,3.865084727612634330e-01,6.516210820297492212e+00
-2.009514861659990359e+01,6.517325324018602428e-02,-3.764805620141680720e+02
-8.664349063420314678e+01,5.712613427906894359e-02,-2.112790345849446567e+03
-7.792434229492201325e+00,1.088239407322143769e-02,-5.236177791001254263e+03
5.323742415550752582e+01,1.817134300589703377e-01,1.283019088487931469e+02
-6.721676707342410850e+01,1.503231065942013944e-01,-2.367098180558701870e+02
-5.084458004840220369e+00,1.570471201892670310e-01,-1.640494756189486836e+01
-3.228378232341810428e+00,2.647477808790723586e-01,-3.665303058747434672e+00
1.264891948542406119e+01,6.672289613633955452e-02,2.260964724625934537e+02
-6.030793078406001939e+01,2.622085928895545592e-02,-6.980245925837085451e+03
1.083786297829888490e+01,2.956861229276719696e-02,9.864427979651657097e+02
-7.063432892685867159e+00,9.387032337418461658e-01,-6.378951959765895019e-01
8.472460931552424412e+00,1.194867088612528577e-02,4.722375452100980510e+03
-8.147804820032277462e+00,7.452905376066136789e-01,-1.167292078279320799e+00
1.091454970663412016e+00,8.556845367365543964e-02,1.186229148190013305e+01
-8.003772090433891151e+00,2.579914432196407995e-02,-9.569169458374663009e+02
-2.848755196190649652e+00,6.567981647322408412e-01,-5.255105087942951725e-01
1.132366403818511458e+01,6.670404157548394108e-01,2.025222831702422788e+00
-1.243226534913743464e+00,6.103081856874785771e-01,-2.656085292894505567e-01
5.317330147679538932e+00,1.710624433052095397e-02,1.446020401701755645e+03
5.043283599597671696e+01,9.653712914738209194e-02,4.306403974120600537e+02
1.088443775804191738e+01,1.539615930771192909e-01,3.654023564985305939e+01
9.104823278651532803e+01,5.570418915421375683e-01,2.334994935248634107e+01
-3.472078438097333741e+00,2.122398471924556718e-02,-6.133746387380834904e+02
2.687276237684475877e+00,1.016516026118424731e-02,2.069540776847931738e+03
4.978566331741838269e+00,7.290741465114117803e-01,7.453341795181952500e-01
5.709966437262144368e+00,8.787879593657668686e-02,5.883767401984220413e+01
8.889811313003889381e+01,9.800327280975135169e-01,7.365487906838902532e+00
-1.030682973904838429e+00,1.396498073397665733e-02,-4.205663836612316686e+02
-4.581790115297546429e+00,1.517865656940532021e-02,-1.582554435112007923e+03
-3.146666935847909130e+01,3.492366376158568264e-01,-2.053058461311683658e+01
-3.512130338257468054e+01,8.663519538813063692e-01,-3.723677342058816730e+00
-7.385644781220649158e+00,4.342670420036536805e-01,-3.116483349856355112e+00
2.257979530423780190e+00,1.637852737209161136e-02,6.698235842373032938e+02
-8.971128550608483465e+00,5.718300081548589597e-01,-2.183249308764863450e+00
1.371396672756464374e+00,2.563568246004931800e-02,1.660593984822471327e+02
1.460952287474525990e+00,1.019528301838671658e-01,1.118478386937300861e+01
-2.490587107686076962e+01,4.092574690234427465e-02,-1.183310296280120610e+03
1.304589754563869830e+00,2.768550767538726504e-02,1.354437957411296054e+02
-2.425146735531362552e+01,2.024946598890001864e-02,-4.706531912462822220e+03
1.995590098787441136e+01,2.724552112839231932e-01,2.139297768879290373e+01
-3.524352169257012690e+01,8.531921302381142436e-01,-3.852793679207467736e+00
1.534442591894544172e+01,1.194909199007622262e-02,8.552064578666044326e+03
-1.217239271625865982e+00,6.881493833227464441e-02,-2.045505452191163442e+01
-1.598172056205882541e+01,1.736095185817427763e-02,-4.219554525224247300e+03
-7.850423533067188764e+00,5.405456790487390278e-02,-2.138052787474446177e+02
2.129827089428369735e+00,2.918990513778882967e-01,1.989157242244758095e+00
-4.681456047271087328e+00,1.657996306765024269e-02,-1.355201796304204663e+03
2.657455303051570183e+00,4.373878002682769078e-02,1.105408433951282916e+02
-3.892435860383299584e+00,1.362095861222963333e-01,-1.669537792214672578e+01
-2.110965409724829911e+01,9.667436917320794409e-02,-1.797415817694244424e+02
6.839193354209909614e+01,4.654708138839657589e-02,2.511944896723326110e+03
-6.611337030976691231e+00,8.775707910008127000e-01,-6.831484911926912762e-01
-4.487520556974400776e+00,6.880217461871437901e-02,-7.543836318666168950e+01
7.121312373055853584e+01,2.417178563234369248e-01,9.699128299509548867e+01
2.422995287054624569e+01,8.199134229338634894e-01,2.868182044061166280e+00
-1.372864915801587493e+01,6.438508752595271112e-01,-2.635404976632875762e+00
-1.218429143895914057e+00,4.700969356327360793e-01,-4.387484285707565212e-01
6.030843245351395154e+00,1.798375245574546089e-01,1.483909941841575097e+01
-3.779241128615736756e+01,7.132642613624368133e-02,-5.911447139199323146e+02
1.378398491613187637e+01,2.277369782419139121e-02,2.114938862044527923e+03
6.327410041020570475e+01,1.245171312737488878e-01,3.247565374678296166e+02
-2.719143831004389966e+01,2.122529033969909260e-02,-4.803027101416691039e+03
-3.124222046096668315e+00,2.782438404641144336e-01,-3.211300230998663352e+00
3.487271892928548667e+00,7.785502102679241199e-02,4.578283614483859054e+01
-2.735440837964509431e+00,5.797052417636389121e-01,-6.477434165024451573e-01
-4.427415725505289856e+01,3.237130228808016708e-01,-3.362173313116574747e+01
1.606835051787784296e+00,2.387069867903598291e-02,2.244042984400619787e+02
-1.193823051980380079e+00,6.521944070614912881e-02,-2.233448569454470345e+01
8.313670276963186723e+01,4.444344077094346257e-02,3.349404378452084529e+03
6.759980686492448854e+01,1.415332872082681326e-01,2.685458244155059901e+02
5.441625570219252950e+01,2.447991094709936477e-02,7.226019415246396420e+03
4.175595355983447554e+00,4.695775328023756301e-01,1.506932927206449557e+00
1.122736485547429908e+01,1.517711647900777706e-02,3.878729004037485993e+03
7.491843299634004438e+01,7.693552995071732681e-02,1.007221347201000071e+03
-2.249968091784310431e+01,8.553214459608647624e-02,-2.447415871849201494e+02
8.485266377625701750e+01,1.666582173112560530e-02,2.431096245517498755e+04
-8.526835517973463396e+00,5.782605689365095947e-02,-2.029228079273307230e+02
5.945738211372171378e+01,9.103140591726005537e-02,5.709701696604679455e+02
-2.278702009644261750e+01,7.261596184439925161e-02,-3.438851981165045117e+02
-4.025923923704486818e+00,8.013783738274514734e-01,-4.988620457340585124e-01
-3.039641463753117279e+00,4.218674076738955780e-01,-1.359128587941153876e+00
1.700777668495865314e+01,7.538137154875760304e-01,2.381823690847027386e+00
7.465436668043336610e+00,1.313571845971471704e-02,3.443005277474936975e+03
1.133184696391382751e+00,1.585738767779896197e-01,3.586142551272954115e+00
1.642105529100895689e+00,1.176011822317004143e-02,9.448607836716138308e+02
2.666659640026254330e+00,6.775956053011192304e-02,4.621857620963272950e+01
-4.547381553719767489e+00,6.215689452374486557e-01,-9.366404629544391458e-01
-3.986061642833087859e+01,1.994914669829772336e-01,-7.970498761460932258e+01
3.995098514250742916e+00,1.282948187471453505e-01,1.931520820411205008e+01
1.878522728583645662e+00,1.099704742885298792e-01,1.236102241009885283e+01
2.722829893574408899e+01,1.707062439878476168e-02,7.435528326749229564e+03
-7.157371676423208839e+01,1.106258861197454216e-02,-4.654040748587266717e+04
6.853034333146801771e+01,7.454442001446248689e-02,9.813925647952708005e+02
6.529148937102950967e+00,2.348608479132916274e-02,9.419448206981344356e+02
5.166483101450988613e+01,3.111361855292750153e-02,4.247018014501713878e+03
-5.960295932096706828e+00,1.393267132339409131e-01,-2.443369650200130394e+01
5.969598066451699658e+00,2.061873785655265467e-01,1.117406189820572671e+01
-4.317981692661119197e+00,9.797908280783855783e-01,-3.579350215923349232e-01
-2.466275536241163024e+00,3.323200233734890929e-01,-1.777128008101887646e+00
3.717221322055963384e+01,2.636444830075925644e-02,4.255701711921598871e+03
1.526134234173060600e+00,5.373255358888228556e-02,4.206374243769607801e+01
6.853113294478592188e+00,1.593873605263126103e-01,2.146694729840555738e+01
-6.365650722099297276e+00,4.051510987045064960e-02,-3.086021160039178426e+02
-1.464623298788168526e+01,8.713195329941379741e-02,-1.535186612100193315e+02
4.687163848406451905e+01,3.421806794779034405e-02,3.185585769314687241e+03
2.989117552856689564e+00,7.901577119001451655e-02,3.809829712664511447e+01
-4.565955654433588862e+00,1.289351163675723499e-01,-2.185643834123002804e+01
-3.303220955597889308e+00,5.250679138206067187e-02,-9.534475367919283428e+01
-6.523204039046237313e+01,3.810304911476558587e-02,-3.575457646258412751e+03
-3.592906141758586358e+00,3.398928436617708604e-01,-2.474867580568852254e+00
3.757815320578285601e+00,1.112270453836736173e-01,2.417156483584923166e+01
-1.425173096202215994e+01,6.600301443688705305e-01,-2.603335914906574455e+00
3.735335064029700902e+01,7.898291537071638890e-02,4.764895498990981082e+02
-5.593088508351390153e+00,6.294014502511955378e-01,-1.123534336137934853e+00
4.785578446384887741e+01,1.898228322583787320e-01,1.056884862451091180e+02
-3.938873183360290131e+00,7.031872996341805848e-01,-6.338990454982073031e-01
-1.059168196783883076e+00,1.867610914815940604e-01,-2.416474747644518306e+00
-9.766871907778467587e+00,3.526450051674472064e-02,-6.249858058752954548e+02
9.573131496549470398e+01,1.746248517132708081e-02,2.498227931787556008e+04
-3.641721732254681854e+01,1.755702127309533706e-02,-9.401458278938616786e+03
1.602725660529191387e+01,2.659289120958954061e-02,1.803508578774885791e+03
9.203250176320561593e+01,2.491597797451579610e-01,1.179710615040802253e+02
-2.724745176752138676e+00,9.672196569607446337e-01,-2.317745785806140657e-01
4.577400031687427173e+01,3.981734616460930742e-01,2.297546885044592457e+01
1.714557735218020795e+00,1.405971872184649460e-02,6.902222980339305423e+02
-1.544020656330406416e+00,5.435045268049425171e-02,-4.159459603895957258e+01
-3.107906349450844274e+01,2.002012282952822866e-02,-6.170560067852950851e+03
-1.850361071780777245e+00,2.262364504542228524e-02,-2.876878115094387454e+02
3.575725643916162433e+00,2.022160414101241421e-02,6.958619926335154560e+02
1.415158772802110398e+01,4.175722612482757334e-02,6.458505313604981666e+02
1.829930101876670712e+00,3.098022546400098012e-02,1.517244210672743918e+02
-3.180328193485717847e+01,2.673150083498690086e-02,-3.541729506164226677e+03
-4.984245248956330698e+01,1.983826927174608609e-02,-1.007817691830598051e+04
1.009664948078138202e+01,1.010194740759452342e-01,7.873307417181543144e+01
-2.595309158085455081e+01,4.195548478077554266e-01,-1.173280217243820722e+01
1.541781143986651781e+00,4.248551083362876457e-01,6.797217658727445766e-01
5.724567751771756363e+00,3.491774811602255113e-01,3.736288301259716782e+00
-2.064817143099219265e+00,1.401077593512105590e-01,-8.370422076730294592e+00
1.614305796702129925e+01,9.953321147255587975e-02,1.296701186764851457e+02
1.489153908287679506e+01,3.192821312142088419e-01,1.162466628402187752e+01
2.746203983175059804e+01,2.902246031987937291e-01,2.594504788147635566e+01
-5.174051490055192204e+01,1.101133173280159465e-02,-3.395792846293826733e+04
1.139737923690282351e+01,3.683235739541797504e-01,6.685534020139562550e+00
-3.525622851207945985e+01,1.200459990083626270e-02,-1.946841557331726290e+04
9.963005058244648993e+00,1.260967953772047616e-02,4.986230922259900581e+03
2.427571818883151167e+01,1.511928893754438570e-02,8.450832420979057133e+03
9.019351568599997648e+00,1.999363955360456552e-02,1.795484808928918483e+03
7.647489873262217941e+01,1.640560999242960186e-02,2.261123484446260409e+04
1.038064262173310048e+00,6.573180868667860555e-02,1.911891359781845168e+01
6.886232043766522537e+00,1.255578321723887225e-01,3.476035245935189977e+01
-1.211328912986407857e+01,9.572065689686263257e-01,-1.052060896161290504e+00
-1.478883745212501433e+00,2.535960643890867727e-01,-1.829949701666049755e+00
-1.367170999956289990e+01,3.004498677610365973e-02,-1.205227241156197124e+03
-3.166549934743914108e+00,8.040690106276691951e-02,-3.897533243349004550e+01
-4.460616375430372926e+01,1.030332416209325634e-02,-3.343722925428413873e+04
-3.821153952474336979e+00,6.788684951604299078e-01,-6.598015973450801486e-01
2.262663016772527413e+01,2.434948038326304257e-02,3.036900888948388001e+03
-4.755255206670950585e+00,2.383794029962791883e-01,-6.659268259127041567e+00
-2.763334328566276366e+00,3.869958965315946076e-01,-1.468286643305464878e+00
5.011682828708791781e+00,2.900915460558878278e-01,4.739183982072826318e+00
-4.104782358261873298e+01,1.964637110795523084e-02,-8.462829366337791726e+03
-1.553721749054745915e+00,7.558376411693445984e-01,-2.164244629662213371e-01
2.308138772589498444e+01,1.180155075678484405e-02,1.318784685657191949e+04
-2.978030124642632970e+01,1.130313381966103516e-02,-1.854904197302413013e+04
-5.334587036955890227e+01,3.014001658481301749e-01,-4.673088085712738859e+01
-2.259969654062946987e+01,7.385242916729030105e-01,-3.297335771396511017e+00
1.011780994938770739e+01,4.036146647348463068e-01,4.942455626051880380e+00
5.020198888271731619e+01,4.750627159038654790e-02,1.770146312307145308e+03
-2.404045183059945412e+00,8.472292137672913226e-01,-2.665206825286142722e-01
3.444940885630017213e+00,3.162478319037275581e-02,2.741048981472430341e+02
7.185248030031360145e+00,9.612561851589840334e-01,6.188047029949818034e-01
-1.030807478997522431e+01,3.351862766634901986e-02,-7.301216698028941892e+02
-4.934727839185187648e+00,2.424884031103151719e-02,-6.678384114380011169e+02
-2.817374815687799838e+01,2.582580645602093883e-01,-3.361452510903468038e+01
1.597825016717439084e+01,1.547052299535003617e-01,5.312627440499786502e+01
9.258238318782144916e+01,1.491527854478500933e-02,3.311736352614311181e+04
2.950018508199702083e+01,9.861247613481334551e-02,2.414077169090530219e+02
1.384021557000456326e+01,9.669132593112869101e-01,1.178034363317891131e+00
-2.235302645762872409e+00,3.820677000884888930e-01,-1.218556918989141646e+00
-4.811832259011605828e+01,4.308572321180668130e-01,-2.062689420230947945e+01
5.906563102978202551e+01,4.244323520384150200e-02,2.609203927530082638e+03
1.907843770256446447e+01,1.600782337920635817e-02,5.924727446594426510e+03
2.575920473540305622e+01,2.045754040310587135e-02,4.897965838427193376e+03
2.577013900865022134e+00,2.177820938775910931e-02,4.323769753316116180e+02
-3.050142740688615905e+00,3.753248451964134591e-01,-1.723041237925758029e+00
2.219212954784832714e+00,3.880898222024060928e-02,1.172531741299920895e+02
-2.226479948227156225e+00,1.244438507266132019e-02,-1.144094879093740929e+03
-1.230752985177151793e+01,7.252942024484575201e-02,-1.861798267394792958e+02
-5.843303949247474982e+00,9.261623155608950109e-02,-5.420937513445936418e+01
4.084054132806637760e+00,4.970731998245150884e-01,1.315348788493207133e+00
6.304638846698702892e+00,1.862121198217161350e-02,1.446886489522087231e+03
6.726068842029719441e+00,7.499943377822024804e-01,9.515584600161227646e-01
-6.512009556993033854e+00,2.609554152716123815e-02,-7.609787648837748293e+02
-1.535671523827008444e+00,2.660954577452155356e-01,-1.725891718119428653e+00
1.345656487666211820e+00,5.669433229189095869e-01,3.331540183317080461e-01
-3.227505495608763653e+01,4.339071574723069036e-01,-1.364154306281847617e+01
6.005151421502306164e+01,1.738921819533104651e-01,1.580352562074170919e+02
-8.974647649061141763e+00,5.236132291165759289e-01,-2.604871606407360041e+00
-2.893670017820126450e+00,4.967930786574928370e-01,-9.330137997535569161e-01
3.237487598109635822e+00,2.315596663032092051e-02,4.804767965591120173e+02
4.466565709596478584e+00,1.744356078872944527e-01,1.168136454546834102e+01
9.417077862593089321e+01,1.881443719736557857e-02,2.117014506468651962e+04
-8.489952131653441825e+01,2.228760707317134493e-02,-1.360092645882981924e+04
1.704069830757497073e+01,2.805223750608316080e-01,1.723227073572402546e+01
7.005022217734412493e+01,4.216347455357037921e-01,3.135644853388385656e+01
7.242492734974467794e+01,1.171322345089072757e-02,4.200735602526700677e+04
2.600329046089621343e+00,5.005885821961744697e-02,8.257651757026128791e+01
1.628786610600231999e+00,3.242314777080673727e-01,1.232945770890286230e+00
2.518136355189086828e+01,1.525159899798763860e-02,8.614669548680494700e+03
2.397099533332655952e+01,3.444037964701828630e-02,1.608201056152737465e+03
1.706387831373327657e+01,4.201332885098741921e-01,7.692963900221917228e+00
-5.252098383952530725e+01,9.041952776098677313e-02,-5.112090338039006951e+02
-6.658087413930576304e+01,1.847960813795000712e-02,-1.551508335713728047e+04
1.196354498722138082e+01,5.533338836994679266e-02,3.109392111585855218e+02
1.266107879816307502e+01,1.126928967518710800e-01,7.933553644669511584e+01
6.671242960517842846e+01,1.561277789600378808e-02,2.177892956579590827e+04
-4.736781261812077304e+01,1.007662118214827131e-02,-3.712304585462000250e+04
5.091201417518146854e+01,1.786069421781306121e-01,1.270029311666793745e+02
1.711001629203556140e+00,5.057296433979356909e-01,5.323579424524561565e-01
1.821441290310163108e+00,1.676442697153989261e-02,5.157365215173214210e+02
1.997485808877804470e+00,2.024863475718671202e-01,3.876879879786518046e+00
-1.343346845980072146e+00,4.097374687133948507e-02,-6.367470414183724614e+01
1.959749600744121079e+00,9.230541288362980046e-01,1.830359434499342630e-01
2.897969515149017994e+01,1.006373041318582712e-01,2.277015357937892190e+02
-6.714459047355373400e+01,2.292430604217228218e-01,-1.016737331680111254e+02
-1.336434159997549775e+00,1.497874686245014297e-01,-4.740091675261366433e+00
-1.752249151845945718e+01,2.295488032446771007e-02,-2.646280817069084605e+03
-5.479499334257298848e+00,8.989149687136790967e-02,-5.396271472426739990e+01
-2.666072927293713590e+01,6.189018081650276004e-01,-5.538837932642572959e+00
6.178919887509171360e+01,6.800840605818953000e-02,1.063108297876143070e+03
4.431960458527175462e+01,5.063868271404052823e-01,1.375375277699705912e+01
-1.030707109938745525e+01,2.766350976851693066e-01,-1.071792832253090744e+01
1.453744782048427808e+01,1.172579097552338238e-02,8.413835340188834380e+03
-2.955840268939989190e+00,4.794970067499836064e-02,-1.023055740395453768e+02
8.029944394047724643e+00,2.013583209430346715e-02,1.576026485381908515e+03
-7.944532035145157067e+01,8.089912531977081489e-01,-9.659859382422762764e+00
6.279505621719934538e+00,4.475792651354209423e-02,2.494454989034186667e+02
9.496862142902348580e+01,8.317454766732350346e-02,1.092419325336400334e+03
7.345784936628722228e+00,1.528026457596621257e-01,2.503609536528664492e+01
-1.447357630375987414e+00,4.211914495616178034e-01,-6.492424361521084153e-01
4.158188873396611918e+00,8.446965947319058643e-02,4.637595448963528355e+01
-3.875586028749285372e+00,6.984118937289257589e-01,-6.322724581266755406e-01
-2.717125893830235839e+00,2.523582009107111501e-01,-3.395197574786914085e+00
-1.139431899603115816e+01,1.813487794707550893e-01,-2.757079161605557971e+01
9.482387489195001962e+00,8.053177688108133225e-02,1.163518441460322066e+02
9.110182649851225278e+00,7.858180477571694023e-02,1.174013855141617881e+02
-1.655135603826902946e+00,1.862780232488956689e-01,-3.795775127407559513e+00
3.668360524300197767e+00,1.971904275465828915e-01,7.507416145273176689e+00
1.243696214557109236e+01,2.161530995171967451e-01,2.118270965563985442e+01
-3.136930096210065688e+00,2.479909916343109311e-02,-4.059038461459123823e+02
1.280836667201469758e+01,1.738968044335474292e-02,3.370549309833387269e+03
1.734986146889527570e+00,9.484870059039962609e-02,1.534699587697467216e+01
1.071560468119933995e+00,3.851490752956025776e-02,5.748428054882894145e+01
-1.460131016663484882e+00,2.195638251558883480e-01,-2.410240534184698191e+00
3.841123416683354108e+00,1.964703685713101999e-01,7.918707067992437842e+00
-2.445563813407067411e+00,4.529709867105845000e-01,-9.484804066629888286e-01
6.646082193044496655e+00,5.432890888532868751e-02,1.791817929642619163e+02
1.853267365380119358e+01,1.215833273755482363e-02,9.976544982741381318e+03
2.982972213643089177e+01,5.669648785660549306e-01,7.384600926133221499e+00
3.580769346566797395e+01,6.666261566739594135e-01,6.412122084133554445e+00
1.493005486099992840e+00,2.947007855774609331e-01,1.368008993319016486e+00
9.303986726177368993e+00,2.602594267062841027e-01,1.093065735211413880e+01
-8.665155239133061116e+01,9.870117673599121400e-02,-7.078183586590712366e+02
-7.870585454267341241e+00,5.492262362112936280e-01,-2.076321612054189192e+00
5.942937657488445069e+01,6.565463625047175400e-01,1.097136115441307602e+01
-5.697385043906764146e+00,4.927396531044492822e-01,-1.867371302360169016e+00
1.076176642009714746e+00,2.371511387609070154e-01,1.522731278848671321e+00
-2.965086204253274360e+01,1.342712341748444893e-01,-1.308764476437399935e+02
1.776695411305436068e+00,4.552786298112181385e-01,6.821008418411541596e-01
6.650201491902663520e+01,4.369115675821641509e-02,2.772284863137345837e+03
-4.489943599770850113e+00,3.282323989788896862e-02,-3.316409326333541117e+02
-4.176296494940662285e+01,1.184126622846950160e-02,-2.370200954307790744e+04
-1.657259391389647174e+00,3.630874877125021827e-02,-1.000364009789305442e+02
-1.277847616423792632e+00,3.287938116115388110e-01,-9.406367307643200837e-01
4.274462797854393870e+00,1.399508014243854535e-02,1.736684379325208056e+03
5.715769488118417740e+01,1.451098316303657543e-02,2.160086612666873043e+04
1.305389649088137149e+00,5.762896837276162282e-02,3.127869391114331776e+01
-5.698629102258471590e+01,2.475881312190391093e-01,-7.397771008849927910e+01
2.133165231573564569e+01,1.167707640492382515e-02,1.244934174168772915e+04
-3.820339116428535675e+01,2.252143452272168667e-01,-5.993768314517424756e+01
-5.499849034690824112e+01,2.446092140274547522e-01,-7.314679138259323565e+01
6.478866363728651656e+00,1.661557026087088357e-02,1.867491593733483569e+03
3.806748312777925580e+00,1.179422473378391456e-02,2.177737362929723531e+03
-2.716905170746328224e+01,2.193262702175038104e-01,-4.494519922552044022e+01
-6.130408349486618391e+01,1.854537065869888562e-02,-1.418431947590782693e+04
-1.858816322164216928e+01,3.479922536038047021e-01,-1.221483093282562926e+01
1.280790904088491011e+01,2.947225906116584387e-02,1.173387665526330238e+03
-2.424684479515875779e+01,6.608449885138926172e-01,-4.418208091878287114e+00
-1.205426160261284529e+01,2.587241548443191055e-02,-1.433034989521314856e+03
-3.598268132090146842e+00,6.176777260693506744e-01,-7.505156923810112346e-01
1.199840564026673562e+01,6.743348697861516194e-02,2.099725106925944260e+02
-3.147420659163153278e+00,1.252155397436031103e-01,-1.597454390641718369e+01
7.122569134677549130e+01,9.305731625121745065e-02,6.545242812976333653e+02
7.462565846119852608e+01,5.055411350973872120e-02,2.323621111632251541e+03
5.227812712470878154e+01,9.255721423228183142e-02,4.856122199550846972e+02
6.512236064661102830e+01,2.314812952615663208e-02,9.671380353476359232e+03
1.481322897295655583e+00,1.118283787931436263e-01,9.426181855774936835e+00
1.041589559136570209e+01,5.321100268698644026e-02,2.927412133243271342e+02
-1.371463551395865288e+00,5.953972109383606076e-02,-3.078653514758998000e+01
-1.662512919687337742e+01,3.816685469072247927e-02,-9.082019332567980427e+02
-7.742875012293425563e+00,9.030084632568181890e-02,-7.556292196903874014e+01
5.956253038510484998e+01,2.488595355932620573e-02,7.653405124628581689e+03
6.065598174229884876e+01,1.249034405672331226e-02,3.093961956321390608e+04
3.704093404855906435e+00,3.006363913315276623e-02,3.261286600155630140e+02
-1.741201522449309147e+00,1.121103455889556622e-01,-1.102421797187312258e+01
2.594230804443306226e+00,5.393104159120032381e-02,7.097757083145158674e+01
-2.477620493545242653e+01,1.133395020569832601e-01,-1.534837211727955832e+02
-1.003692939956199837e+01,1.902252176590435717e-01,-2.207266773902678736e+01
-2.853567726543645833e+01,4.529694937907329660e-02,-1.106726761204916329e+03
-6.432785023256769819e+01,1.878056983858234982e-02,-1.451348281576061163e+04
9.892538606617149455e+00,2.908316287741227399e-02,9.307105111902830004e+02
3.339857287251343365e+01,1.443065568482122113e-02,1.276279861676676592e+04
-3.556979539454429329e+01,7.230868949924494915e-01,-5.413654328533215931e+00
2.528856675103063001e+00,9.259797141195653669e-01,2.346990907338492582e-01
-9.370801204293569242e+01,5.447960547701026224e-01,-2.512458823488697846e+01
-1.717913364763958484e+01,7.402233225567213248e-02,-2.494973087325648748e+02
2.763044753236324880e+01,1.280463788281363015e-02,1.341045314593415424e+04
2.566027494850369095e+01,2.039421094101603327e-01,4.909504105448749556e+01
-1.411327096914713364e+00,6.642047439117380880e-02,-2.545738963480635064e+01
1.123912728962777052e+00,5.251305232145244556e-02,3.243308058030074648e+01
-1.524797515794822811e+00,1.875828612952342433e-01,-3.448387002874771845e+00
-1.796231962428840134e+01,1.012850993896878410e-01,-1.393353904093578421e+02
6.168792465724127538e+01,2.921917351824697140e-01,5.749822535482953612e+01
-1.293602060616434990e+01,8.227615085405294570e-02,-1.520697749053761640e+02
-2.099687003415920827e+01,1.062740424978808607e-01,-1.479415942660601502e+02
6.702505460552850458e+00,7.241083228378000225e-01,1.017232515840293727e+00
-1.801379422652194418e+00,5.518924647042610099e-01,-4.706373657347455164e-01
2.825257530265685446e+01,3.986302606800495862e-01,1.414841043418314470e+01
-1.329439545245053189e+01,1.460539927179076714e-01,-4.959431101612636184e+01
-3.819427395245196255e+00,1.415578736324419884e-01,-1.516772108625346505e+01
4.423342720469340961e+00,5.827343182439095187e-02,1.036572147776392256e+02
2.526792490429558669e+01,7.798038948410741800e-02,3.306655215780102708e+02
9.187332536706767527e+00,1.631101328041631715e-01,2.748006080410747742e+01
-1.854031094651090950e+00,2.792335985690322930e-01,-1.892220760653890999e+00
3.157783586241847473e+01,1.402626665875492395e-01,1.277286484106455191e+02
-3.548378686656561865e+00,9.733275280005267149e-02,-2.980588936778644893e+01
-5.799984781148842750e+00,2.005589910992856481e-02,-1.147447218301794464e+03
4.140801136159494433e+01,2.977598122690411353e-02,3.716570247141424261e+03
-3.789930327187849279e+00,1.434031807503193846e-02,-1.466573365543346654e+03
-9.017571531428806964e+01,3.068907973882512713e-02,-7.619246088766935827e+03
8.513484881053221898e+01,8.271932882067721537e-02,9.901101239667817708e+02
1.325933740272569850e+01,2.046684568367565515e-01,2.518895368230146659e+01
7.233551199818097643e+01,2.756114725122498776e-01,7.577869343233658128e+01
-2.113011543183859420e+00,9.355077996683681951e-02,-1.921308836202385351e+01
-7.132423995794304972e+01,3.111979707745692325e-01,-5.860757818156443477e+01
-3.498332111758787022e+01,8.632399040240257282e-01,-3.735839046331755231e+00
-1.696824468816384712e+00,4.105627084373789787e-02,-8.010655492803714139e+01
-4.746443501640856510e+01,5.697621326004946862e-01,-1.163513128235309324e+01
-3.566813546908778676e+01,4.113057322567181817e-01,-1.677803202532527038e+01
5.107852088316928985e+01,2.383350894045457025e-01,7.155705765439819288e+01
-3.132990932375626869e+01,3.867861679929176372e-02,-1.666508006363918867e+03
-1.444780529401187508e+01,6.911111306455722803e-01,-2.407111685285347580e+00
-5.455522165408099866e+00,4.684946925348789093e-01,-1.977958203098393763e+00
9.290309586299937195e+00,2.677981039338456215e-01,1.030873384242118718e+01
2.774803680548385998e+01,1.665758210333731157e-02,7.957899914793420976e+03
1.361707295758827918e+01,4.427419214783481077e-02,5.528058232098385361e+02
-9.646193913707969614e+01,7.837707122144167704e-02,-1.249591500277799469e+03
-4.359327226597166316e+01,7.654021186013095779e-01,-5.921480260890072067e+00
1.794162270750208066e+01,2.169550934708785739e-01,3.033277576388833907e+01
5.160447216317396624e+01,2.074472101594561912e-01,9.542502424349491719e+01
-4.416546826235936862e+01,3.420403569374663028e-02,-3.004126895012799196e+03
-8.356923183762395979e+01,3.374638002555402361e-02,-5.839587367025483218e+03
3.177228408430151863e+00,5.051630768639049640e-02,9.907757615449754951e+01
1.293810193636660344e+01,1.226285778565900791e-01,6.846637289290515582e+01
9.873353026527498244e+00,8.255461823694623669e-02,1.152848011669807988e+02
6.743007003522546938e+01,1.991495088570819083e-01,1.352960966976874602e+02
-6.067818472683571684e+01,5.058407785332044021e-02,-1.887100550453119013e+03
1.715941725577146304e+00,8.918987043316363439e-02,1.716570342200653343e+01
3.795358311043707999e+01,7.961708395864042220e-02,4.764643205685947578e+02
3.822601334937073148e+01,9.238164509519404266e-01,3.564328799387184610e+00
-2.348483534382011584e+01,3.458636353123059615e-01,-1.562312299007533234e+01
2.383906749798326619e+00,1.616014011970054176e-01,7.264222786451496106e+00
-2.077592369156678132e+01,1.030449178991785092e-01,-1.557031226017086851e+02
1.368945418844570128e+01,7.584425639270298003e-02,1.893785876465697982e+02
-5.790053206648329009e+00,6.641790445663623421e-01,-1.044485348699903948e+00
7.209833131746595569e+00,1.774618502049369467e-02,1.821819469526189778e+03
-2.144186936494580920e+00,2.968174054563276210e-01,-1.936752176545895043e+00
-1.124418117896294156e+01,2.999185740716946436e-01,-9.947438105580943102e+00
5.100067686733968486e+00,2.226755817645074131e-01,8.185041480535302227e+00
-8.901894060742364445e+01,7.629342375415423261e-01,-1.217021772834204896e+01
4.029698514556864808e+01,5.077832178125967211e-01,1.243672422964177393e+01
-4.571320407442417633e+00,1.751100129397900607e-02,-1.186341814668827965e+03
1.500936853592213183e+01,9.908921155235005107e-02,1.216465542708300944e+02
1.102768924985973786e+00,5.040438988121186820e-02,3.454124054560953283e+01
3.640806788419352102e+01,6.803477466487757308e-01,6.259301435296726446e+00
9.285705055367202476e+00,1.728026459000824577e-01,2.474595648807361670e+01
-5.301051882748509314e+01,5.819214504432337204e-02,-1.245728666249459366e+03
1.638954716457256211e+01,3.188834467001773476e-02,1.282605622327419724e+03
1.281474341820296026e+01,1.738278272818609416e-01,3.374904183041214623e+01
-2.038710457759472661e+01,5.622664505303229809e-01,-5.131701013566873470e+00
7.747676788130958414e+01,2.923419780218955988e-01,7.214052001951652926e+01
1.294788216912148737e+00,7.796158049518003841e-02,1.695226000438556113e+01
7.061708616620198598e+01,1.144541142783109776e-02,4.289800660974249331e+04
-1.613414515869679633e+01,1.689913396042856675e-02,-4.495802232602542972e+03
1.448515271471326926e+01,7.186496434035201109e-01,2.231920830153679702e+00
1.903039197807121141e+01,1.511067334730117062e-01,6.632392735754241642e+01
-6.386676413986069889e+00,4.058046436650963179e-02,-3.086249439121280034e+02
-2.648128249072953011e+01,2.760758411461007866e-01,-2.764854885241678062e+01
3.392379848488058514e+01,9.048486570712230836e-01,3.297180467137325266e+00
-6.745965978009662578e+00,3.557400143103791601e-01,-4.241982242375923029e+00
-2.291992252561326282e+01,1.601565593756263534e-02,-7.110723976952373050e+03
2.630807846713866915e+00,4.068421611301006879e-02,1.264816024724902803e+02
-1.091688472094748841e+00,7.605617060746032720e-01,-1.501827146034474536e-01
1.151616535506897243e+00,3.422532355724000053e-01,7.823532715627816714e-01
-1.358722876389385625e+01,2.324524239013023644e-02,-2.001026615588369168e+03
-4.997983634906625561e+00,4.963213389577100787e-01,-1.614578147479967640e+00
1.372133802006905334e+01,1.014463460801206911e-02,1.060996083756384360e+04
4.781773333641360146e+00,6.954929340535596916e-02,7.866719727886892599e+01
7.700847856645015099e+01,1.492421793800764902e-02,2.751347933367583391e+04
3.381807425098318998e+00,8.174026056287111985e-02,4.027791432341625466e+01
-4.354310669959408386e+01,3.486200216801683960e-02,-2.851050412256871823e+03
-2.923243198042202895e+00,3.726853698090697858e-02,-1.674828702630995281e+02
-2.910504809908692536e+01,7.689239767305941498e-02,-3.917343458472088287e+02
-3.219126626913063394e+00,7.912206643224041491e-02,-4.091974832056394007e+01
1.874050509036623424e+01,1.054094035570622978e-01,1.342186034973486812e+02
3.072398828646925750e+01,1.683151333857906551e-01,8.630210637295409981e+01
5.452355854997097140e+01,1.059219360398719056e-01,3.867252318129094988e+02
-3.597731404910232467e+00,1.245635028849370780e-02,-1.845173666272448600e+03
3.071398749591676491e+01,2.555124307391012373e-01,3.743710625654479429e+01
1.696981455959283958e+00,1.918358964658545551e-01,3.669504973417638816e+00
1.620843776260689317e+00,1.269811893905707471e-02,7.999309722588556042e+02
3.872653173315841713e+01,4.403132828718495095e-01,1.589553560859125625e+01
-3.291572044793382279e+00,1.498875187317082747e-01,-1.165903378211247876e+01
-1.375094691225357302e+01,6.821970499322367598e-02,-2.351273056911282424e+02
-1.700198484570900703e+01,4.124116214085605803e-01,-7.954776298189116801e+00
-4.553642277369170266e+00,3.956970644990661645e-01,-2.314319899640679523e+00
-1.792925685465834107e+01,4.810910864388936309e-02,-6.164499249436695436e+02
-8.608269979258854221e+01,1.153210478735113009e-02,-5.150968039848169428e+04
-1.526871087588991216e+01,8.567644534175785642e-01,-1.655272989095552871e+00
-4.853627167964329026e+00,9.516592897663528339e-02,-4.264749884264063695e+01
-1.173200238838658649e+00,1.080124457895704874e-02,-8.002297229453625960e+02
1.462718126421207110e+01,6.951467340915996607e-01,2.408783712081350448e+00
-4.257656403344811480e+01,2.430680681532989273e-01,-5.734623735020492319e+01
-1.478951821333081540e+01,2.106237719743736178e-02,-2.652951987692920738e+03
-9.998466624114453083e+00,6.031021555294949765e-01,-2.187468339067685452e+00
-3.835259988452873525e+00,1.021675026291310462e-01,-2.923878961195920567e+01
-1.325758652271401328e+00,2.590100095011955636e-02,-1.572611729130574929e+02
-1.969215592053676644e+01,8.638733090539766346e-01,-2.099825908958656395e+00
-1.213142210372516949e+01,1.114639150569617931e-01,-7.770219076504486111e+01
-1.873956857467813819e+01,3.549230957965663485e-02,-1.183807813989068109e+03
-1.180781456177647826e+01,1.701920263601134145e-02,-3.244002959302245927e+03
6.889948466053248843e+00,1.649490590538415721e-02,2.015145572123687316e+03
-8.830225363006679373e+00,4.959652223484254524e-02,-2.856666060198059540e+02
-1.406720625850010675e+00,8.584468819657187222e-01,-1.519046737205380360e-01
-1.669095461779120626e+01,4.606427760102790314e-01,-6.259545242421066469e+00
-1.550189217949785458e+01,1.443090253970481240e-01,-5.923629135978877969e+01
1.003265958675991110e+00,2.267096146944857712e-02,1.553339317170621428e+02
3.274336842331017294e+01,2.386827767178628656e-01,4.573738469030783449e+01
6.301370576576516669e+01,2.357304091493266363e-01,9.023892993230458615e+01
-2.166821926551173050e+01,1.275641710260655773e-02,-1.059634123229947181e+04
3.391570091402408504e+00,7.526284176477626708e-01,4.764635783845678763e-01
-1.589550438947344935e+00,8.694779102342959920e-01,-1.673198025933393673e-01
3.506342485139473553e+01,8.493645520853954078e-02,3.867730507728616658e+02
5.616504321351508011e+00,4.185377295613198489e-01,2.551449666307560982e+00
-1.009384009735147636e+00,9.836075967791584329e-01,-8.302383837588268867e-02
1.734403205326978181e+01,4.710710109331922579e-01,6.219671466159303996e+00
-2.637134046046000435e+00,1.134267770902156330e-01,-1.631139696724630994e+01
-1.054105493150267137e+00,3.425312897721210503e-01,-7.149467771771278457e-01
1.006664230653720438e+01,1.025788946687030412e-01,7.613051070611811610e+01
-2.668971504509878301e+00,5.735625418495836625e-01,-6.456133639503957022e-01
-6.012808526418049304e+00,3.971973877863838043e-02,-3.032876618281180754e+02
8.988145776792454456e+01,2.123742231163708305e-01,1.585830028298265404e+02
1.518404917548646260e+00,1.186475580464318308e-01,8.583415364832314154e+00
-8.349648225417869440e+00,2.303671526574911990e-02,-1.252037122940143945e+03
3.963019987708730874e+00,1.689818895266034238e-01,1.104424607930056190e+01
-4.150270170281669380e+01,2.308086356893383762e-01,-6.199581835318517165e+01
-2.186856001572915709e+00,1.074211088549414106e-01,-1.508103197431474563e+01
1.046261638195575117e+01,1.046377671065377296e-01,7.604199649570392694e+01
-3.445346415401232321e+01,4.347454245416356583e-02,-1.450617762389042355e+03
2.081959860033012255e+00,6.921054804741273714e-02,3.458739960954623882e+01
-5.632807484293997469e+00,1.305149590441490870e-01,-2.631445995178265207e+01
-2.010691985151787708e+00,7.704248031625539339e-02,-2.695722419845714768e+01
2.954656746415303203e+01,2.033332842413683450e-01,5.686960602813036303e+01
8.028729839243737842e+00,4.274048587717107495e-01,3.497502797647106476e+00
-1.471847341910629048e+01,1.880460238860170996e-01,-3.312261326817757379e+01
-5.876509051714624121e+00,3.506495941513760317e-01,-3.803319974431111472e+00
-3.798730679126887111e+00,1.342116182577984991e-02,-1.678218152661989279e+03
3.669518798069625554e+00,4.950376578900510527e-01,1.191578828404635360e+00
9.306887042626752304e+01,9.365913167945426332e-02,8.442952087560774999e+02
-2.594482051642520304e+01,4.612343298429082833e-02,-9.705045091930015815e+02
-4.138224993144315356e+00,2.895519485140249372e-02,-3.927817055988625725e+02
-5.526125117859602653e+01,5.095729568207876120e-02,-1.693550322861750146e+03
-2.047123829551605212e+00,2.537807650791640279e-01,-2.529396102628822085e+00
2.626190187439874535e+00,8.001148835679463556e-01,3.264461958137220288e-01
-7.325388887038657515e+01,2.087326332520572925e-01,-1.337950719201098195e+02
-3.938857793430875276e+00,1.418289794456534247e-01,-1.558226126394988675e+01
-8.338596303892627404e+00,1.800727173865208919e-02,-2.046384549526337423e+03
2.356102051948481346e+01,3.142163471116979911e-01,1.899007511308493790e+01
-6.550872294486336678e+00,2.464313875919238103e-02,-8.584148544566593273e+02
2.357342702851103589e+00,8.710810622936790981e-01,2.472268954594521173e-01
-3.988972483395379953e+01,1.856628448208172411e-01,-9.208760438676635829e+01
-7.128164627930282826e+00,3.286236239900400258e-02,-5.252551219343974935e+02
1.104078935657498484e+01,2.503388429079996327e-02,1.401954048460124568e+03
4.235166481485618561e+01,8.207886349725310726e-01,5.002625057179098000e+00
4.739463651871604455e+00,1.461690010480622137e-02,1.765260384784249936e+03
-2.939399219833511268e+00,2.506987978781002879e-01,-3.721724381462237385e+00
-7.945476757925042932e+01,4.277867391508776707e-01,-3.455058951348036089e+01
3.205049735789536669e+01,3.509833291784428821e-01,2.070388902416979349e+01
-1.818839324235440813e+00,1.173836596410120225e-02,-1.050434992532238311e+03
-2.475378217305800543e+00,5.380437112452761683e-01,-6.804505690817501673e-01
1.109409634705124859e+01,3.335657045154521994e-01,7.934494883830196521e+00
2.390431286441636161e+01,2.165255970098526814e-02,4.057400803199034272e+03
2.163894781284134261e+00,3.150261572235015656e-02,1.735134097615860185e+02
-1.530581264261879015e+00,2.114163587093799077e-02,-2.725017851728144933e+02
9.539460077679898120e+01,1.711094663237426941e-02,2.592781129981952836e+04
1.159273902939167877e+00,6.398233605315662986e-01,2.253491946122114231e-01
2.447356553160702219e+00,6.805700402994885323e-02,4.204764995937134131e+01
-2.495920478887969551e+01,1.098460323205820155e-01,-1.646084521145116923e+02
4.761895166237169263e+01,2.683648088636322315e-01,5.261612192161685186e+01
6.025137265289068011e+00,2.653906520248216494e-01,6.807471606223632676e+00
-2.067438196460497757e+00,5.064636725083426771e-01,-6.413957412773890754e-01
-1.692476005579347076e+00,2.674045595646743975e-02,-1.883540834047709609e+02
-7.794329892573284013e+00,5.944701652735853020e-02,-1.755127989747340962e+02
1.731000542547905496e+01,1.930075551944646362e-01,3.697760004653269306e+01
1.100819285657529534e+01,1.386976905337436450e-01,4.553734501848858685e+01
7.858908686693997225e+00,6.949146562320963616e-01,1.295058647009035946e+00
-8.979613167262074924e+00,2.013201859960624118e-02,-1.763084462501955841e+03
-2.475504302701326509e+01,8.366734367845510834e-01,-2.814115119802365950e+00
-3.838363853065628550e+00,2.008623755978479475e-02,-7.570753171928022311e+02
3.527908346428930031e+01,3.868904277176729578e-01,1.875562152293008822e+01
2.485918046085630806e+01,7.793869585246576692e-02,3.256646908090296506e+02
-3.138482344120898659e+00,7.858805047361827611e-01,-4.043866362016603766e-01
-1.352711940857298067e+01,2.428811955014170687e-01,-1.824768082220708720e+01
4.404193870144636591e+00,4.772811745980324316e-01,1.538537033535692933e+00
-5.764541071727913746e+00,7.381318017515121621e-01,-8.419514320744463376e-01
8.477485795682898839e+00,2.401142713657101746e-01,1.170095367357038718e+01
-1.119958650788880128e+01,1.322542628532490383e-01,-5.095335277212293335e+01
3.062174563651374193e+00,2.610335417236201924e-02,3.576246524149603374e+02
5.745891942249387085e+01,2.042684329259318587e-02,1.095834769651695206e+04
5.105199929521365476e+00,2.808794668901486991e-01,5.149474432862292339e+00
2.622297681696445437e+01,5.802405063130727791e-01,6.198063768626765224e+00
-2.273452570767291547e+01,7.871330971632801987e-02,-2.919978720494080449e+02
2.401238570762141933e+01,4.974515661721100324e-02,7.721894106391058585e+02
-1.207900580163161486e+01,3.432176863858001914e-01,-8.159846837103016171e+00
1.115152131728119222e+00,7.985794225593503826e-02,1.391515423211669500e+01
-3.332228222289933317e+00,1.820955825095799119e-02,-7.996980807248336305e+02
1.489788604737359856e+00,3.329681235042000753e-02,1.069324375740763031e+02
-4.807609041735030075e+01,7.064843371325332799e-02,-7.665036079599327650e+02
-3.841774311856136048e+00,6.237985531479671719e-01,-7.856574952104704579e-01
3.753405474281813525e+01,2.372509332838098617e-01,5.306397260028290219e+01
-6.495547138213318306e+01,1.469292384440758492e-01,-2.394359840074567956e+02
3.609193762337699063e+00,4.341433411643061402e-01,1.523821320101677479e+00
-3.820565662609206470e+01,1.662021532267223267e-01,-1.100638023396739413e+02
1.680153199237808703e+00,3.880791918809858160e-02,8.877655839379144709e+01
-6.047829877386670461e+01,2.840632070958546418e-01,-5.964303436030004235e+01
9.002027986979894081e+01,5.183313874697582230e-02,2.666339694985039841e+03
1.114589584819067802e+01,5.578511470712602671e-01,2.850154847414719583e+00
1.184550227488368712e+01,8.334501251269192668e-02,1.357014174985737327e+02
-5.106489261751543829e+00,5.883893160170233783e-01,-1.173769992511534133e+00
5.131153029544361033e+00,5.160579520995045577e-01,1.533232985008497140e+00
1.685514187009313147e+01,2.570135611431726905e-02,2.030534954151184593e+03
1.223347304339739372e+00,1.411001043237311292e-01,4.889734014926633066e+00
-4.036932174288894615e+00,2.180254065103882644e-01,-6.758143028948101261e+00
5.438342381186394192e+01,3.008579260128972643e-02,4.781165392045129011e+03
-4.048525858821963475e+00,5.883344488283801660e-02,-9.307616839286437482e+01
3.228709309006508654e+00,9.097386695095020792e-02,3.104457875317035587e+01
8.615434845803115138e+00,1.236006069674790986e-01,4.487723917549151054e+01
7.190901941746866477e+00,3.351831492698216786e-01,5.093416000667589039e+00
-2.282029668650091381e+00,3.148173790725265486e-01,-1.832289210986610906e+00
-2.051209364075808494e+01,8.452032192644078068e-02,-2.284955998908061190e+02
7.584550761981850187e+00,5.585342905953273318e-01,1.934729776424864989e+00
8.392340121015697818e+00,2.354381628667478674e-02,1.204812575254661397e+03
2.780353453394325047e+00,2.553912051404729211e-01,3.392175165506054579e+00
-9.411861727053256743e+00,3.101603995971176086e-01,-7.785615988307470481e+00
-3.216692118269899758e+00,2.253539952024437021e-01,-5.040447633695967156e+00
-1.560381322881181365e+00,1.682582072974002016e-02,-4.385997345256138829e+02
6.273150282515252485e+01,4.975885204798350531e-02,2.016207021344523127e+03
-2.069561382578109132e+01,1.282982365109666123e-01,-1.000522994097241281e+02
-9.345873911160522596e+01,7.311236685453589845e-02,-1.391324287847229471e+03
7.454726661407377719e+01,8.978230037000427266e-02,7.359366014967556566e+02
-1.684465189720422806e+00,1.017059973914773985e-01,-1.295862881688851864e+01
-2.860209416996657694e+01,5.468354822994864195e-02,-7.611576117080778658e+02
-1.483776943867507292e+01,1.979621188894543221e-02,-3.012968332411163829e+03
-4.641638070623469758e+01,6.644421388859850230e-02,-8.366562782774134348e+02
-5.480177002444582257e+01,1.474783884068547185e-02,-2.005062689025775398e+04
1.329284412773642465e+01,5.749982109158858351e-02,3.199448039390042027e+02
1.970912738533451858e+01,1.643222519669820456e-02,5.808510465905450474e+03
2.885698585021736307e+01,5.075252557442690993e-01,8.915091092106301573e+00
-2.685404185273701216e+01,8.955567582318103848e-02,-2.664486758037999152e+02
1.753113245744899729e+01,4.144372564545205084e-01,8.122365471706482154e+00
2.530223972638347085e+00,4.589117975374276681e-02,9.560721269428880476e+01
3.548327288238210997e+01,6.564560255902085473e-02,6.552432096934122683e+02
-9.151083866125892996e+01,4.304579932622687455e-01,-3.930077530781478856e+01
2.377586011748202210e+01,2.603703729112942789e-01,2.790893362104692699e+01
1.085214396224305045e+00,4.385039728870291503e-02,4.491160931888673247e+01
-1.607123303270360903e+00,4.216326879220067547e-01,-7.194005876750617645e-01
-6.688817954617830708e+01,8.442525075540852075e-02,-7.467836374972175690e+02
8.175800690169175766e+01,1.741287247855906883e-01,2.145752329188154874e+02
5.547989290012280605e+01,2.771219122560136111e-02,5.748890222495972921e+03
6.921220690308495627e+00,1.481067866621827225e-02,2.510862406139300674e+03
-7.381428106032966063e+00,6.009343259461188275e-02,-1.626584037560009222e+02
1.383887855196836902e+01,6.436723457362439338e-02,2.658038899290098698e+02
5.443117864948375129e+00,1.358281394736960551e-02,2.347785254943647033e+03
-4.086567778286428165e+01,2.236908947157863897e-02,-6.499085180949719870e+03
8.203227144222029210e+01,2.561993921443761132e-02,9.945318204871091439e+03
-2.442590000402453398e+01,3.258963321528597634e-02,-1.830129263922523705e+03
2.293588557280369145e+00,6.209098863842252292e-02,4.734220693197944740e+01
8.981362894126185381e+00,7.535413407578983591e-02,1.258688352489791669e+02
-1.372485461088603698e+00,6.434948383788742510e-02,-2.637592828037203319e+01
-1.942157308247880820e+01,9.178593429027474826e-02,-1.834519250788994782e+02
-2.781896626289167784e+01,9.908895567623339506e-02,-2.254657721621655355e+02
-2.149870635463186375e+01,2.658568031978350565e-02,-2.420510145314896363e+03
5.421154832371927057e+01,7.523298949667195368e-01,7.621936183233324336e+00
1.973595581255496167e+00,4.975400827788126201e-02,6.344423307722455974e+01
-1.563507857185807737e+01,9.653540491360893538e-01,-1.335109723789791536e+00
-1.972438502143749162e+00,5.992444122769143705e-02,-4.371048458276989379e+01
-1.880971263432191876e+01,8.589085821706604618e-01,-2.028983018402958916e+00
1.342838728111494717e+01,6.243704542322617984e-02,2.741127941769456697e+02
-4.089533041312884976e+00,9.757835140101580595e-01,-3.417880738546217323e-01
-3.587202062991273976e+00,1.486877772544790977e-02,-1.291205710964024092e+03
4.175472426144489546e+00,5.714149335393414741e-01,1.017636284542198011e+00
-1.797884280482727704e+01,8.987726727187771159e-02,-1.771136988085312680e+02
-8.858323644093916016e+01,6.115811477219182946e-01,-1.884662113387948068e+01
1.138599904589969292e+01,2.417966250798797567e-02,1.549747018190092376e+03
-5.336006160458567571e+00,6.195906104878627918e-01,-1.106106139576726655e+00
-8.250558937019039263e+01,3.873361634502217044e-01,-4.376202539507913514e+01
7.102048660304353334e+00,1.526253940390750186e-01,2.426164161480010861e+01
-2.210981797303854179e+01,2.360630233965817920e-02,-3.157325614432171733e+03
1.656087934154625430e+01,5.596509663458370393e-02,4.207644242865478645e+02
1.391219225317355646e+00,3.977830212425941675e-02,6.996699511108411684e+01
9.423693277659590706e+01,2.833090720766773957e-02,9.343085323052555395e+03
-1.010267402592962105e+00,3.783848094777177429e-01,-5.615120623184804982e-01
2.081930527990627944e+00,1.760235326553469259e-01,5.347058111546256320e+00
-2.953517052967824075e+00,1.626233168131187290e-02,-8.887180269901375596e+02
-6.759838671299512214e+01,1.143620480415928793e-02,-4.113037022498416627e+04
1.166185698870438969e+01,2.544122244231643640e-02,1.433777949320772677e+03
-5.023241358745132601e+01,1.992437512418982481e-01,-1.006942710407050185e+02
-2.957913327848789820e+01,1.031425903076101658e-01,-2.212582699159309527e+02
-1.033423416527072813e+00,4.419392360963242949e-01,-4.210593471378467623e-01
-2.001710566860375629e+00,2.396727471117980346e-01,-2.773027077072103719e+00
1.507635046760906761e+00,6.643693851715049004e-01,2.718110683539889383e-01
-9.210593993142092373e+00,3.758782629660728514e-01,-5.187801524308106593e+00
-4.093420305291114225e+00,1.434229191560666694e-01,-1.583577637360671631e+01
-1.107349887085374407e+00,1.055211379374430269e-01,-7.914000433372777366e+00
5.773766295351437705e+00,9.614739089172246178e-01,4.970205321191724646e-01
-1.748036680797955045e+00,2.983744015069298428e-01,-1.562491112818581440e+00
-1.358774243084017286e+00,6.151201448852573750e-02,-2.857705965349798660e+01
4.331799320833570555e+00,2.429900234734151954e-01,5.838235090091096424e+00
9.561341384832203971e+00,4.473104385588197451e-01,3.802689754486667795e+00
-1.282532228006339148e+00,5.166080267595023895e-02,-3.824160608228662994e+01
5.360309556100595785e+00,5.581655759120593974e-01,1.369159076536477615e+00
6.926835850529573690e+01,1.836397077592197558e-01,1.634526048458668015e+02
1.043615987763139463e+00,2.324487326999484516e-01,1.537009295847013624e+00
-8.773709012032387733e+00,2.319192235962398360e-02,-1.298075238596783493e+03
-9.029031568928354901e+00,3.409218673632573998e-02,-6.181894516639105177e+02
1.389281515672696088e+00,1.518043537690532685e-01,4.797466366718350805e+00
2.479595831188800403e+01,5.014545548545689541e-02,7.847076247502158139e+02
-5.954016632695073952e+01,1.107270987641838754e-02,-3.864491335061539576e+04
-2.041954227053099480e+00,3.881849893571535093e-01,-1.078347319481199440e+00
-5.546349428244946012e+01,1.290934212772865408e-01,-2.648433921406764853e+02
-7.581860319214773369e+01,1.245700774383056708e-01,-3.888109132086664204e+02
-1.225838206138359077e+01,3.814704489133370346e-01,-6.703498062025126103e+00
3.408554888637475244e+00,3.597678242123610731e-02,2.095635701566206421e+02
1.949089272654620508e+00,4.018058944295240659e-02,9.607032507378480091e+01
1.524279008043504113e+01,8.827427898035847265e-02,1.556633049005611724e+02
4.673429240742160573e+01,2.230446669734931220e-01,7.475532263254642373e+01
-1.750846462369477763e+01,2.861127566981719883e-01,-1.702016458414690803e+01
1.402078674455297547e+00,6.316005940311478772e-01,2.796903356601729840e-01
-4.954280911978639956e+00,1.529236524116482469e-02,-1.685859740662333024e+03
1.501377304003444380e+00,9.501984741880659113e-02,1.323278709247637153e+01
-5.540275433430183583e+00,2.519883576473817000e-01,-6.943213824839236992e+00
3.216878364087205711e+01,2.315124138738333670e-02,4.776130771651399300e+03
-2.420936144209586516e+01,1.414612091701741292e-01,-9.627172164032478463e+01
5.267780407122170772e+00,2.063654617380028256e-01,9.843369128615535146e+00
7.652916480229023932e+00,1.283801248269795803e-01,3.695060234965500001e+01
7.436961134488926461e+01,7.996274911550617370e-02,9.255720135183923958e+02
-4.921014623855084835e+01,2.488124650623377010e-01,-6.325582491638278526e+01
1.677300903741256510e+00,6.105322112284724545e-01,3.580832058943386742e-01
4.019852424695626780e+01,2.331016605372433076e-02,5.887209776237283222e+03
4.234272066657711164e+00,3.969573935931614561e-01,2.138361392366318725e+00
6.564345202272055424e+00,4.246685949919102449e-02,2.896551514750830165e+02
8.360314723212912469e+00,1.657778140766562325e-01,2.420805766055364572e+01
-2.529860063528553127e+01,7.908294444107093202e-02,-3.218999978803853423e+02
-2.230893419063750116e+01,1.093406896567132407e-02,-1.484927809281879127e+04
-3.109569474656689980e+00,5.962616424488514921e-02,-6.960118859730901875e+01
-9.223920354816840472e+00,1.358117460980575592e-02,-3.979522958611380091e+03
-1.032377226291579397e+01,1.358949152602298774e-02,-4.448587501109519508e+03
1.333310033926521854e+01,1.912624510754057719e-02,2.900426398760951088e+03
-2.755862647704257817e+00,3.451109395875222585e-01,-1.841324163051373697e+00
-4.698789761728906456e+01,7.199786605023942299e-01,-7.213348264751749284e+00
-1.505902504204605030e+00,4.360765998631033202e-02,-6.301753712177302447e+01
3.875174893597178372e+00,8.108023873246806845e-01,4.690848493942047504e-01
-5.744958457880198921e+01,7.045885002669673991e-01,-9.208861201602768887e+00
-1.578466638159842228e+00,3.869041493743888976e-02,-8.391097521643513346e+01
-1.041432263935936131e+00,3.133398807456505564e-02,-8.440920628089885724e+01
3.261990348024062314e+01,3.148418466069314858e-01,2.618713009439955641e+01
1.134123276111406176e+00,1.552875080463678864e-02,3.742633996855197438e+02
-1.428047567701163256e+00,2.735155605605725862e-02,-1.519038328794876236e+02
-2.179162558021383145e+00,3.392066242923909014e-01,-1.507131387297470759e+00
-8.513715842941222434e+01,5.079013276044685998e-01,-2.626337838947158687e+01
1.465912398715840892e+00,6.017852838544354710e-02,3.221180249989058808e+01
-1.530593071356586954e+01,1.201054784153243044e-01,-8.443533757610779844e+01
-1.418895646862489590e+00,1.392105519840552696e-01,-5.826346127097103533e+00
-4.464811606153617163e+01,1.175126522546105085e-01,-2.572906580103423835e+02
6.363308590757103644e+00,4.934996193515305274e-01,2.079215370146465514e+00
-4.264330914773881887e+01,4.438577656874339444e-02,-1.722476833353407756e+03
-2.332252687819020842e+00,1.268672594414571031e-01,-1.153099068651653880e+01
-6.189244557528690294e+00,1.140319514054068395e-01,-3.787692087139178909e+01
-1.135799718235189992e+00,7.693485196654687996e-01,-1.527023243266678321e-01
-2.377023725787747566e+00,2.084694800173327034e-01,-4.352499062652827710e+00
-1.718608335990819080e+00,3.406815416763452342e-01,-1.178337888243385700e+00
1.670918466272170377e+01,2.379042324833386887e-02,2.349313950801257761e+03
-1.583359290324525226e+01,3.330181053094716931e-02,-1.136145413019794205e+03
-6.622422966181652271e+01,2.182509217561311166e-01,-1.106355955513293878e+02
4.185464115936477469e+01,7.025511117513079107e-01,6.748044037307901810e+00
-2.622337513019008526e+00,1.365147431010223060e-02,-1.119746236231475677e+03
2.200001384138718041e+00,2.143551958800342661e-01,3.810176199573185318e+00
7.368021254095207695e+00,6.483970914013190701e-01,1.394629636546290241e+00
2.527624563541029268e+00,9.325563389812490112e-01,2.312877046676734549e-01
-4.051884871547282607e+00,1.651736686733738801e-02,-1.181858826427856002e+03
7.210162368821935175e+00,3.316819087427589352e-01,5.215447918100934110e+00
5.093279558334673496e+00,2.479799360847088352e-01,6.591049340440258142e+00
-8.903582949088082898e+00,2.146615627487710176e-01,-1.537610626027851168e+01
-7.967488535214700462e+00,1.233457297423325577e-01,-4.167382328279180825e+01
7.730473055871959787e+01,1.187356923743872750e-01,4.363486419620816719e+02
9.706207147610815156e+00,2.695364669632507315e-01,1.063174689078690704e+01
5.073508903546926518e+00,1.133155006148798133e-01,3.144270631415032824e+01
7.109189185304798286e+01,9.004358640534279035e-01,6.977577012964331971e+00
-1.456220248080735402e+01,2.503585370307519556e-02,-1.848810466980463843e+03
-1.932234125745409647e+00,3.444230072237566831e-01,-1.296180774015005532e+00
2.458206699176100329e+01,1.671353523248722550e-01,7.002802715222496488e+01
1.034445765422663976e+00,1.643698368315762159e-01,3.046867820594409082e+00
3.676319941222858745e+01,6.820093006778710221e-02,6.289597320295586087e+02
2.760180249960764165e+00,5.791552277060109111e-01,6.548436467091135471e-01
7.263970536022340241e+01,3.407874871915866910e-01,4.977335658491301018e+01
8.449787271351715390e+01,3.379561274277702310e-02,5.887287727773374172e+03
-4.075021955617464720e+00,3.022336469035544759e-01,-3.550049966885882924e+00
2.455360002035499534e+01,2.207327902697403810e-01,4.010251467640566148e+01
7.473393499771022519e+00,8.033929664484798505e-02,9.214079083414765137e+01
1.152281338438326364e+00,3.625377650904706289e-02,6.976573244105287586e+01
6.282229524576047908e+01,6.410965211043142542e-01,1.216345898680883408e+01
-1.343134034092236861e+00,2.254398601196938925e-02,-2.103042635589364124e+02
-5.946541569337597366e+01,3.198751808087442750e-01,-4.624805857170142076e+01
-1.396631444069056371e+00,4.354333326619073130e-01,-5.861767769979184806e-01
4.292696650800718317e+01,1.417864065770382473e-02,1.699225996292064883e+04
-1.995033126773327936e+01,5.406327640218133723e-01,-5.431696855473793661e+00
-8.222720872318417662e+01,2.020478755663704107e-01,-1.602865595509408649e+02
-2.155909013676394537e+01,5.134253161378471431e-02,-6.508276657066884354e+02
-8.194515131437027478e+00,6.998995837500038286e-01,-1.331195764169521567e+00
1.365659300085843775e+01,2.157571679102883444e-02,2.334543856449311079e+03
-1.126708046913721617e+01,3.912328513588106405e-01,-5.857750939325320871e+00
-4.089858962605541493e+00,2.915114194850416673e-01,-3.829899019298362628e+00
-2.409761307905983685e+01,2.002051433294809168e-01,-4.784248198283872000e+01
-1.938929335151799327e+00,1.363369597590172455e-01,-8.300894741603553229e+00
-5.900246804837944836e+01,1.480279614049878449e-02,-2.142756385203899845e+04
1.602137512616377935e+00,7.009969242452722682e-01,2.594524047229029851e-01
-3.378223565555332186e+01,6.088505246475786059e-01,-7.251989287343160839e+00
5.800432001034612028e+01,2.067044041443630575e-01,1.080316516374513895e+02
-3.532307869735752348e+01,4.602305189715197309e-02,-1.327082297924755039e+03
2.245865664967232078e+01,8.356839452890220399e-02,2.559114950536141748e+02
-1.653878154771581777e+01,3.268122564268791108e-01,-1.232244748131752132e+01
-1.147516325052127417e+00,1.001992069933386846e-02,-9.095371445007297098e+02
-2.574840131108600261e+01,4.675571432768053926e-02,-9.372835877134857583e+02
1.506264971052709178e+01,3.878302399677053397e-02,7.969079778217707144e+02
5.424063502473612175e+01,1.440933268201794945e-02,2.078869198104312090e+04
-2.114009049876086621e+01,4.776341254321386093e-02,-7.374053459259856709e+02
-2.842007775787124491e+00,8.707778023536874579e-02,-2.982639043864267947e+01
-1.226061556961487220e+01,1.809865802811858326e-01,-2.978582701901495611e+01
2.132523345423898764e+00,6.966273683335222344e-02,3.496897198304066734e+01
2.841876207228238371e+01,1.825125705581480406e-02,6.789061272564280443e+03
-8.201023728137644753e+01,3.564451171588237793e-02,-5.136565905902161830e+03
-2.231125947585607250e+01,2.806074399495352423e-01,-2.254840671439158228e+01
2.651785002331184060e+01,9.203359279728176578e-02,2.491355445575400722e+02
-4.154194296656537233e+01,4.012734139436782144e-01,-2.053034121570885162e+01
-7.809397701349921839e+00,4.418290370247691945e-02,-3.183458315869682451e+02
5.425295363987026498e+00,1.185134666995289222e-02,3.073817783288563078e+03
-2.059993681254978171e+00,2.112122080892181453e-02,-3.674667010645048890e+02
-8.310052663442938581e+00,3.293547672207502996e-02,-6.096295416778967819e+02
-1.071941157931341815e+00,1.704422115516540936e-01,-2.936342836808637280e+00
5.338403271276741080e+00,2.178839279015863661e-01,8.948518125755562380e+00
5.190890095646608415e+01,4.486831003326140904e-02,2.051882774456682000e+03
7.517066090530936329e+00,7.834296937707642405e-02,9.746270215576359419e+01
-2.775430997225571073e+00,2.301556711206020900e-02,-4.169435014816430680e+02
-8.612278287476111416e+01,4.055185260426069638e-01,-4.167607312027735844e+01
-1.720919650626424158e+00,4.934976325491758492e-02,-5.623161832372797164e+01
-1.469739048492428957e+01,2.278344334884732300e-02,-2.253157994986370340e+03
5.089803651947073604e+01,2.367480681254123254e-01,7.226338103203492835e+01
-4.155681344591060977e+00,1.091343479740635412e-02,-2.776575316497608583e+03
4.295682805663394532e+01,2.047069061201399129e-02,8.157505069554571492e+03
-1.405643921512552685e+00,1.834259757811913111e-02,-3.324633515659192540e+02
-3.660730042767750092e+01,7.929811545272277273e-01,-4.632677911948349880e+00
-3.438242333064995648e+01,1.223922445750351140e-01,-1.826496398788261502e+02
2.487457846233767533e+00,7.546742888499483604e-01,3.475575741561562348e-01
1.370859500765078209e+01,1.201393170851008801e-01,7.558102274434895662e+01
-7.213153909778864659e+01,1.216009720368886465e-01,-3.881872276267328061e+02
9.540879175223546227e+00,7.076160844424874696e-01,1.516293034283565655e+00
-1.891077497744118485e+00,2.270480504491459439e-01,-2.919200391078796919e+00
-4.623776817061153288e+00,1.406219769283631460e-01,-1.860718179741088818e+01
-1.326998989568515031e+00,1.841704532852683207e-01,-3.113298870969030130e+00
-7.016342624964075014e+00,2.289022833174291505e-01,-1.065615858067183908e+01
2.703047977938901170e+00,1.369361073788359362e-01,1.147117575570156944e+01
6.561866940646673640e+00,2.800630851189649453e-02,6.657417885500680086e+02
1.371466268342449446e+01,7.801971954573516665e-01,1.792943056836454829e+00
-5.627345167468180875e+01,6.191174287553222744e-01,-1.168281852164720647e+01
-2.340687602344350893e+01,9.538110187806777551e-01,-2.047429329703277290e+00
-8.695850718821475311e+00,1.384223159704094930e-01,-3.611519708090802538e+01
-1.065544272999337405e+00,2.961386941405012505e-02,-9.668772044667228727e+01
-4.543455727654519549e+00,2.319081191950992521e-02,-6.722712348931610222e+02
-1.556099514978992460e+01,5.135311230161594409e-01,-4.695631033832166956e+00
-1.304094047901082964e+00,2.102708908345053973e-01,-2.347149429015187749e+00
5.191847414402477767e+00,2.715960885350222898e-02,5.600993055367091529e+02
1.456592297401216385e+01,1.709659295513008548e-01,3.965600870325467042e+01
6.696293656035125252e+01,2.983373956623577156e-02,5.986999725794831647e+03
1.513505348136612660e+01,4.648097221155938485e-01,5.574728089107525264e+00
-2.018065545764229540e+01,8.196700147453918062e-01,-2.390271910376318143e+00
-4.768000819811427249e+01,1.970835962760945914e-01,-9.768446459326220577e+01
-2.132632765374231631e+00,4.174518332223035172e-02,-9.738531383534036934e+01
-7.091360636361674352e+00,3.900385321178528319e-01,-3.709408660649364808e+00
-7.834267082194372733e+01,4.875962505969620997e-01,-2.622211962840974664e+01
7.004699469764271669e+01,2.201369174435045470e-02,1.150254342195741810e+04
1.245039823842438942e+00,8.417245793283452404e-02,1.398406263311926345e+01
-6.073538313682923295e+00,9.331383196901145427e-02,-5.550599125736821549e+01
4.295586918102443086e+00,2.686546693879203751e-01,4.736132681263152122e+00
-1.690834325821002082e+01,3.263636126411066929e-01,-1.263245407896210182e+01
-1.961202986992785213e+01,4.457768707719285406e-02,-7.853759887268954571e+02
9.135065085133260254e+01,6.536355818642090865e-02,1.701493954391759871e+03
-4.310339713236174042e+00,2.549671778019266255e-01,-5.276343754111966433e+00
1.125205484203191109e+00,1.404979048872151970e-01,4.536096447799355502e+00
-2.633966054551203229e+01,9.661200377565413167e-01,-2.245629631755326816e+00
7.522197543036286405e+00,4.930284017285956749e-02,2.462583662173251184e+02
-4.175632878220363153e+01,5.574206255744829780e-02,-1.069415257004720615e+03
-3.275313407626060158e+00,1.063737178429650064e-02,-2.303426304886786966e+03
9.131305590554072182e+01,1.562355356039919242e-02,2.976894008830483290e+04
4.779841992639396864e+01,2.715005065401770307e-02,5.160150732826808053e+03
2.949489040580604460e+00,8.198306324537210643e-02,3.492115826341368034e+01
-3.423949435040573519e+01,4.175918066359352587e-01,-1.562476666160000605e+01
9.824113235010829115e+00,6.692151999907064441e-01,1.745628815806907763e+00
3.235818394156105882e+01,9.052923814403446290e-01,3.141930284288789732e+00
6.789206853892800098e+01,2.315354635877414288e-02,1.007799496195676329e+04
4.028478267769797228e+00,2.691619130379582780e-02,4.424904972682721791e+02
-3.388541853450689700e+01,6.609320595139406285e-01,-6.172901586904088411e+00
7.839280129192110813e+00,4.652384238820016227e-02,2.882140633166031876e+02
-1.325184843482610653e+01,9.773012286881204158e-01,-1.104103296413867952e+00
-2.012761706912034043e+00,2.022545409001770544e-02,-3.915488344110347043e+02
1.914275236605591513e+00,6.158046115094155393e-02,4.017063006588077201e+01
-2.542304514062081822e+01,6.088658087924633810e-02,-5.457258565547748503e+02
-1.911888663488087658e+01,1.520176627549812975e-02,-6.583618121293609875e+03
5.527570540693561796e+00,3.198525718326053480e-01,4.299567143005474712e+00
-7.854655404108004291e+01,6.240094648128852173e-02,-1.605221317612807070e+03
3.366708458615623556e+01,6.045409169935010707e-02,7.330679716362983527e+02
4.425841976463835437e+01,1.776664458222158294e-01,1.115771362421040749e+02
-8.791300755225877950e+00,1.305746982888373459e-02,-4.103223862400904181e+03
6.426087387505846493e+01,1.393321897091757688e-01,2.634109582854927112e+02
-7.017148778917510654e+00,1.507557573671072237e-01,-2.456987838888261422e+01
8.397686583984059894e+01,3.377190819970365410e-01,5.859203712535767039e+01
9.356356575190893921e+00,2.474756873895757048e-01,1.215715131323448794e+01
5.575576730272365999e+00,3.616309759193590129e-02,3.392725211646934440e+02
2.375182358318245424e+00,7.476551345458308517e-02,3.381305839078027731e+01
1.394728818058720421e+01,1.717786930488168079e-02,3.761328997248652286e+03
4.447961223187891555e+00,1.025637275392391606e-02,3.364833164271166424e+03
-2.052173836600142565e+01,7.955411142198315355e-01,-2.580352412320176647e+00
-3.059571591149511249e+01,3.523511348870955184e-01,-1.961098495068858227e+01
-1.889373798730207721e+00,1.047421864286961490e-01,-1.370454918255007293e+01
-8.335460566551757822e+00,1.227724963787194951e-01,-4.400657449358790529e+01
-1.105446281178289780e+01,2.573902524485042753e-01,-1.327833396126100141e+01
-1.301494596838033369e+00,9.289971522838574858e-02,-1.200062154703977768e+01
-2.813775339157470246e+00,4.457071029880306512e-02,-1.127146701621492895e+02
1.428390761652115870e+00,2.829727202733122934e-02,1.419541289250169598e+02
3.191033525103194712e+00,1.621852909680839699e-02,9.653806160019681784e+02
-3.694492778608600592e+00,1.861563605713060718e-02,-8.483776104305239869e+02
-1.100540408031805750e+00,1.862029340517314807e-02,-2.525940341049407607e+02
-9.716569505396524420e+00,3.439567681624356582e-02,-6.535749198964745119e+02
2.514039783368227887e+01,3.262092629843453551e-02,1.880051317321367378e+03
1.775937433563664181e+00,9.468905174567678051e-02,1.576225186109587284e+01
3.456879846652176624e+00,2.729190976377054989e-02,3.693231808354984196e+02
5.738903163401888463e+01,2.309945517788663388e-02,8.558852837055008422e+03
-1.201220662258235095e+01,1.424319963138311329e-01,-4.711918902774482376e+01
-1.110281606737880011e+01,9.167302337177567206e-02,-1.051332698437349649e+02
-8.328107972439359230e+01,4.969927244696703550e-02,-2.683097291581827449e+03
3.635977700735612661e+00,7.462498471749858808e-01,5.195685281232378383e-01
-1.501305004791776021e+01,1.248522199301074082e-02,-7.664194734786708068e+03
3.128079106011252275e+00,2.173905230911485076e-01,5.267282946113830633e+00
-6.886958251649753038e+01,1.392658134754087840e-01,-2.825716227701605590e+02
1.925039685623605834e+01,2.357489174368100349e-01,2.756324902675571664e+01
-3.076152698914444095e+00,5.097160057569782854e-01,-9.421964929855212167e-01
1.958051694179778535e+00,2.125192518239090445e-01,3.449989177625452985e+00
1.287259947495276258e+01,1.690333410533762654e-02,3.585185582181088193e+03
2.804366371377853717e+00,3.856873322416203703e-02,1.500217188036966718e+02
-3.613365105890272044e+00,3.544399784033983036e-02,-2.288846033252645782e+02
-6.189082126661457295e+01,1.036819227020185225e-01,-4.581527493675557707e+02
-7.192242433876495866e+00,1.333601435147228342e-01,-3.218120824278086189e+01
1.587811027432128208e+00,7.684091138389739228e-01,2.139951523327491834e-01
-5.806249401135152866e+00,7.910065606555478912e-02,-7.384577477252095434e+01
3.333330143023328862e+00,1.201636636810025568e-02,1.837054934203151561e+03
2.240943776492720918e+00,1.602384339323154397e-02,6.945247278485400102e+02
-7.623731331757701923e+01,7.134182436328211085e-02,-1.191980901325613786e+03
2.051870795446203033e+01,2.139719894219394292e-01,3.566369171041045405e+01
7.800268291438203327e+00,4.088627752846760721e-01,3.713167427598872194e+00
-5.686748845669586494e+00,1.359473175411968771e-01,-2.448572111758845438e+01
-3.054293541213695562e+01,4.052236239080849733e-01,-1.480169317717866839e+01
6.175358728012662723e+00,9.757382283575058990e-01,5.161615928180165458e-01
-6.763050558219860342e+00,5.368944924949267117e-01,-1.867045372200615949e+00
2.509157368600493321e+00,1.154317327403772166e-02,1.498537468812512770e+03
1.347584660272265111e+01,8.248723412088301288e-01,1.576059872077678836e+00
8.620905836615018814e+01,4.339724420264167160e-01,3.642660811247274921e+01
-5.846179833536345960e+00,1.670092923140628904e-01,-1.667942346832559153e+01
6.756465836843160488e+00,2.943748848237317042e-02,6.204520331429232556e+02
-3.743845267250652142e+00,6.696988097495791548e-02,-6.642766287592321817e+01
-3.394432934927158030e+00,8.118890237108373764e-01,-4.097925215158711443e-01
-6.227383119808520107e+00,4.743219122126015458e-02,-2.202669532953287046e+02
-4.740739379544081800e+01,1.389091504571636215e-01,-1.955124897459463966e+02
5.051343824517136483e+01,7.358789663473012943e-02,7.423082492183240220e+02
-4.869530090639433872e+00,1.113015917561573920e-01,-3.128055421719868079e+01
-7.901684325276943532e+00,8.148368927338009993e-01,-9.470402635802538382e-01
2.483668945749552215e+00,3.206720808358521496e-02,1.922036112914824741e+02
-2.702502434693590416e+00,8.901534703572734353e-01,-2.714103788284539798e-01
1.379532284037344603e+01,7.891307674037916220e-01,1.762885280297162627e+00
-2.286262288427604261e+01,2.742346267379625613e-01,-2.419199070445764832e+01
1.626473933476896860e+01,6.701552592962636279e-01,2.881949609838793336e+00
-7.047226644666146456e+00,8.304490179040003861e-01,-8.131720134241839926e-01
5.147517820813011902e+00,7.770788606993034309e-02,6.783562102645196035e+01
4.225112018745044651e+01,1.461444708456930905e-02,1.574213329538807375e+04
6.756692355142432049e+00,3.280807401753350894e-02,4.995314186898876301e+02
6.798336276918818477e+00,7.333155025414908601e-02,1.006030266037722072e+02
5.681899252998177730e+01,9.528057145657861660e-02,4.980523096621227523e+02
3.928343255811231227e+00,4.416280913915680145e-02,1.602825281840180480e+02
-9.901563223941256808e+01,1.584915545158327999e-01,-3.136762596758646851e+02
9.963890494799308328e+00,1.360702892270778015e-02,4.282451627241630376e+03
5.446995336336073024e+00,1.553838400187035861e-02,1.795293421014501064e+03
5.010447800355533943e+00,1.968485560033403081e-01,1.028968811348629586e+01
-4.978600579220048949e+00,1.955928070060016302e-02,-1.035599095517844262e+03
-2.097474578987045035e+01,5.866524105610078366e-02,-4.849814446795773506e+02
-2.164136688782113183e+00,9.978051431550952755e-01,-1.729750032235581603e-01
2.227724112833958969e+01,8.086116561505367617e-01,2.711262372274063193e+00
-1.354615872443752256e+00,4.409548258513418251e-01,-5.543934571726255589e-01
3.668019307974096588e+00,2.189911887320265815e-01,6.086511780987858167e+00
-3.447102450040773203e+00,1.798052145443341382e-02,-8.484763898372412996e+02
-6.276499432248704125e+01,3.376960457074017208e-02,-4.379814120017369532e+03
-1.994790454682011660e+00,5.783701222224933991e-01,-4.745431597789032119e-01
1.206878461537042746e+01,1.612837758076537953e-02,3.692090250209309943e+03
-8.380934243673996775e+01,4.256790967875676013e-02,-3.680594055398765249e+03
-4.073162570402876881e+00,1.077028945658455895e-02,-2.794262031419501909e+03
-5.098012771577487889e+00,3.032309779575751429e-01,-4.412085521183182202e+00
1.111514979187901986e+01,6.930686588312327812e-02,1.841420338101532082e+02
-8.080611609526152961e+01,9.701020660708774279e-02,-6.832812605332462681e+02
1.276920945276854447e+01,8.842663561640186076e-01,1.299534888359123785e+00
2.220774379925394015e+01,3.043288918406283905e-01,1.908131079364929050e+01
-5.828192947888537923e+00,3.104277725608453262e-02,-4.812856574657007513e+02
8.752929290193057099e+00,7.050389783131955079e-01,1.401255404091463319e+00
-2.158289378651401691e+00,2.555368620958591297e-01,-2.630223746883089131e+00
2.010944825182511941e+00,2.973785553715703467e-02,1.809551701902257719e+02
3.699312007703944083e+00,2.061905002004794929e-01,6.924266805832094640e+00
-5.065529937091368140e+01,3.141721277808094681e-02,-4.083943410301807035e+03
-9.509593561699593067e+01,2.654516724974088915e-02,-1.073942822109331973e+04
9.609918216316126305e+00,1.096006973783052521e-02,6.366242720786479367e+03
-3.749152160962477609e+01,5.616858602965881797e-01,-9.456626149737852316e+00
2.579452310698495232e+00,2.433190508844008948e-02,3.467092363855153394e+02
2.148109083402318209e+00,1.554749988417878509e-02,7.071724661585775493e+02
-5.149679834500118147e+01,4.647613596462082941e-01,-1.897187863797070762e+01
-1.725363839880808881e+00,3.194261632667389633e-02,-1.345643003674405236e+02
-1.592742129183549160e+01,3.836277843542190702e-01,-8.612227557789401189e+00
-4.477756468596554740e+00,2.498806769363333749e-02,-5.706702837606984531e+02
9.185271348474890374e+01,6.843818747889947318e-02,1.560576735490613146e+03
-3.461859838477020901e+01,3.568977746229914233e-02,-2.162777966226212357e+03
-1.341142773243195752e+00,3.843381106978603912e-01,-7.225006594922898095e-01
9.225056250957675275e+01,1.649158887839729387e-02,2.699194371641804173e+04
1.804914640488381750e+01,1.522921317481619810e-02,6.192868695433977337e+03
-2.685157643019278595e+01,5.231205272026836495e-01,-7.808298360978820796e+00
7.171323629256475840e+01,6.888320779803701333e-02,1.202715009943928862e+03
-3.832244639511715345e+00,1.700234540021833551e-01,-1.054934977972384935e+01
2.820866249304633921e+00,1.587209373073069155e-02,8.910543437741533808e+02
1.438350386743890486e+00,1.585251062220022211e-02,4.554688964008365701e+02
6.131047981366547717e+00,7.919552874015506339e-02,7.778995594762260168e+01
1.695168295172687678e+01,2.194404540397943554e-02,2.801364177160537565e+03
6.648489686736373194e+00,1.771621255693841060e-02,1.685665393415944436e+03
-5.527620990855395711e+00,7.226644121173707302e-02,-8.422772235161757237e+01
-8.050870328250814723e+00,6.508479889160934118e-02,-1.512424950134236781e+02
2.121836867946273575e+00,4.134820086049783017e-01,9.876177633308653725e-01
3.512840796547120448e+01,3.194872526713756627e-02,2.738681538650853781e+03
2.289282806862718544e+01,2.958752802472789517e-02,2.081000660282376430e+03
-1.293235350435501552e+01,1.934421330176629150e-01,-2.750208112191634058e+01
-2.962459530269670349e+00,2.112281117294756774e-02,-5.283711895250240786e+02
-3.415463571258553266e+00,8.870560674779164045e-02,-3.454121833682176401e+01
-4.368135629727389002e+00,2.642821966842088255e-01,-4.976802823482382898e+00
3.640993015124499976e+01,2.604669569141233598e-01,4.270755506578594662e+01
1.085640191583049585e+01,2.100403780531993336e-01,1.958260511300023410e+01
1.875676846776982210e+00,1.378721889464406825e-01,7.852262543249011628e+00
1.718459323432934394e+00,2.391587332900749555e-02,2.390875180460917022e+02
-2.093506590750410901e+00,1.324874161386748184e-01,-9.491070686954683921e+00
2.804334705518721194e+01,3.833006743644585268e-01,1.518940688904073610e+01
3.849482355223612817e+00,1.227271493430984323e-01,2.033813734572913035e+01
-6.284267102044678666e+01,1.810487475142793373e-02,-1.525645815539212344e+04
-3.328763107207595340e+01,2.227411935970373957e-01,-5.339147763614237618e+01
-1.645326404032814338e+01,3.116236017254084625e-02,-1.348284424789073455e+03
-4.545605266681267409e+01,2.694482474786607379e-02,-4.982314395670956401e+03
4.872205515749246096e+00,3.662668652152911708e-01,2.890150590677049269e+00
-7.943781482142980188e+00,9.484929015047841028e-02,-7.026665101161729865e+01
8.820786851081260238e+01,2.367113568818285108e-01,1.252735180621271525e+02
2.221366685749880787e+01,9.673341067509989843e-02,1.889110618400769397e+02
7.363556069805891013e+01,3.602299705018840309e-02,4.515626874243755992e+03
-2.757273195246265907e+00,8.653476757384112594e-02,-2.930142028430817192e+01
1.175834779349757664e+00,1.180053092884373045e-01,6.719444060392063101e+00
1.945010713060902896e+00,6.967053734929657960e-01,3.188701113650591612e-01
-1.203757736030247116e+01,1.023853506876037378e-01,-9.138051110915324671e+01
2.595098748465022531e+00,1.140452004638379049e-02,1.587778797817282566e+03
-3.544307282390933178e+00,8.254699302152179730e-01,-4.139224555416312068e-01
-9.000820761497608657e+01,7.535990540818041650e-01,-1.261222064990673353e+01
-1.660571993244333910e+01,2.126697335809393241e-01,-2.921705720701351083e+01
1.973954639455795412e+00,1.768972068036892276e-01,5.019787740509640273e+00
-1.407980703327623750e+01,1.210915767135124360e-01,-7.641154315948423914e+01
-6.633226389793276212e+01,8.484764050278194303e-02,-7.332218804471186786e+02
4.673029631587637311e+01,1.422170269496748039e-02,1.838592481927732297e+04
-6.469607612012569575e+01,2.589233872077130183e-01,-7.679368667793700354e+01
5.794941548098616835e+00,1.071936167702058039e-02,4.013297427405761027e+03
8.842513407265238712e+00,2.368619184498288177e-01,1.254224782811047767e+01
-2.419606247159482137e+01,6.530543221328162506e-02,-4.514776095425716562e+02
-3.394829182357428810e+00,2.227631946205189950e-01,-5.444038500455506302e+00
2.896440404483496422e+01,1.933987827047001229e-02,6.162362764683307432e+03
1.676368217505502356e+00,1.180040844352196402e-02,9.579999249646626822e+02
-2.662686068990241495e+01,1.748630251979689798e-01,-6.929695106632910040e+01
-2.779602018068406011e+00,1.111909831803567505e-01,-1.789095871354156486e+01
6.138884088321705512e+00,1.232492473519484349e-02,3.215962808140530342e+03
2.592089202086141242e+00,1.316233117354687412e-02,1.190623503206303440e+03
-1.776028576098558798e+00,6.175280712221521001e-02,-3.706181438475769596e+01
-2.811014670083800127e+01,4.816655779881894861e-01,-9.641886759637381843e+00
5.711607561680651202e+01,1.451313935121853471e-02,2.157872425274334819e+04
-3.978083997815551953e+01,2.363034179308035748e-02,-5.669230021695918367e+03
6.772952224315473302e+01,5.056943082514769178e-02,2.107618572962500366e+03
4.690561031229603373e+01,1.410685069990041431e-02,1.875662894958449397e+04
1.137268724518702179e+01,1.541333022678113146e-02,3.809432350927149855e+03
9.009794603820235892e+00,2.572644516045467095e-02,1.083291825553867511e+03
1.410518644776129538e+00,1.418959925335308569e-01,5.574792496850570878e+00
-5.406940954122442378e+01,9.006011613979349184e-02,-5.304894575309433549e+02
2.443429885971956139e+01,3.057271392352218786e-01,2.080281143254212139e+01
-9.697636191495936586e+00,3.174128912825613935e-01,-7.659614301187164465e+00
-2.080914542127392686e+00,1.883664706757989804e-01,-4.666993325445296215e+00
-3.488239635528095128e+00,7.262407812799653861e-01,-5.263021973914269180e-01
2.271861589638087509e+01,6.792727941952219073e-01,3.918172600141094808e+00
-1.235607681986179207e+00,6.618863557873214121e-02,-2.244418700278993839e+01
3.568470642979061580e+01,2.506387577782028253e-01,4.520388958076850372e+01
3.905415328879308134e+01,4.427584838062905703e-01,1.585344241263107179e+01
2.579402461440221117e+00,1.110956582805592251e-02,1.663087397616587396e+03
1.742459740755791131e+00,1.026032779511765469e-01,1.317135384269969300e+01
-1.200618388181163398e+00,5.858101840614650113e-01,-2.784077315038540612e-01
3.809723295318715230e+00,9.872822524019758683e-01,3.110290180488265999e-01
2.833384958384065300e+01,4.672499384663491434e-02,1.032754781316848721e+03
-1.826479245003448160e+00,8.499638871392277417e-02,-2.011888598548539520e+01
8.130133605574272337e+00,4.165591457498973860e-02,3.728502773308969722e+02
-2.262472728400637223e+01,6.720246425074268004e-02,-3.986603942584688411e+02
2.516337599173877138e+01,2.005498314842093510e-01,4.978682599805291886e+01
-1.265328237341218465e+00,1.002974146263958255e-01,-1.000953400421184725e+01
-8.850487728845540403e+01,1.280072945706262934e-02,-4.298212694492934679e+04
-9.585307409346997431e+00,1.365687081638058964e-02,-4.089721917506679347e+03
-6.336019516614525315e+01,5.126612209319847402e-01,-1.918428896197364608e+01
1.559885069260806834e+00,1.706995552331285609e-02,4.260081993905113222e+02
2.208404731631498663e+01,1.340347650496951093e-01,9.782140362156584956e+01
-3.437861035028878121e+01,5.516356811374330954e-02,-8.990291105127959099e+02
-2.945983868232958880e+00,4.243543457229446980e-02,-1.301856729164511535e+02
3.337332320961812826e+01,3.605377798386378840e-01,2.043092503740060906e+01
-3.914347455788720342e+00,4.663857838462288075e-01,-1.432052372222524683e+00
-1.498323814469724180e+00,3.850688097983947372e-02,-8.041167950551604804e+01
-4.603937846994350735e+01,2.632400413699803599e-01,-5.287077630841637443e+01
-8.614935838414178093e+00,2.569306996139856039e-02,-1.038508808084465954e+03
-1.104089428698730613e+00,8.579760410752136357e-01,-1.193559480910438286e-01
2.479897741535678879e+00,7.928043521009650041e-01,3.139726785033525314e-01
2.845792315119982874e+01,3.295948034138108246e-02,2.084647488208627237e+03
8.254464200679809238e+00,2.718256662682894120e-02,8.889925099865093898e+02
-3.812215066773415373e+01,1.756278380592319888e-01,-9.835146171412607430e+01
-3.025889325452510992e+00,1.555230533103970497e-02,-9.955283390806501984e+02
2.659682847396435790e+00,2.144299389268573483e-02,4.603086590669760767e+02
3.404521624243298561e+01,3.737900049393176605e-02,1.939058289373216212e+03
-8.401158807612350898e+00,7.182784314736536668e-01,-1.295817017453251507e+00
-2.238869740234961014e+01,8.852830204586870089e-01,-2.273289224385162566e+00
7.514750593837119652e+01,4.304504580608177200e-01,3.227441349228408285e+01
-6.682289227703201107e+01,6.297674731246725999e-02,-1.340772065922491038e+03
2.218417799674742952e+01,1.004905486781938057e-02,1.748167500618517442e+04
3.233648494635593895e+00,1.678905168694399055e-02,9.129155675832391807e+02
7.461950491645667682e+01,7.264313241517328379e-01,1.125261275315038390e+01
-1.039951754392736483e+01,3.835783389042818903e-01,-5.624645810455425554e+00
1.016240638861892087e+01,1.603158109747334151e-02,3.146545248834655013e+03
2.503244091435803398e+01,5.411618447822198474e-01,6.802037134329211199e+00
-4.484694166980323082e+00,1.194691062879619896e-02,-2.500412941090041386e+03
-3.122266862934547138e+00,1.526072098349162132e-01,-1.066866434473657321e+01
-4.285757478258601338e+01,2.761486744897485510e-02,-4.472308995539375246e+03
1.412086705771968820e+00,1.105646336573824912e-01,9.192190957677576435e+00
1.337373093081903086e+01,3.735110396061924187e-01,7.628441713889211329e+00
-4.022290529239531054e+01,1.371347103583282420e-02,-1.702036170605590814e+04
1.172542000469869006e+00,5.501272804279724177e-02,3.083132436968007539e+01
-1.369768151961688440e+00,5.941534225906505706e-02,-3.087734810231494365e+01
-6.881406427691915795e+00,3.943245220020485386e-01,-3.521760139697243996e+00
-1.020067802238043342e+01,1.524471695949989047e-01,-3.492854096091732430e+01
-2.697241292469387375e+01,1.193159926949485528e-01,-1.507691956773389563e+02
-1.165368620376676212e+00,4.505279877489790780e-02,-4.568881612087516686e+01
4.054245545049292687e+00,3.389398845906776980e-02,2.808373262719106833e+02
-1.839993763893033218e+01,5.131709724117789612e-02,-5.560096409856536184e+02
6.885778039799072303e+01,3.787408737311832585e-01,3.819959881343763897e+01
-3.811268938107729376e+00,7.449861871979577277e-01,-5.464661812232675109e-01
1.178761349601020303e+00,8.928517829857740562e-01,1.176677049541932224e-01
-9.185014606727118291e+01,4.391006925300932617e-01,-3.790894892032893893e+01
1.110138349666179636e+01,2.397882618229384144e-01,1.536425131617035156e+01
-2.092812536500526122e+01,1.193977385986668971e-01,-1.168229749527551036e+02
1.258277214230121510e+00,6.924759969746310251e-01,2.088127532544458431e-01
-1.570130455161135252e+00,1.080664813957628832e-02,-1.069901634560419780e+03
-8.374610705597601168e+01,1.270650331366543137e-02,-4.127648015763683361e+04
4.230309529539320046e+00,2.876497890662774171e-01,4.068498515141044436e+00
-4.264522805337803923e+00,2.749192727268314623e-02,-4.490039943302851952e+02
7.410903225421232143e+00,1.941594094763172407e-01,1.564387701955107701e+01
1.476266977469480857e+01,4.620452659475054319e-02,5.502828670781142364e+02
3.888602103402769217e+01,1.225018677253350043e-02,2.062045397056295042e+04
7.290401042831850198e+00,2.520644258059021592e-01,9.131002054561861314e+00
7.823215904324139380e+00,1.422666404235156841e-02,3.075879376258050343e+03
-4.705669701290577223e+01,5.171379861510842779e-02,-1.400227801533129423e+03
-1.756184785496294509e+01,7.995615406235888623e-01,-2.186032196589428711e+00
6.142727161164881267e+00,5.101645870753802881e-02,1.878152030235540622e+02
7.152480342782200573e+00,1.607459143154773840e-01,2.202758685598559651e+01
8.960902146305562610e+01,6.321107061935166138e-02,1.784660364637857583e+03
2.986369527191789430e+01,1.360542196615922156e-02,1.283836296457622848e+04
-1.915346975397910256e+01,3.650253539185327467e-02,-1.143909152313843151e+03
-4.255448899240436589e+01,2.951064569813675598e-01,-3.888464081341685130e+01
5.378608252756825436e+01,4.901204956644793498e-01,1.781780992809330755e+01
7.510929133532498803e+00,1.133144802742315840e-02,4.654928107530992747e+03
-1.013924059551276402e+00,5.107125627414802610e-02,-3.093445596873225867e+01
-1.185670389443853390e+00,1.103988219318891364e-02,-7.741502028835997180e+02
2.137943899316026908e+00,9.305382856980447259e-02,1.964798185344753989e+01
-8.267864841374752416e+01,8.292425868901062702e-02,-9.567981100983478200e+02
-3.229688328556799348e+01,2.337795678764087795e-02,-4.702595749319160859e+03
6.374948503183645698e+00,7.739553295371184860e-02,8.469056427726356162e+01
-1.113766711102968365e+01,1.658613882067335732e-01,-3.221764392814355915e+01
7.551679886705625222e+01,1.117051856777099977e-01,4.816006212487915263e+02
-3.256708089095361913e+01,1.131490701653392952e-02,-2.024263247416564627e+04
8.987669038092143126e+00,1.466731462166769202e-02,3.324573904811091779e+03
8.088837294617160723e+00,2.588073187869212588e-01,9.609994268482825674e+00
-6.018913480199567800e+01,6.811184451071415902e-01,-1.032435558210180204e+01
-1.013334722266059273e+01,2.279040490588552653e-02,-1.552526342644767965e+03
1.127059490294879174e+00,2.014989712068671890e-01,2.208977590338617514e+00
9.036196255443969960e+01,7.510943883553329314e-01,1.274637690341812579e+01
1.383770966938623381e+01,2.193943270231856271e-02,2.287723656496516924e+03
-1.963701406383404180e+00,7.691314499560578666e-01,-2.641584130706316480e-01
-1.924588286489715117e+01,1.818262715458889012e-02,-4.632492314788870317e+03
-5.422530635319481007e+01,8.379826545709208319e-02,-6.145002894361479093e+02
-4.831909888705469314e+01,1.690062310296194248e-01,-1.346181224036298829e+02
6.556830929295583132e+01,1.793154009890825934e-02,1.622739986422076254e+04
2.051375860603353640e+00,1.333624461028445722e-02,9.178427280818996223e+02
3.317720757634893936e+00,9.891215857550174351e-02,2.698550853748673006e+01
2.949137400182100421e+01,9.940380841120570743e-01,2.375084664415939351e+00
2.722335515055248845e+00,1.156314741583266970e-01,1.620241158040667884e+01
-8.363006831859948420e+00,5.179328307789408253e-02,-2.480879700512005570e+02
5.484202786738102908e+00,2.091856702499745313e-01,9.973320582136116386e+00
1.926123697089007791e+01,2.133102805322335122e-02,3.368610023984314921e+03
-6.025141294528621572e+00,8.824501512394709035e-01,-6.157111355319797585e-01
2.516312276255513325e+01,2.470578657760634789e-01,3.280630373968978830e+01
7.323914288506290404e+01,1.189454472948971164e-01,4.119435824160693187e+02
1.684449466257428973e+00,3.262765007745582063e-02,1.259147277069193933e+02
1.982452720392665846e+00,2.284738104053082863e-02,3.022178593287286503e+02
4.421807993141918303e+01,3.212687929275434007e-01,3.409203560010576695e+01
9.121430388315700100e+01,7.747965358630078958e-01,1.209143215674007266e+01
1.021885707027878709e+01,1.485815110781203985e-01,3.683519040508770104e+01
4.818878303980903333e+00,3.907498349746160032e-02,2.511530682698188457e+02
-5.805679848165797630e+00,4.898616759169251433e-01,-1.925290603335525264e+00
-1.154254137420093684e+01,2.198182641495449174e-01,-1.900920822257930709e+01
-3.819074463910121153e+01,6.398410695217199295e-01,-7.423420071260494524e+00
1.403122008575086177e+01,2.265073422921881977e-02,2.176311235031086653e+03
6.554257423499530333e+00,4.417500074424111217e-02,2.672763301790150763e+02
2.393415577582642584e+01,4.382377729109950271e-01,9.917189994308060363e+00
-1.660652123515347967e+00,1.870910388472353525e-01,-3.775398754397172763e+00
1.426206134348013777e+01,5.977036129000070641e-01,3.176879001562524785e+00
1.469645995884538037e+00,1.566360151854666316e-02,4.766719752260525524e+02
-1.053820552885963879e+00,3.336669947292686400e-01,-7.532346688518556377e-01
-1.514912764093494424e+01,3.137473521565772860e-01,-1.224665890938043944e+01
2.689830931098193822e+00,4.310797423925923078e-02,1.151860511823460484e+02
-2.912288059574674737e+00,8.215975469142965115e-02,-3.433256079688392504e+01
-3.711011265432844652e+01,8.407139624229993669e-02,-4.178167902254256205e+02
-3.819572533499099976e+00,3.165758780944671891e-02,-3.032838309890098571e+02
1.655460640078942891e+00,3.453535299156071936e-01,1.104539360759557498e+00
6.027695393212463060e+00,4.009094716861433261e-01,2.984343434317010768e+00
4.598797336291925220e+00,6.532547311209603580e-02,8.575694071406553576e+01
-3.545496243193755248e+01,2.231063132640609403e-01,-5.668177555319385164e+01
-2.904760625330301327e+00,3.343293650461108268e-01,-2.068004302270789907e+00
-2.236558267991050286e+00,2.768114241489703087e-01,-2.322749277621529718e+00
-1.657139407569296097e+01,2.699269169463336393e-02,-1.809909220584450622e+03
-7.694041731221582836e+01,2.877741701519123327e-02,-7.393346372727007292e+03
-4.552609655193813332e+00,1.819373034880589907e-02,-1.094478018677826412e+03
1.613044898854006348e+01,2.069035752617124913e-01,2.998476168772204531e+01
2.478958240055222362e+00,8.255502016541064192e-01,2.894492117114835228e-01
2.557251076393988409e+00,5.829025830564062982e-01,5.989237654940543498e-01
-4.653425150260712684e+00,1.168957848645328472e-02,-2.709974262143797205e+03
4.698688773204192870e+00,6.179357220988043187e-01,9.792198569948157294e-01
-2.114424797217819929e+01,1.365757865305952841e-02,-9.020590310483748908e+03
-1.516838968532291165e+00,1.113431655835076493e-02,-9.736491395238616633e+02
-6.262887302954645463e+00,1.484835692486558868e-02,-2.260517823815109750e+03
-1.305033763830136362e+00,1.562598721842800853e-01,-4.253211254436813249e+00
-9.267895401084320639e+00,2.562721906371283678e-02,-1.122970369024162437e+03
-1.591967758486297679e+00,8.932282435449120928e-02,-1.587813573369559705e+01
1.750791260441894481e+00,2.410162607669852006e-02,2.398456340627768668e+02
9.355255289130671059e+00,1.090925343449624697e-02,6.255409093099688107e+03
-4.474234447642018608e+01,5.913069615827737380e-02,-1.018316753739905380e+03
-1.698136731483710138e+00,5.262660593349097887e-02,-4.879238738524252028e+01
-4.900793619631080844e+00,1.500156627423664957e-01,-1.732939256996107957e+01
1.447057407104486160e+01,5.992590240406998614e-01,3.206614346625691336e+00
-2.847688381658656809e+01,9.535643131797878758e-02,-2.492198444295796946e+02
-3.170636293243352455e+01,4.268629272979364286e-02,-1.384712733491042854e+03
5.096012689688747344e+01,2.768152216330589943e-01,5.292254264351720394e+01
-3.590450794578836646e+00,1.452450937393491397e-02,-1.354366405964829255e+03
5.917581782045919780e+00,8.573425353788737269e-01,6.406571284050542880e-01
-1.239430242146174033e+00,4.984175842051096622e-02,-3.970320014151106136e+01
-4.555603419223833050e+00,3.858588767821029553e-01,-2.434888366537157012e+00
1.125909981237683821e+00,1.060342190284344413e-02,7.968961361657068210e+02
-2.186392504496664113e+00,7.197266444386522799e-02,-3.358791956389010380e+01
5.962629235909692937e+01,6.301614633975156643e-01,1.194879909807465879e+01
-7.570878987185926690e+01,4.295023030983998596e-02,-3.265919279635766543e+03
-3.005743358765237350e+00,8.867657663595406303e-01,-3.041754747560310168e-01
-6.713034515417038328e+00,3.716249226251833182e-01,-3.868114779585568819e+00
-1.388933204006386823e+01,6.780446237837858825e-02,-2.404113364576762137e+02
-1.686046904608956565e+00,1.543877156716403076e-01,-5.629039618909958520e+00
1.254305097794703094e+01,9.197392989675776120e-02,1.179950629135708482e+02
-7.575890313008190269e+00,8.821319264780419500e-02,-7.747413447075301463e+01
-2.488800963794217935e+01,5.388925533768323950e-02,-6.819867506975741662e+02
6.840045231767208911e+00,6.508575392125394432e-02,1.284923375318512626e+02
-1.423928659661894969e+01,8.581621175797204959e-01,-1.538649459697982946e+00
6.755132047395711936e+01,5.456977990560640812e-02,1.805176098357417004e+03
7.482990128863717416e+01,1.255054631541793579e-02,3.780419954331517511e+04
-1.860453047606141386e+00,7.084649086329745105e-01,-2.949661383258941338e-01
2.234498230113328709e+00,6.040813840144614033e-02,4.872807404515792484e+01
2.832254894527086897e+00,3.644881282178849546e-01,1.696507160807633863e+00
-3.265144970340043251e+00,1.624739627215075199e-01,-9.842945001098698299e+00
-3.350937429810733281e+00,3.044707365128300758e-01,-2.876506362562632813e+00
2.307629341384410004e+00,7.200535441281762372e-01,3.541820959532379631e-01
6.647266034221325981e+01,1.510437001986990845e-02,2.318611383745489729e+04
2.295297782710328960e+01,7.657542905559769353e-02,3.114944373176043655e+02
1.936922635890076627e+00,5.435002509667172244e-02,5.217986037112478215e+01
6.238056602917821181e+01,1.028776921561839613e-01,4.690261108345137018e+02
-4.323232183277204044e+00,2.379912285210672718e-01,-6.074028070255343081e+00
3.098772896527748788e+00,1.573648509708047011e-02,9.957823291147510645e+02
3.567452489981911867e+01,1.850930474024390093e-01,8.286442525876202581e+01
-2.492701839553610021e+00,6.220925945574152377e-02,-5.125667227625642397e+01
-4.665084979062851289e+01,2.898454702278080442e-01,-4.418925301557669627e+01
1.193859295686510613e+00,3.686330113942733189e-02,6.991250013215405090e+01
6.227294490639316393e+01,1.455933722415915510e-01,2.337794483510990915e+02
1.633003233667766452e+01,8.476375320508323929e-02,1.808659542375489480e+02
1.662577256666044789e+01,2.021073603548484421e-02,3.238975860517763067e+03
-9.254237726127936270e+00,2.422507168449408027e-02,-1.254875516233006920e+03
-2.539627366130419617e+00,3.571451299735137197e-02,-1.584421289466605174e+02
-9.788330172303753329e+01,3.767184685265699828e-01,-5.488642224956867466e+01
1.409457741961145372e+00,1.864650878292370764e-02,3.225872032518737456e+02
-2.757387254717624359e+01,6.300444843491674607e-02,-5.527712817447828684e+02
-5.523897427922064907e+01,2.179130468759066588e-02,-9.256978935578434175e+03
4.225315290173409011e+01,3.045315353654501345e-02,3.625640279367956737e+03
-1.830483762057048436e+00,5.321407136637532620e-01,-5.144024651916396795e-01
8.185807288569795048e+01,5.885311404189702555e-02,1.880670696728355551e+03
1.112841504110085822e+01,1.500618469154087892e-02,3.932628080495019731e+03
-7.646010215067085447e+00,6.786593238564574415e-01,-1.321056431382005902e+00
-3.335757436995945291e+00,2.672291533517248338e-02,-3.717208550618814229e+02
-3.985872583331853569e+00,9.851903153235571642e-01,-3.267934020243839499e-01
-1.326710992804196110e+01,2.145685770260478964e-01,-2.293159280693439328e+01
-1.060613226617404203e+00,3.938644284262507456e-01,-5.440685918728292991e-01
1.861771584197794738e+01,1.050891521294354015e-02,1.341531137318250330e+04
7.230153767959628830e+00,4.191348634366593995e-01,3.275141712563791163e+00
-6.193875287302311250e+01,3.675885706437738709e-01,-3.647779628627387183e+01
-2.044083244292087986e+00,4.628224800740289580e-02,-7.593811697457442733e+01
-6.057223760075171981e+01,1.404518528716262871e-01,-2.443480105762662333e+02
-5.074002110866584303e+01,2.471710953561259416e-01,-6.609147055508829283e+01
8.580057825688297157e+01,1.165788722225744589e-01,5.023896127168691237e+02
3.954178986796316764e+01,1.119165319522722433e-02,2.512221754899370717e+04
-3.648802761748062551e+01,4.339629412807648468e-01,-1.541825541451441239e+01
2.080351546254005868e+01,1.158603700439208607e-02,1.233266809089827257e+04
6.886627021468008536e+01,5.504263476923456494e-02,1.808832153708143323e+03
-4.654395234495711797e+00,1.267669792619645179e-02,-2.304841748954669583e+03
-7.196670519643358688e+00,6.351602508230015376e-01,-1.419564509501622718e+00
-2.344081364024924063e+00,5.606112783547539946e-01,-5.935251915650852084e-01
1.590993910076111995e+01,3.436375125709287964e-02,1.072154863108323070e+03
-1.666534943591382323e+00,2.129674545247494388e-01,-2.924004792884026482e+00
9.009665267112468712e+01,6.798083147185772501e-02,1.551407361352664338e+03
-8.236672305810468941e+00,1.693206796911711498e-01,-2.286240520036634649e+01
3.785556369951879674e+01,1.085929512576011557e-02,2.554562785243381222e+04
2.466671747726158159e+01,4.143513624606953022e-02,1.143309871183676933e+03
1.783992476649297743e+01,1.115175929249332953e-01,1.141553792137586640e+02
8.209203146264884765e+01,3.482290443222518794e-02,5.387175909451675579e+03
-1.284775326662722428e+01,6.990139021877239678e-01,-2.092404749832508237e+00
5.668502259742302485e+00,1.383382016251905045e-01,2.357079381189388201e+01
-3.238180331042433835e+01,1.521423237046751545e-02,-1.113245828394807722e+04
-3.429584405877151454e+01,1.404941543016346162e-01,-1.382659120981594185e+02
6.873569754878096205e+01,2.204359510917442214e-02,1.125661025533251086e+04
-1.099452519248611759e+00,5.871485096474654553e-02,-2.537877696162723851e+01
-1.389973621898654255e+00,1.003944551515546096e-02,-1.097431041443465347e+03
1.404359406378688169e+00,3.079344835220766963e-01,1.178560150851180044e+00
-5.146774655790677144e+01,3.833971404261856675e-01,-2.786297921354407947e+01
-2.152989493615444516e+01,1.818579803372917247e-01,-5.180448006086155033e+01
-1.719242125049111181e+01,1.157988539893520762e-02,-1.020278316612983872e+04
-1.929504469455910476e+00,2.452394734344347793e-01,-2.553025631258737604e+00
-4.461378234459288450e+01,3.717286602814610930e-02,-2.569254271087110283e+03
1.340870973719078307e+01,1.104044133203939231e-02,8.753953935578070741e+03
1.180256857736031062e+00,4.263287022267506221e-01,5.167464767246396917e-01
6.582527249452250651e+00,3.326713106360080358e-02,4.733170000034996292e+02
1.536783076886405919e+00,4.639260833608237489e-01,5.682050957443814942e-01
4.075542975359272901e+01,2.328463372091951755e-02,5.981867536054114680e+03
-6.180221822428433320e+00,5.614458231699008817e-01,-1.560193587573257101e+00
6.746815550574196685e+00,9.685942907929019352e-01,5.722755132459357297e-01
8.155848927307475549e+01,8.537559842162738555e-01,8.904136047779864782e+00
-7.495367815678213219e+01,1.374934442993379080e-01,-3.155143400757294785e+02
-7.437004091801377115e+01,1.154680593063831112e-01,-4.438788203651293998e+02
7.511986413434751597e+00,1.758477822307498162e-01,1.933174860845889498e+01
3.381687848440053656e+00,6.260424498179371078e-01,6.866194291518160631e-01
4.667569424734923977e+00,1.717775973184479943e-01,1.258774320296893734e+01
2.848319338274718948e+00,4.243898084619452532e-02,1.258487547140196483e+02
-1.299222285159819412e+00,2.277058463774010375e-02,-1.994000370205087904e+02
-4.725987334071179902e+01,7.157637349656770231e-02,-7.340798585941473675e+02
-2.219734638910647462e+01,4.286107486986329707e-01,-9.615349597812514304e+00
-7.870880043684755378e+01,3.735910742510608618e-01,-4.487665170767996159e+01
2.371580859216507076e+00,8.745853724758749781e-01,2.467309628874276017e-01
2.992812011815661677e+01,3.678308917060889999e-02,1.760245222521265305e+03
-4.287718839239455626e+00,8.289838649197514009e-01,-4.965057473299012147e-01
5.264193419553883757e+00,9.564101530624753711e-02,4.579664024250246257e+01
5.928963170604606603e+01,5.642179991483776968e-02,1.482091496805067891e+03
3.744654907807964861e+01,7.638394807565616063e-01,5.107374841302165791e+00
-1.715677009636461747e+00,5.473252102272951891e-01,-4.557584847583268095e-01
8.327100976348434358e+01,7.488046895218401777e-02,1.181807810428266976e+03
1.557701321544307760e+01,9.125575444004619952e-01,1.488517019025902277e+00
1.097566092370217516e+00,1.770075971500659762e-01,2.787642033411687148e+00
-2.933856235751948649e+00,1.871684305866438691e-01,-6.664441608994755128e+00
2.298987233747582071e+00,1.206774327574873344e-02,1.256245648524510671e+03
4.262372562290796196e+01,1.102687180038081603e-02,2.789567615490718890e+04
-3.878254984888877654e+00,7.559646681222011999e-01,-5.400369789144324750e-01
8.637955213855562420e+00,2.325140152127421270e-02,1.271460322791750741e+03
-3.205255998453493760e+01,2.635789563696241400e-01,-3.671397344290161158e+01
-1.094780887170057504e+01,5.000515414343584958e-02,-3.484077461491699523e+02
8.619193944492266724e+00,1.431845469816096783e-01,3.345526616956609445e+01
1.024871649024901288e+01,3.618109068219408919e-01,6.230118486175579839e+00
6.434814088291666678e+00,4.861357141326907438e-01,2.166761370430339451e+00
1.000041424388566114e+01,2.311429233129781366e-02,1.489522002581084507e+03
-1.605901974003792887e+01,3.740626316865053869e-01,-9.133148476305260388e+00
-5.162322677204242538e+00,1.986846011022154745e-01,-1.040655216666945648e+01
3.366723041272295269e+00,2.530741113852800206e-01,4.183136979134737921e+00
1.189338318889920387e+01,8.056613367044106466e-01,1.458110718152382024e+00
-2.946374916638774977e+01,2.093566918502606233e-01,-5.349392324175165925e+01
2.093387188168692514e+00,4.049541368832859090e-01,1.015846334805011519e+00
-4.104129707145573569e+00,4.410365303285333494e-01,-1.679044042203318154e+00
9.480232832228317363e+00,1.441218080399489232e-01,3.632032583651572111e+01
-9.995004455945020183e+00,4.403936657436172131e-01,-4.101011625482825274e+00
4.558788360380658133e+01,3.332429528115867651e-02,3.266762929552619880e+03
-2.249599464776049107e+00,4.955069052536142937e-02,-7.291147999121264434e+01
-6.946729891713107463e+01,8.940226098878109595e-02,-6.916295559679708731e+02
5.833579778763747115e+00,1.503495852674208433e-01,2.053623420654326992e+01
-3.094761423383198817e+01,2.317202467787205650e-02,-4.586583939381585878e+03
-2.404908880161996887e+00,8.107159539638522094e-01,-2.911731487361880477e-01
-2.985758321663151804e+01,4.193465655781174195e-02,-1.351134571235299518e+03
1.692303223198097228e+01,1.165102444571881890e-02,9.920649146011144694e+03
8.175568452270236719e+01,1.933017132799676532e-02,1.741152009923678997e+04
1.544123632436889215e+00,3.821400252223298710e-01,8.414477430729269125e-01
1.382109864432754076e+00,4.552221602997117422e-01,5.307450003094186242e-01
-1.556998442461019749e+01,1.372293106707798416e-01,-6.579373639866084034e+01
7.195736163104096761e+01,5.028059957089777710e-01,2.264980522270075625e+01
-1.600360228030963583e+01,4.515918296380684871e-01,-6.244759738721938902e+00
2.317642603117604949e+00,9.791406105672974258e-02,1.923740438331491021e+01
4.386152068549154137e+01,2.606939317027531094e-02,5.135845808752354060e+03
-4.214505861307841883e+01,4.803876248591831127e-02,-1.453292980509261042e+03
-1.379914903075605537e+01,1.233673329982550582e-01,-7.215095582951771291e+01
1.973870143018032319e+00,7.331859073658988923e-02,2.922001915995463150e+01
-1.541529242399700017e+00,3.526057554210691447e-01,-9.866499766641848579e-01
-2.170202378703415036e+01,4.836723537778945398e-02,-7.382234601552135018e+02
-6.428461205825176705e+01,1.286171849959754331e-02,-3.092424911933787735e+04
1.981369112261767995e+01,1.703854260472508209e-01,5.431135466256912991e+01
-7.151985910447137051e+00,1.549673524312183137e-01,-2.369934589357527344e+01
5.384508263562580055e+00,4.124588556800621447e-02,2.518691164636925066e+02
-1.236487423089648319e+00,5.252956323791598825e-01,-3.565925451049750672e-01
1.000866206820455773e+01,2.480160272553211254e-02,1.294811859894295139e+03
-7.264983949337991298e+00,9.481364323871519506e-01,-6.431068353546280925e-01
-4.859598754339194926e+01,4.118631275992746255e-01,-2.279736863328431085e+01
8.794353254383521445e+00,5.004021352947813917e-01,2.794832172983386709e+00
-1.960955820776185465e+00,1.052580596047282269e-01,-1.408468783487036546e+01
1.302914963688155403e+00,1.061958764864879418e-01,9.193712114574152494e+00
-1.001802401317914537e+01,3.232475127182098812e-02,-7.629600897378581976e+02
-2.280238373197592594e+01,2.076093730746018592e-02,-4.209945483106097527e+03
-2.250381608921469478e+01,2.116501965081548850e-02,-3.997688527425417760e+03
-3.403921705779763940e+00,1.160324537389292518e-02,-2.011920174237829769e+03
8.079130227641103446e+00,9.816684144154795566e-02,6.671524870217979242e+01
4.222536706730973144e+00,5.071210872492658561e-01,1.306592707201041925e+00
-2.606089826902599427e+01,2.237329744924821118e-01,-4.143043791991194524e+01
9.667808986774593549e+00,3.477965996472816290e-02,6.360152570440121735e+02
-6.648525673952359050e+00,5.035501030528792554e-02,-2.086556301570961125e+02
-3.705211688457497132e+01,2.799944702887551817e-01,-3.761007960155883723e+01
1.853462412212928001e+01,1.048967709425661227e-02,1.340447102213273320e+04
1.547964221438387966e+01,7.050469247119341143e-02,2.478078211800684585e+02
-1.760244145733100618e+00,3.159274999002986140e-01,-1.403421686371797206e+00
-2.207437893733137368e+00,4.875602176674343480e-01,-7.389619982421463673e-01
1.649864123955936535e+01,3.743583109333241676e-01,9.368355375225405623e+00
6.023903771919658823e+01,2.785814065709791079e-02,6.176805241595912776e+03
5.758060367667633983e+01,4.105535754529895942e-02,2.718483318144310488e+03
8.444555186501551702e+01,1.212586627535200412e-01,4.570264815587520957e+02
9.250495044535169242e+00,1.820019818086291222e-02,2.222300974843740732e+03
4.974035707122084915e+01,2.185752018721731291e-02,8.285090530081579345e+03
9.353853369933995410e+00,4.674865444192337072e-01,3.405982900677354763e+00
4.035832746116984282e+01,3.603988814245957517e-01,2.472614587104007100e+01
-7.493035162742646804e+00,2.120452653737959214e-01,-1.326144190136534462e+01
-1.320672061796434260e+00,2.638342573610884534e-01,-1.509811592442573458e+00
1.389254197309227656e+01,3.035988274804641424e-02,1.199421069772278770e+03
1.458214675185274523e+01,4.137853903405913636e-02,6.777371544839023727e+02
-1.618867390086920377e+00,7.786371101135024231e-02,-2.124864367930584663e+01
-1.039326849722971513e+00,2.033874047486251488e-02,-1.999374613521544575e+02
5.147427891769312680e+01,6.080327918570676005e-01,1.107965924115577572e+01
2.399783216600368618e+01,2.198284665870840413e-02,3.951793901339470267e+03
3.320724231317838449e+00,3.582433383829228268e-02,2.059049088685282811e+02
-3.990392092117785339e+00,1.376965779249106868e-02,-1.674786350608620069e+03
9.925170077320885298e+01,3.052433891768825402e-01,8.476870715655813626e+01
2.165838273849988482e+01,3.034565050312431483e-02,1.871644044943780273e+03
-1.152197415653821722e+00,7.070534520129513334e-01,-1.834055775478270756e-01
-8.477934175292737962e+00,2.541752035867839848e-02,-1.044272439151619665e+03
-6.593350868525477892e+01,2.904583914776633080e-02,-6.219113281922445822e+03
-2.446850266189761314e+00,1.544525571851406986e-01,-8.162201717667928236e+00
-1.028625544939700731e+01,1.341437097973554593e-01,-4.548904463935501497e+01
-8.596183610052428037e+01,1.161648391129962120e-02,-5.069281735372608091e+04
1.622485436155946559e+01,1.168654567352546136e-01,9.453630456591513109e+01
-6.708738221505440436e+01,2.743211170117472453e-02,-7.094348205528456674e+03
-8.288727516604318168e+00,2.165065935545929313e-02,-1.407134933061691981e+03
-3.204762559207661354e+01,1.449599561938684500e-02,-1.213640039613810586e+04
1.196372482781268287e+00,3.608510499754206957e-02,7.311401017058278740e+01
1.202477474070502872e+01,3.082380757244422911e-02,1.007150832171417846e+03
-8.069036154260949445e+00,1.766520844047493599e-02,-2.057663078137034518e+03
-4.759928775694122649e+00,4.234829898570920959e-01,-2.112120292122388943e+00
1.113315483438639397e+00,9.836643435210025432e-02,9.156184322591105484e+00
7.137169581122992668e+01,1.478813116937673262e-02,2.597105330832646723e+04
-4.482153290130336920e+00,3.525002958425004773e-01,-2.870502105222267897e+00
4.758073924106810892e+01,9.361555363596225643e-01,4.320413367318519882e+00
1.724854564573693594e+01,8.499500152758489302e-02,1.900009822946977920e+02
7.909632568199931768e+00,7.567078901045883044e-02,1.099233412207753702e+02
-2.433140993216959558e+01,2.617134817597076002e-01,-2.826865992553928919e+01
-1.197730740799407911e+01,2.067579128776800279e-02,-2.229590232734544770e+03
5.190632937408648395e+00,4.053488019129543596e-01,2.513927025519161695e+00
5.829212810243250686e+01,1.409259015971990048e-01,2.335707217091319876e+02
1.649404944586241939e+01,9.118922039737057395e-01,1.578448520922761666e+00
1.220463254536064746e+00,1.215984303143894385e-01,6.568389629577162658e+00
-9.026518392311531969e+00,3.931372154138502995e-02,-4.647528834252999559e+02
-7.352937441234135285e+00,6.983350042020644577e-02,-1.199840130786245282e+02
-2.110133761833925092e+01,8.839823632786464325e-02,-2.148883749225797430e+02
1.270105245359587265e+01,1.528058939168466281e-02,4.328621715818357188e+03
-5.404640653777678772e+00,6.269633455509932007e-02,-1.094139399887549757e+02
-8.144264578101174834e+01,7.226443969933672440e-01,-1.241059863119987128e+01
4.147778888709021317e+01,2.032518940697480569e-01,7.989811438568884228e+01
5.789135319176162753e+00,3.701446142019982483e-02,3.362489741609999783e+02
-3.105424216118290559e+00,4.831547493670225735e-01,-1.058616272236853728e+00
-1.333073770924903556e+01,7.209018348916346186e-02,-2.041230540873519885e+02
2.647996520565247813e+00,1.906047689027713099e-01,5.800160631854970994e+00
-9.536854521414667829e+00,3.303575179918182697e-02,-6.953875399472245817e+02
1.134338273116533902e+00,5.137728992365928615e-01,3.419718338568176197e-01
-1.900443895598618838e+01,3.976026758535469718e-01,-9.566357175578554362e+00
-7.412624956804753751e+00,7.277148641765304182e-01,-1.113883246082312262e+00
4.842803010085960835e+01,4.066146231070399270e-02,2.330885570627348443e+03
-2.922379261041113452e+01,6.451143374163298416e-01,-5.587960469073427916e+00
-4.476808074078280519e+00,1.838640820082149407e-01,-1.053816068902346004e+01
3.472766929185181706e+00,3.624198853594321479e-01,2.103980622961917568e+00
1.547502651178834787e+00,1.836575064935175999e-02,3.650935583849220620e+02
-1.050108939717772971e+00,2.954138209065911846e-01,-9.575531117335410736e-01
-1.524820287048344714e+00,1.862487556896303131e-01,-3.498017980475105482e+00
-2.159632275693170289e+00,7.013564257549222136e-02,-3.493754501099260779e+01
-3.209760416716192388e+00,4.336107300943588261e-02,-1.358509599516245885e+02
-9.504950091234006138e+00,9.814143463649155352e-02,-7.852992312741071146e+01
-2.097059839416128835e+00,4.712358479018893126e-02,-7.514919239392304462e+01
-5.817487285044155243e+00,4.520835110220854797e-02,-2.265104507887134275e+02
7.335712006438741639e+01,5.580476472263303650e-02,1.874518996935775249e+03
-5.068003459831291480e+01,7.177009349447127651e-01,-7.829607921509587953e+00
5.192458662324285434e+00,1.227950479306260181e-02,2.740321245738821290e+03
-3.458780017379699956e+01,2.099347609308387930e-01,-6.245171475951010365e+01
7.005362601423645685e+01,3.022180487413050898e-02,6.103514223936320377e+03
-4.224437035173551891e+01,1.672605801707872930e-01,-1.201632814394910014e+02
-4.733080409865328164e+01,8.933730032768452123e-01,-4.719199854885420820e+00
-2.853892666140417589e+01,2.542594376551591262e-01,-3.512963254858683371e+01
6.186457459521203361e+01,1.238995988768076401e-01,3.206951309415060791e+02
-1.097346301155931592e+01,1.229051446018646354e-01,-5.780876825719212064e+01
-6.608478636051357213e+00,2.264527359431278697e-01,-1.025501930251057026e+01
-1.234851914788890959e+01,5.026216382008974470e-02,-3.889758628215176373e+02
-2.356289463069314394e+01,3.477814195802190339e-02,-1.550265297189307830e+03
7.409287667979632452e+00,3.523166673279688743e-02,4.750072238157425772e+02
2.442868355413174086e+01,2.060515453407228970e-01,4.578660555365028273e+01
7.556978466709777464e+00,1.299946053282377278e-01,3.558669540194572534e+01
1.031296303814124471e+01,1.825265170032436268e-02,2.463324713649243222e+03
5.936196322841788486e+01,3.496236349611939187e-01,3.864531254511565805e+01
-1.085752580589619676e+01,2.317414131062617844e-01,-1.608843145394050822e+01
-7.149318511544976218e+01,2.814193814512212788e-02,-7.183676614377968690e+03
4.353829893331083412e+01,1.463452700085754732e-01,1.617723194514431384e+02
-3.928770781650594301e+01,1.054799184414313001e-02,-2.810006060790958145e+04
-7.862026685278679849e+01,4.747906442529431503e-02,-2.775366516038612190e+03
3.481447705257496139e+00,2.350883349843535530e-01,5.012886271971844110e+00
-1.081634000478216562e+00,3.077764481816778683e-02,-9.086564204697120317e+01
-1.116215565362123963e+00,2.811816132124766651e-02,-1.123477486100158842e+02
-3.309115064316100074e+01,3.432385246922087796e-01,-2.235166868885242408e+01
-8.244370803063010555e+01,7.040188885269212105e-02,-1.323667878992466058e+03
-1.778462879319683410e+01,1.986312907163821084e-01,-3.587068015095918128e+01
9.888980632175973895e+00,9.862330345498561412e-02,8.090634302004114886e+01
-2.863805173179146024e+01,1.008345560107087695e-02,-2.241376553093764232e+04
2.389745794121388212e+00,6.008865390263706807e-02,5.266922059574515202e+01
-7.252331516779963749e+01,6.021087191369963593e-02,-1.591907950211804973e+03
-1.216024209183163673e+00,4.226752323055026905e-01,-5.416500119908276289e-01
-4.992784986138738113e+00,3.713605421112889382e-01,-2.880988239129096851e+00
1.863628854188861439e+01,1.265169277566551877e-02,9.265146426974228234e+03
-3.376759031781740816e+01,1.860970379740231884e-01,-7.759098848886996791e+01
8.603084259912472476e+01,5.804931825777719795e-02,2.031655485490890669e+03
4.789621122257515395e+01,8.552045941393141004e-02,5.211362048376840903e+02
3.731741208936964682e+01,2.588805665645999357e-02,4.431010239070465104e+03
-8.114343234997120646e+01,6.863482933963317711e-02,-1.370737815120483219e+03
1.040891790867000033e+01,3.308084548170000527e-01,7.569069934537244748e+00
1.408229630061742510e+00,3.297170120888673339e-02,1.030815410876049611e+02
-1.752437095445723791e+00,4.010408168399664380e-02,-8.670725178565993474e+01
-1.173987405426564212e+00,1.052731793812617701e-02,-8.429815996027458596e+02
3.781110304104102227e+01,5.074496228574905399e-02,1.168486272982970149e+03
-1.565862371584646917e+00,1.113321746849856020e-02,-1.005315408842547072e+03
1.493471482331728062e+01,2.385874412691519134e-02,2.087814507300237437e+03
2.464859017629380844e+01,1.124628672212129310e-01,1.550829011639160626e+02
-5.202471487293319541e+01,1.063752427264578193e-01,-3.658631898510369638e+02
1.375447745528007104e+01,8.132901583041589333e-02,1.654791182075899201e+02
-6.713044344241173178e+01,5.440448231751204844e-01,-1.804846566834483568e+01
-3.854295993103619367e+01,2.973919067949860537e-02,-3.467982589766676483e+03
-9.949046807707743767e+01,3.583671872562287086e-02,-6.164745241262498894e+03
-3.720694577130787195e+01,4.948345686149488998e-01,-1.209188740498763792e+01
8.740444744955212286e+00,1.030237874667079695e-01,6.553127894695016664e+01
-3.340286790981775944e+00,1.133599897607773660e-01,-2.068494145806197082e+01
-2.448447867402485656e+01,1.087068353805500515e-01,-1.648797390647049781e+02
1.863821158614441753e+00,5.873960251410221406e-02,4.298652781390099875e+01
-5.250282685780178582e+01,1.047115223822826444e-02,-3.810516756654881465e+04
-4.811160962541951136e+00,6.153030737951017404e-01,-1.011257728281570900e+00
1.853807416519934304e+00,5.937481758229732343e-01,4.184563615637235112e-01
2.308397727061014848e+01,1.960771729308170841e-02,4.778006110829049248e+03
-1.519300637386044261e+00,3.515650837416483404e-02,-9.781881204539629948e+01
4.469340738736589103e+00,1.503135729858514832e-02,1.574117712416551740e+03
1.106421623501037566e+00,6.163981050927943572e-01,2.317331691063631571e-01
-2.275419938419443788e+00,1.660257732292976796e-01,-6.569021331711097034e+00
-4.345330996443379945e+01,1.148779967817210174e-02,-2.620229258500416836e+04
-7.301851604981098376e+01,2.385677233860900720e-02,-1.020938934072978191e+04
-9.774067816473159809e+00,2.482842425363912878e-02,-1.261732147406135255e+03
2.665912697149085631e+00,1.565898806639433316e-02,8.651843853915552245e+02
2.113550866879942447e+01,7.731735323682172034e-02,2.813512721312885105e+02
-1.640119819421443470e+00,5.849914674205332343e-02,-3.813876708957587880e+01
3.647032952160975672e+00,1.778105227921942047e-02,9.179412905361434696e+02
4.362599270206463764e+00,2.795285621871328174e-02,4.443069197256691609e+02
-3.303347208160573700e+01,2.682370709705107423e-02,-3.653480246807769163e+03
8.027589042020950671e+01,9.199573137331309436e-01,7.548139441720527643e+00
1.279258906298738907e+01,6.910435450901663001e-01,2.131757285471760355e+00
-1.417466126929848080e+00,1.634014530908388385e-02,-4.224652549070642067e+02
-1.299340177384492367e+00,4.217867565249416861e-02,-5.812020330307660032e+01
-2.499247604733313111e+01,5.442045339544922256e-02,-6.715449832980481233e+02
-6.678641712553849175e+01,1.768332459599200601e-02,-1.699614563255605754e+04
8.036566767942109379e+01,2.600134389258538722e-02,9.459520061900158908e+03
-6.177577322906378754e+01,3.327642155371881433e-02,-4.439510538028438532e+03
-6.913297968523677639e+01,3.197531051827043891e-01,-5.380787862393110288e+01
2.342471389782777891e+01,1.285882066261292110e-02,1.127358782309661910e+04
2.208031847651032997e+00,3.104268800161816277e-02,1.823378498215151637e+02
-1.391613587562409826e+00,3.798928640355833108e-01,-7.673376804089607761e-01
-2.506008614071546958e+01,2.173079272754101926e-02,-4.223004620464810614e+03
8.342357337205061896e+00,5.947701298349466342e-02,1.876638515584405695e+02
2.083503224811130927e+00,2.772322415797492251e-02,2.157231930774354112e+02
1.273148351890342145e+00,5.969349789252227645e-02,2.843250287290799250e+01
1.995835754169667098e+01,1.575136053987731197e-02,6.401456367946969294e+03
1.176406292391522079e+01,1.229211102268939204e-01,6.195759143332915642e+01
-2.856892527237021184e+01,1.169193639920825117e-01,-1.663072378487929939e+02
3.784071176513746337e+01,3.075481340111655415e-01,3.183634775247384141e+01
3.688343500220921278e+00,2.014074338617666965e-02,7.235532596421611515e+02
1.591643764526257110e+00,6.854809738348236481e-01,2.695536382906549844e-01
7.440806712419534108e+01,1.310831805767144649e-02,3.446007498818231397e+04
-2.952374990653736120e+01,6.027827623918859956e-01,-6.466064090161446565e+00
-7.498881821069747211e+00,3.549840832684927200e-02,-4.735533181766566599e+02
-3.040529589866227678e+00,2.926655689459203846e-01,-2.824854644561889838e+00
2.272522877089679039e+00,4.831500331631577438e-02,7.747014565262114161e+01
2.383276372192067338e+00,9.836726004615197194e-01,1.960033048937009081e-01
-3.896429007363879204e+00,1.341442291447781099e-01,-1.723109653427017207e+01
4.469687793932336461e+01,5.006431163866243983e-01,1.419092897637393413e+01
-1.300691596308180209e+01,2.450552272559704536e-01,-1.723600171284539684e+01
5.222497554999538494e+01,7.678033052847213491e-02,7.049664135971037240e+02
9.108998547816504754e+00,6.150217715005128483e-01,1.916371877650260069e+00
5.597880859206995297e+00,1.173394294909786521e-02,3.235384066577418707e+03
3.081226032109215751e+00,1.041680241630316833e-02,2.259669070040249153e+03
6.539161819041561330e+01,8.130833648597556029e-02,7.871220325522594976e+02
9.395609259587901718e+00,1.989172026328259527e-02,1.889602248060882175e+03
1.463477140918259867e+00,7.971140940087838300e-02,1.832884519009024160e+01
-2.871725714931943685e+01,1.996851114364910779e-02,-5.731149311157371812e+03
-4.396412502323717497e+00,1.307861551173881698e-01,-2.045337708689915956e+01
-2.648400186261647704e+01,1.579549238839588268e-02,-8.447095584667646108e+03
6.759053397219437898e+01,1.721993146532812755e-02,1.813899312155766529e+04
-6.463166824214611417e+00,2.924148102560084062e-02,-6.015015790503579183e+02
-1.104954206040170028e+01,1.348880244204630173e-02,-4.832675420380529431e+03
-4.579608583519983789e+00,5.553320253117068894e-01,-1.181715842381670045e+00
1.368103198726953407e+00,4.327157977100255792e-02,5.814381082492653263e+01
-7.442201706244040338e+01,3.157812656105433158e-01,-5.939075558466222304e+01
4.314448172084530242e+00,4.775744948617761942e-02,1.505334940887222217e+02
-9.298489296351428735e+00,6.261521568186208253e-02,-1.887307951764466054e+02
3.146963355895039527e+01,1.460941482214096476e-01,1.173319208255305739e+02
-1.102911184761965924e+00,1.804098349403373408e-02,-2.696561059179080644e+02
1.966343649681225214e+00,1.630077343083333741e-01,5.888885819348369743e+00
-2.291940219815960855e+00,1.777312259396749972e-01,-5.773856004799117869e+00
1.660735930587165754e+01,9.036090726695902298e-01,1.618562791183917771e+00
5.175250654939685546e+01,2.574180069253366107e-02,6.215036422292754651e+03
-8.291054639368864798e+01,1.503423026528456219e-01,-2.919023006410191670e+02
6.167691563079872985e+00,4.749003636770256914e-02,2.176244962457066947e+02
4.978416928873339309e+00,3.622665967367854067e-01,3.018733806286328480e+00
1.014044136327172119e+01,2.458383749556080841e-02,1.335204050391350165e+03
-3.378384857803195729e+01,5.199928194044969310e-01,-9.942705246836741395e+00
-1.404901465357041301e+00,5.206976565246262956e-02,-4.123488192531225138e+01
-2.969530461261198795e+01,5.944199475684116551e-01,-6.687921554622477949e+00
6.135716487113376871e+01,3.139353776156226239e-01,4.954215583824036884e+01
1.117469266395142657e+00,2.342807047389112995e-02,1.620140505657097663e+02
-1.223473354739548880e+00,1.378657912402811159e-01,-5.122377912941702860e+00
-9.165729097382809698e+01,1.134056893996331639e-01,-5.671363280251839569e+02
1.195205658499922663e+01,6.325235526994748003e-01,2.377274727177757008e+00
1.817185799573632021e+00,1.258289231418029397e-01,9.133316561198677519e+00
2.713402178679440624e+01,3.266623541551673671e-01,2.023513612082179591e+01
2.987380071133482318e+01,2.214957114226588641e-02,4.845626901193787489e+03
3.006412097388693194e+00,9.598863178989205935e-02,2.596564072142231083e+01
1.155330554140985733e+01,8.274130035034729658e-02,1.342924852555470636e+02
-4.403915463481587800e+00,7.652182919632154467e-01,-5.984921022897923271e-01
-5.066204056724634697e+00,2.097762934670784410e-02,-9.161361050942690554e+02
-2.138460984143561561e+00,1.625924034295927328e-02,-6.437110515560513022e+02
7.420184935625114520e+01,4.390136506961599822e-02,3.063718200887943112e+03
6.675456462774777222e+00,6.739746852991750359e-01,1.169456129638475339e+00
1.354509075191391743e+00,1.467376486020663950e-01,5.005978087357446427e+00
2.833021042789562571e+00,4.778383675898115190e-01,9.873653905902155525e-01
2.713677823001193445e+01,8.913106727730384371e-01,2.718255075701896839e+00
-1.216196187633115988e+00,2.068236206255808229e-01,-2.262525593329946627e+00
-1.897518717584639347e+01,1.086530175630289474e-01,-1.279065014322500105e+02
-7.349051835929983234e+00,8.985702142760536582e-01,-7.242982060650497989e-01
-2.108687037101175932e+01,4.059550452432175716e-02,-1.018231147293772551e+03
-2.258656133270427802e+01,5.242467845375837349e-02,-6.539863779908330343e+02
-4.388482461199566309e+00,3.911851653514605842e-02,-2.282126684042614500e+02
-1.420923358936724767e+01,5.127059332028356398e-01,-4.301541361689515064e+00
3.407976545912469390e+01,1.214107566788649312e-01,1.839807570590462262e+02
2.963432383687699900e+00,1.539153889503705810e-02,9.954537113645599220e+02
-3.232002354701480584e+01,1.110109474656834072e-01,-2.087037179382359966e+02
-3.384834649752697100e+00,2.353165050548836901e-01,-4.864327589587920997e+00
-3.604865269534544581e+01,5.475807297452700562e-02,-9.567156127911121075e+02
-5.726696327479188220e+00,3.371034960103850842e-01,-4.010216108401934321e+00
-7.719740515088455268e+00,4.799089228540574792e-02,-2.667320415405918084e+02
-6.499896270453275804e+01,1.627491271356947336e-02,-1.952806562554107586e+04
2.839208881373240789e+00,4.173194661063938105e-01,1.297329204303165007e+00
3.490361546281617677e+01,4.898818450009222447e-01,1.157385032433954564e+01
2.271117388774402812e+01,1.736104221129915470e-01,5.996227921963160412e+01
-3.958897642661049598e+00,2.861415611722604654e-02,-3.847711705733608483e+02
3.049712247401132004e+00,1.490955685829498945e-01,1.091740769541132572e+01
-4.021969192238068302e+01,1.635931365942844967e-02,-1.195910604876856814e+04
-1.784221594064288752e+01,3.450560190329408639e-01,-1.192503636964694813e+01
3.160327504738965398e+00,1.053213976584481959e-01,2.267195648696305810e+01
2.567215404518984556e+00,1.812439741920565672e-01,6.219067821625319681e+00
1.152061408063898718e+01,5.731048962096402938e-02,2.791242230520243197e+02
2.344353311234376491e+01,4.436110339056789642e-02,9.480003988220258861e+02
-1.283676051357372927e+01,1.108682634736360244e-02,-8.310575215173492325e+03
4.795697301989351047e+01,4.429035379079770407e-01,1.945465798697578563e+01
-2.029496823918216286e+00,6.686446925861214696e-01,-3.612332417581555766e-01
1.227975182553248334e+00,2.543616122275083047e-01,1.510346479869008052e+00
-1.378199220059357444e+01,1.936859942932251874e-02,-2.923517521024214602e+03
8.675354312881530916e+00,1.802165819148417517e-02,2.125630926914149313e+03
-3.219663036433483683e+01,2.209529729307198320e-02,-5.248084981300574327e+03
-5.758565426155234945e+01,6.863151401697149823e-02,-9.728755350250481797e+02
9.504622230946557337e+00,6.595245931706832376e-01,1.738853551661551977e+00
-4.717058466556500740e+00,2.742103441208986608e-02,-4.992220135683564877e+02
4.586773048887526016e+00,5.909432278773467662e-01,1.045215563515490054e+00
-6.971535278349624498e+00,3.301002049705072106e-02,-5.091279943942499813e+02
-1.083317579046229273e+00,2.730252861236761586e-01,-1.156485480622064133e+00
3.057681294262374561e+00,6.318776818747146029e-02,6.094194627342479009e+01
-1.613379969784306089e+00,2.348937818371152689e-02,-2.326932344956489089e+02
-3.938545386306323337e+00,9.369679609988616764e-02,-3.570068170089290760e+01
-1.518666154691119097e+00,5.615383758337099129e-01,-3.832600634800234496e-01
2.395610615666649235e+00,7.172551802717574976e-01,3.705603754751844447e-01
-1.219547014355971015e+00,9.324701694436950961e-01,-1.116140298779758483e-01
1.200425925149687156e+00,5.448714730729025124e-01,3.217639319768370587e-01
4.514439445416926588e+01,8.339399464416707985e-02,5.165643291929155794e+02
-9.120179975150371376e+00,3.613883856164207264e-02,-5.557060981851694805e+02
-1.704384782710382851e+01,1.879955362672740618e-02,-3.837626539309261716e+03
1.026447723918699317e+01,1.758884887281429443e-01,2.640293078859621545e+01
4.213654557828428793e+00,3.920066184485233030e-01,2.182037779102228292e+00
2.796643725803883385e+01,4.675421367868026756e-02,1.018089046369817993e+03
4.553929364430360671e+00,1.842462721191179820e-01,1.067527341662804474e+01
-7.155356914829603454e+01,6.285374410111762566e-01,-1.441315746844581369e+01
6.726871902898614586e+00,2.993310160105897011e-01,5.974476456535504632e+00
-3.733760223552717861e+00,6.100267242759629394e-01,-7.984336617948867287e-01
-2.273665265997216078e+00,2.603517702001305334e-02,-2.669288979591211159e+02
9.431238218647648353e+01,8.193058239015803268e-02,1.118064264032504070e+03
-1.122277723265973526e+00,1.143556648419215283e-02,-6.829283035098638948e+02
4.493183523951140401e+00,2.064616582957867069e-02,8.388136153027328419e+02
1.354837690692878738e+01,8.471153640274575736e-02,1.502423226154943450e+02
-7.841968288633042050e+01,4.367340327224480401e-01,-3.271757796724165246e+01
-9.144250992180722903e+00,7.872781778756174909e-01,-1.174037169754852838e+00
3.292593767045241648e+00,1.191002462937534867e-01,1.847153420705747706e+01
1.298706553149873955e+01,1.267817035971020578e-01,6.429659903210304606e+01
2.694937470479983688e+01,4.088267826885669948e-02,1.283098952819916121e+03
-1.246492858937869874e+00,2.517653844357288229e-01,-1.564904698577345377e+00
-5.447912461689494990e+01,2.672152076243166155e-02,-6.071526779140810504e+03
8.392152967914725537e+01,1.684535447150048090e-02,2.353440479269544812e+04
1.870756936059214670e+00,9.863893872395686213e-02,1.530067949994799825e+01
6.641691397001742381e+00,1.017065886258447342e-02,5.109408815162058090e+03
-1.134786388139065849e+00,3.026339173589804796e-02,-9.859821548152672221e+01
-2.789597564636751681e+00,4.383109747114580790e-01,-1.155492155182846314e+00
4.184885945319817324e+01,2.171494862900999467e-01,7.062462415665891058e+01
2.812213840581223323e+01,5.683415272613977220e-02,6.928188532034828313e+02
4.855557996761345585e+00,4.028201857854663004e-01,2.381260077755418259e+00
8.667768338058353450e+00,1.301467918323784279e-01,4.072213106467152244e+01
2.027443330019677248e+01,2.747726791686341263e-01,2.136937218773886116e+01
-8.717764265942916779e+01,3.485557437565683370e-01,-5.710192768594423995e+01
1.230161183160815064e+01,6.619227840588086387e-02,2.234279468275862826e+02
-8.004953192049231347e+01,7.603939293938911936e-02,-1.101721058573448317e+03
-4.234826392084836755e+01,1.996454236132384208e-01,-8.454871822371929113e+01
1.791794021900301903e+00,5.044018455004021240e-01,5.604345298574310297e-01
-3.868344774923647922e+00,1.107389762646691644e-01,-2.510234545240415116e+01
1.163804182556679612e+00,2.029200462984395992e-01,2.249158927628744031e+00
-9.580972038894222464e+01,3.725111968693382153e-02,-5.494409776701685587e+03
-2.159516174311113090e+00,8.188527836481106492e-01,-2.562919336322822539e-01
9.040665827222649398e+01,1.523209562370535231e-01,3.100782023945453716e+02
4.855261195885934455e+01,1.200721975029731166e-02,2.679895234644157972e+04
1.014736607731945295e+00,4.774679205198689713e-02,3.542053104405202646e+01
-5.138518681932478849e+00,8.308458938963335372e-02,-5.923619034902034741e+01
6.863301245174944221e+00,1.453788172872350626e-01,2.584169132808707658e+01
-2.162768232384724243e+01,1.608288414761864862e-02,-6.653838426050991984e+03
1.066719869864589576e+01,2.022279395061115509e-02,2.075669515373046124e+03
7.368027215553702547e+01,4.996105949145453473e-01,2.348973288199393039e+01
-6.865734133392433769e+00,2.572793885391423674e-02,-8.254050622341482040e+02
-2.491764777070923742e+01,7.723200491535004986e-01,-3.324317992805924771e+00
2.877574429624102237e+01,1.667897063264046215e-02,8.231485426498407833e+03
-2.738389433317822252e+00,2.746085589963310203e-01,-2.889729609148927292e+00
4.856364573508803240e+00,6.071457045073107295e-02,1.048372365720815651e+02
2.006558116048811957e+00,2.922259153929830308e-02,1.869839901867471212e+02
1.088403623819458543e+00,6.855116427935764589e-02,1.843106558402672945e+01
-3.248905028799573103e+00,4.008939534560009288e-01,-1.608674361899209648e+00
6.405443283098681384e+00,7.364313918329283559e-02,9.398850470247941757e+01
-6.125527187726525824e+01,5.977188271754593218e-01,-1.364393797738337710e+01
-7.542567947695361319e+00,6.933614257728619723e-01,-1.248504218208481786e+00
5.366596959495746333e+00,2.228156829637571723e-01,8.601963692425746544e+00
-8.624351043648575299e+00,9.764695565525940979e-02,-7.197789573951489217e+01
-6.406491555615335010e+00,2.031175514024853856e-01,-1.235706949543119215e+01
-1.558875537636890840e+01,7.617491518884087487e-01,-2.137851915591132634e+00
-2.959498531644075392e+00,2.060661817538231577e-01,-5.546190936062187937e+00
-3.697235115999497879e+01,1.260837111217832929e-02,-1.850756309867512027e+04
6.366864648242684943e+00,1.046987429005055009e-02,4.622030627254865976e+03
-4.418164276910863109e+00,2.657244164838747438e-02,-4.979308927824171747e+02
-5.386290496801155570e+01,7.319219053161429844e-02,-8.001113259006536964e+02
-6.679849533504969905e+00,1.023359542498015473e-01,-5.075751232421645653e+01
6.171249003190594884e+00,3.468023785373390844e-01,4.083185131103941323e+00
1.761263754859198727e+01,1.108849252726906882e-02,1.139907254403354636e+04
-7.956670139906482753e+00,1.614672498483971791e-02,-2.428581001139023101e+03
-1.749356177708875393e+01,4.200249778254834532e-02,-7.890747454148507813e+02
8.835764301643919794e+00,2.379169150648187125e-01,1.242177385416080249e+01
1.307187308659139369e+01,2.692230591008799162e-02,1.435170336143080704e+03
-5.398195752554596538e+01,9.214398762487534533e-01,-5.059466904558308720e+00
-4.231207487271565526e+01,3.853164599050777628e-02,-2.267876158271849363e+03
1.628576987940320686e+00,3.253455042669426561e-02,1.224359090405132093e+02
-3.614511286202681362e+00,1.289059854861054379e-02,-1.730985995884278282e+03
-1.859652450270598001e+00,3.165124478592572232e-02,-1.477203517943027578e+02
1.517705919849720919e+00,2.899216896105781816e-01,1.436866270434217663e+00
1.957117453682026609e+00,1.224356419439029814e-01,1.038941993858247059e+01
-1.766797419400525371e+00,7.441624743960405519e-01,-2.538875237333035884e-01
5.463689184110987185e+01,1.725526084060286236e-01,1.460269666654998844e+02
5.236201605309215523e+00,2.579187915468177938e-01,6.263838111804967745e+00
1.448696073223060266e+00,1.456174005970801467e-02,5.436768869378445288e+02
-1.378436694050570033e+01,7.419518426902296793e-02,-1.992624776025240010e+02
-1.290407681507077520e+01,6.012041629009156063e-01,-2.841012322552108227e+00
4.852083627661333054e+00,1.781654012698483808e-02,1.216386727835195416e+03
-4.181990739170141858e+00,2.296160974858750189e-02,-6.312022521429850030e+02
2.376787902113126805e+01,1.380897187894961908e-01,9.918771233430501866e+01
4.199796236799223692e+01,1.611859123272793848e-01,1.286364933390434260e+02
-1.679700696905947055e+01,3.003494556204784338e-01,-1.481727496281818723e+01
6.183279251218959160e+01,3.447329467798502245e-01,4.140410613587164335e+01
-4.590121518598499151e+00,1.109598716719776279e-01,-2.966760086487615311e+01
4.992558156039567052e+01,1.188833782672207157e-02,2.811065679650851598e+04
1.108690595828056757e+01,1.180078771994113734e-01,6.335465110546415701e+01
-1.395266421297814396e+01,4.707767343303755764e-02,-5.009764311246653961e+02
-2.857544734957680532e+01,7.828779634454474667e-02,-3.710180484248276116e+02
2.882823841709432955e+01,2.906929406603387944e-01,2.714808939418333011e+01
-2.203108743614530241e+00,3.246932944087195794e-01,-1.662950916452363259e+00
1.324055338634315326e+01,8.879817813949733574e-02,1.336251364519958145e+02
-5.956417046639354673e+00,1.056212369434794511e-02,-4.248863072049884067e+03
-1.177022787442123786e+01,3.477175396599885976e-02,-7.746790492523856528e+02
-5.470443474910845794e+01,3.244819593806991254e-01,-4.134581520933107157e+01
6.112478573858629360e+00,2.169848328991153819e-01,1.033115148844927056e+01
-1.570830673695455815e+00,4.334938838614522671e-01,-6.652020214537479603e-01
-3.829913172840373026e+00,8.356456629291579841e-01,-4.364502406258847778e-01
-1.781764280359523944e+00,8.180069588303522377e-01,-2.118977707127980836e-01
1.710334559726335968e+01,4.899968824498585757e-02,5.668714354864029019e+02
-4.166467956073803158e+00,1.876180602697366528e-01,-9.419088963335996212e+00
6.057698408087838438e+00,5.401542518302320656e-02,1.652198355287806919e+02
4.214797727935128968e+00,2.588766005390936153e-01,5.004737220205975667e+00
-6.391487957871296288e+01,2.322917834640962353e-01,-9.425934427901339063e+01
-1.245361148272788210e+00,7.528597148051056898e-02,-1.748466561666117869e+01
-2.204825023727190825e+01,2.814221662891147266e-02,-2.215377097862061873e+03
3.488234631550422904e+01,1.782314052635864121e-01,8.738308293942525040e+01
-4.528498909261577410e+01,1.761221928003573606e-02,-1.161759507989212216e+04
-8.158233965053945269e+00,3.702174536211813027e-01,-4.736663285967774861e+00
8.497595661525069488e+01,8.933841669876195768e-01,8.472463284487563584e+00
2.774792602656748652e+00,8.174893733277448227e-02,3.304124720277070537e+01
4.038364057232108451e+00,4.272186626145904054e-01,1.760739760938198506e+00
-1.689874552808117159e+01,2.533650718442216621e-02,-2.094841234287601765e+03
-1.126613858244921751e+01,8.067219507369747244e-01,-1.377582054719983295e+00
-7.691344510725372174e+00,2.663450187932833724e-02,-8.627863045735014111e+02
-6.440685209281140544e+01,5.172101390744085481e-02,-1.915967550689087375e+03
-3.179795119488729060e+00,9.661965969776800112e-01,-2.710555270536540995e-01
4.035335832651402832e+00,6.723380029881101394e-02,7.103861736500090274e+01
-1.169618063004037145e+00,5.703774517001209965e-01,-2.860944978585739928e-01
-4.651172754332124626e+00,6.859650041911550256e-01,-7.865904812229894683e-01
1.002929250041606712e+00,1.825441942420116537e-01,2.395104042035070435e+00
3.288942638692619713e+00,3.218023553751705318e-02,2.527365181624164450e+02
3.629531588436996969e+01,3.306514818084106688e-02,2.641798990082063483e+03
2.676718977449916714e+00,1.912856759195620884e-02,5.821407675958181471e+02
-8.181210614399734737e+00,1.093303824373823702e-02,-5.446606181072848813e+03
7.630312604310271141e+00,1.219277915682695154e-02,4.084388563478336891e+03
7.097589206955054131e+00,2.052950703769797214e-02,1.340120817489331102e+03
-5.123479829925979345e+01,2.239434637507709547e-01,-8.129772345721141846e+01
3.746931536164779430e+01,1.044226577182461382e-02,2.734490436083764871e+04
5.761045397308932792e+01,1.405134403702332224e-01,2.321965159023484659e+02
-1.528151758219983591e+01,7.541600804696040328e-01,-2.138107518079353397e+00
-1.335583589349953915e+00,9.331092138840604289e-01,-1.220664331485065007e-01
3.047769250537168517e+00,2.012553651291117685e-01,5.987937870342922686e+00
-5.174350641199787049e+00,1.425277837185293106e-02,-2.026968163201720927e+03
-2.556966159544451500e+00,1.065421769757382703e-01,-1.792552909840397035e+01
-7.153275062424414799e+00,2.178423897281507315e-01,-1.199527685258965626e+01
1.458315737826289293e+01,8.175954663164927139e-01,1.736060074772098227e+00
2.513224195356127399e+00,6.489153177944198547e-02,4.749471831667379007e+01
2.287169736182160573e+00,5.724779413363467045e-02,5.553554235436822495e+01
-1.379673114571392523e+00,1.730794799397000205e-01,-3.665010086247979082e+00
-1.080159108143804580e+01,1.159154044888345732e-02,-6.397282922196016443e+03
-1.977011541408548956e+00,2.313563695986368615e-02,-2.939249270134976655e+02
1.269783201364976799e+00,3.673541580653841843e-01,7.487723405529348453e-01
1.644208067028159448e+01,7.409551198375909087e-02,2.383214343972105382e+02
9.297996227990056184e+01,4.143422520904374573e-01,4.309839102625059581e+01
-9.922220185375685730e+00,1.233746679215259323e-01,-5.187367333701081407e+01
-8.815662906135015930e+01,1.715052851655870375e-02,-2.385009401435280233e+04
-1.714676290153848370e+01,2.360368071205377546e-02,-2.449135514879064885e+03
-1.089273343534626237e+00,1.572322029630314477e-01,-3.506259159686479610e+00
-5.279917114583079751e+01,3.651597656122919366e-02,-3.151021755144048257e+03
2.737798297086173704e+01,1.349409827707475362e-01,1.196475602928108657e+02
-2.418154030240989627e+01,8.265195978828310253e-01,-2.816876361795922712e+00
-6.655981982904781091e+01,1.368908955187471688e-01,-2.826527039965989161e+02
5.483209156868434775e+01,1.703489901743006005e-02,1.503646755365038371e+04
6.672035128247195246e+01,9.322856382814992404e-02,6.108723557158371023e+02
-2.284753843440842758e+01,7.962646349651882061e-02,-2.867574418877208586e+02
1.767588228731014866e+01,1.858915269128101899e-01,4.070540191695133814e+01
3.997412435385677032e+00,1.184161545053322856e-02,2.268543900613174173e+03
6.339278714653885771e+01,1.213029138247019925e-02,3.428368657475769578e+04
-6.784452432523939081e+01,4.365610947241991280e-01,-2.832793245427376760e+01
-1.320659468045570684e+01,5.344475323228556896e-01,-3.679347717793698624e+00
-3.842924920729038263e+01,1.764481394544305942e-02,-9.822405722309458724e+03
-1.242791276098719777e+01,7.664282562549282196e-02,-1.683624808806513897e+02
-8.901939019466370340e+00,1.127702664499886792e-01,-5.570389169419276243e+01
8.025869499639121329e+01,2.149194708245641405e-02,1.382708729398848482e+04
4.502359587730181190e+00,3.500373235439475234e-02,2.924163182168155686e+02
-4.499386557230686634e+01,1.536749385244903267e-02,-1.516133159364180392e+04
-5.085406111535439777e+01,2.591199554356660162e-02,-6.027178532358746452e+03
9.559931264892266256e+01,8.531597834047549567e-02,1.045163308799740435e+03
-1.825384247013120742e+00,1.376696447441172200e-01,-7.664221556736104723e+00
4.407365876259451198e+00,1.818853414051339878e-01,1.060165925635846484e+01
5.998284152821971560e+01,9.153801290609997476e-01,5.696580124298673553e+00
-1.327185959259757020e+00,2.183814400019860047e-01,-2.214575360861166242e+00
2.032236339782046386e+01,1.800873029085643673e-02,4.986526842914187000e+03
3.188689564207198046e+01,1.993047142686357187e-01,6.388034214072538930e+01
-1.914876744904449524e+01,2.535882569128580441e-02,-2.369587138239684009e+03
-8.030506654137693090e+01,1.245310372650387624e-02,-4.120765218887032097e+04
-2.165465660200608156e+00,1.338646479764915020e-01,-9.616336158103054643e+00
-1.524521535152983809e+01,3.484583577928377501e-02,-9.991298367423586342e+02
1.753094300430883123e+01,2.540217519976059601e-01,2.161989595913575712e+01
-2.699629480751430499e+00,5.966151053468972121e-01,-6.035396524933132056e-01
-2.418987759868482357e+01,2.441737473234473557e-02,-3.228686442767525477e+03
3.640601779814073069e+01,2.137140807421216704e-01,6.343033996563502086e+01
-1.155794893203664842e+01,3.755039129283199162e-01,-6.522918816525162811e+00
1.238898569031937846e+00,4.684983285808462516e-02,4.491690211234029562e+01
-3.788448661423197450e+01,4.507302649852905629e-01,-1.483946013610987258e+01
3.721125420938803785e+01,1.905532421424036282e-01,8.155146353427555539e+01
-1.325124863427836308e+00,4.751769365073873486e-01,-4.670208093700333740e-01
7.651672878620416896e+00,6.063825571102726686e-01,1.655972539439875879e+00
-1.757905537373758653e+00,3.590919856477364780e-02,-1.084861370397145635e+02
-8.650976626766376398e+01,1.340670149563592990e-02,-3.830111305647891277e+04
-7.565211906989736335e+00,1.048394095303197167e-02,-5.477244158456108380e+03
-1.326976537680652601e+00,6.385754447051814053e-02,-2.589577727645185590e+01
3.500055213213522087e+00,2.278409353454918240e-01,5.365392794129252962e+00
1.625930491691961777e+01,6.425609913680196961e-02,3.133743151971434600e+02
1.351532363804708758e+01,8.758285536175060004e-01,1.402098052213434309e+00
-4.311327627184164157e+01,7.009270793225248763e-02,-6.983216164149318956e+02
-1.018561986878018821e+01,2.426780776192030142e-01,-1.376310769062072303e+01
8.085498148490414394e+01,5.035505388952021127e-02,2.537527676917989538e+03
5.078322170322651985e+00,2.035091426945730975e-01,9.757589323356889111e+00
-6.472262134610181761e+01,2.790115929799076924e-02,-6.616095068436382462e+03
1.739552189083967360e+00,1.223472297818990404e-02,9.247818933401711092e+02
-9.614707463774102791e+00,2.774212961368984973e-02,-9.941378704527296577e+02
-3.773732648424465541e+00,3.738300541994292736e-01,-2.148883334349143581e+00
-1.378406019595573007e+01,3.367390407275955289e-01,-9.673426947159599720e+00
-1.540505554976988378e+00,6.023069065379599990e-02,-3.379229737282301471e+01
-1.680603500897025171e+01,5.616473656494731514e-01,-4.239629910708374361e+00
-7.229527536452376069e+01,7.589339670207650990e-01,-9.988311337555263236e+00
-3.186097363861369303e+01,3.898315045000800422e-02,-1.668381291556575889e+03
-1.318471564579129840e+00,9.869761993030082281e-02,-1.077078964202696376e+01
-3.930792143828137686e+00,5.423632985154125397e-01,-1.063382793344891164e+00
6.759914924971663908e+00,2.457361724796572333e-02,8.908266218233210338e+02
-6.202197373388439416e+01,1.304752288538649392e-02,-2.899209400355495382e+04
7.473279466125462456e+00,2.499138091961844999e-01,9.521839373261517636e+00
4.394038760499522311e+01,4.902191486422144417e-02,1.455035122714089766e+03
-7.394189863784413319e+01,1.707195833743652413e-01,-2.018896473682047770e+02
-3.936241366541978870e+00,2.112409274290055761e-01,-7.019654319847536961e+00
1.522669854791497457e+01,8.476117290740327326e-02,1.686560676922904349e+02
2.504609821739188558e+00,1.010687071028847257e-02,1.951177570857746105e+03
-6.110258329443129810e+01,6.495484886539586444e-01,-1.152461841141313492e+01
5.970440524476572364e+01,4.748315926544319915e-02,2.107255998710535550e+03
-5.487017362688513344e+01,2.257540723395240131e-02,-8.567523098445402866e+03
1.294626384488777227e+01,5.813531710403980757e-01,3.048277484489371858e+00
-2.070189792103787507e+00,1.374677841998819469e-02,-8.717630028190436633e+02
1.334675172348327887e+00,8.484197785418451376e-01,1.475516767518393890e-01
7.797060628610827493e+00,2.271942925035387584e-02,1.202060186918636191e+03
-1.618143148929753394e+01,6.839300297228336767e-01,-2.752857486350783311e+00
1.012110553843443483e+01,6.466168610510028003e-01,1.926300509449299092e+00
9.231511284913824511e+01,8.107862782461785489e-01,1.117506764642060268e+01
1.328388574878694772e+00,5.177480663030041841e-01,3.943467777920562356e-01
-2.579176830314361180e+00,1.724363961453930644e-02,-6.902610683978372208e+02
-6.573141008083894121e+01,8.903535130788554908e-02,-6.598392287312341296e+02
-2.323203963787475246e+01,6.827404718077090262e-01,-3.966123013029028588e+00
1.206572711487870819e+01,2.084222002439804766e-02,2.210322691555472829e+03
2.207453459046999633e+00,1.116320078977871104e-02,1.409627030861373441e+03
-4.041781016732240772e+01,1.124834806996303227e-01,-2.542057807044503761e+02
6.051914129302853240e+01,2.603878775555250047e-01,7.102992725270397045e+01
1.656216973347466093e+00,1.382343131899084476e-01,6.897244934140162265e+00
-3.607649959755669045e+00,7.796746061945136752e-01,-4.722671623904192706e-01
4.571841840135625112e+00,8.425247806248057358e-01,5.125260772556740063e-01
-2.838813217087725160e+00,1.133842617704747778e-02,-1.757200835148353008e+03
2.986575767455457608e+01,1.881406225989932027e-02,6.714265636254805031e+03
-2.350418948809100073e+01,7.900472416460678493e-02,-2.996603575747869286e+02
5.344188814182543013e+01,1.004803635476967001e-02,4.212205338690346980e+04
4.680135574809280286e+01,1.682050878442202524e-02,1.316346774659278162e+04
-6.544753757854931564e+01,4.533850127157836307e-01,-2.533664622981754277e+01
-4.726752557687370881e+01,1.717276543581608764e-02,-1.275476695856924562e+04
1.272417405022912673e+00,3.428314920709881752e-01,8.615060256303331832e-01
-5.463638300581599339e+01,4.147150278647008248e-01,-2.527973579860501019e+01
1.107582868553467392e+01,1.113971854960102703e-01,7.102609355280225145e+01
-7.220337715317371874e+01,9.850529752380561554e-02,-5.921455542777865730e+02
1.407538070491017734e+01,2.870469054685607646e-01,1.359391492695347914e+01
-7.257000767176297984e+01,4.122268768853083049e-02,-3.398401579260091239e+03
-2.188154888074311444e+01,2.492788197324428412e-01,-2.802189082539558385e+01
1.376382119972139106e+00,5.034914585941070442e-01,4.320608775200779905e-01
1.229003707468819329e+01,1.317686397451223526e-02,5.632733493331259524e+03
9.936380100622066891e+00,1.092128225450514356e-02,6.629351850887394903e+03
-3.277357835040916711e+01,1.041272986162588773e-02,-2.405386087701849101e+04
1.759033089121881277e+00,2.206082614264015251e-01,2.876210059780018202e+00
-3.209728151563137288e+01,2.171266055131580025e-02,-5.417916427972730162e+03
1.182342686707193558e+00,7.043624841853955709e-02,1.896448582729537335e+01
1.640252285689041578e+00,3.981763494502233575e-02,8.232843623671313082e+01
1.435517888988341362e+01,2.153930230021587899e-01,2.462268911793399440e+01
-1.559557416228440729e+01,1.014904273569953164e-01,-1.204873192424965538e+02
-1.774683194464191871e+01,4.128481521806888765e-01,-8.285720560698091930e+00
1.676293019422965358e+01,2.303452113976235324e-02,2.514095067743737673e+03
1.939194229573201156e+01,7.218363503546372240e-01,2.961651470334729641e+00
-5.515410896496067039e+01,2.631481768070476068e-02,-6.338219539728734162e+03
4.938114183319856920e+01,2.521399633219916989e-02,6.181130220794513662e+03
4.419114780491256944e+00,2.252472140700315650e-01,6.931170169901504252e+00
-7.113634676151993119e+01,3.401049943164519140e-02,-4.893906583600657541e+03
-1.167129388180458349e+01,2.075854548172874695e-02,-2.155337577882734877e+03
-2.260780437008300581e+01,3.759831191939375095e-02,-1.272658344598984286e+03
1.516307457281928173e+00,1.297195628022963614e-02,7.170780920370956437e+02
1.361632150413171205e+00,1.394351490737561448e-02,5.573209934620119839e+02
-5.524826097745905606e+00,4.594527138358246027e-02,-2.082701866620035389e+02
1.811104438870194677e+00,8.847849129955958070e-01,1.841018759029552365e-01
-1.601104558456132754e+00,7.752866875419964221e-02,-2.119752599172212726e+01
-1.490003093195978012e+00,8.453992223448893173e-02,-1.659027626187993221e+01
-5.741162749981945268e+01,1.307337505999932314e-02,-2.673095980301863528e+04
-3.444203783078061853e+00,3.818366319792974029e-01,-1.879852585805007248e+00
2.729310912281144752e+00,5.104455139080243259e-02,8.335743931058730993e+01
-2.072871611860174923e+01,4.691508410442163934e-01,-7.494411602700829178e+00
4.985658715040382383e+00,1.220225289165874222e-01,2.664603777595033662e+01
-5.064810892002744680e+01,4.934561409742214688e-01,-1.655222016432498222e+01
-2.914174658449589117e+01,1.943996150276024737e-01,-6.136417674410719059e+01
-3.779353992544581153e+00,2.847531490514528807e-01,-3.709117886985252799e+00
-5.057366673159846115e+00,2.897008604587926819e-02,-4.795291450317063209e+02
-7.124763220087778848e+01,8.002245077668320716e-01,-8.853946141294043670e+00
8.533850707596594987e+01,2.936511483886321619e-02,7.875384558701070091e+03
-5.982394929075644541e+01,1.963308813882024273e-01,-1.235059791600701260e+02
-6.650717510056810511e+01,1.459873468237856721e-02,-2.483294381685844201e+04
-1.545037922259072438e+01,2.393429327947719787e-01,-2.146288322651446734e+01
-1.913691314190396175e+00,1.113478632636166060e-02,-1.228282450557895572e+03
9.370402754083104924e+01,3.342155374585549510e-02,6.675674023720236619e+03
1.699609657672883500e+01,4.447603522214925165e-01,6.837340293336641395e+00
2.259767869535831508e+01,3.584134187476249456e-01,1.399862705350068026e+01
1.403448177231956029e+00,3.474059893064507937e-02,9.253625383652233438e+01
1.382464059099248921e+01,3.521558381545450422e-01,8.871033108239060994e+00
2.884939494717737141e+00,1.495486490837162064e-01,1.026506861397422377e+01
7.145048612108254815e+01,2.975761646202740307e-02,6.420946331557835947e+03
-3.632203350290178268e+00,7.005547803869362211e-02,-5.889468303661121240e+01
6.443446729679494922e+01,2.665588384273165357e-01,7.216426687437287057e+01
2.533718144994256605e+01,2.163353748682273273e-02,4.308175202047728817e+03
-4.063901381829473536e+01,2.496483191736199522e-02,-5.188908393807182620e+03
4.270973439692570039e+00,4.556173859374480495e-01,1.637255396733699131e+00
-7.174602200121948492e+00,5.049837720901436539e-02,-2.238891864345860370e+02
-1.325705211981184073e+00,1.521327073472396874e-01,-4.558184622328107949e+00
-7.187761236389727060e+01,4.811925075323005285e-01,-2.470279334645881519e+01
2.046793392678818435e+00,1.240635369472190344e-02,1.058219659540180146e+03
2.651614728501746843e+00,1.864807260885161314e-02,6.067819532492809458e+02
-1.641818148221983265e+01,1.839781580239266412e-02,-3.859958674689379677e+03
2.001094325237440685e+00,4.101586597143516699e-02,9.465725930448120096e+01
-3.863656196352887928e+00,1.054005389351610894e-01,-2.767597611531536828e+01
2.464522210618775855e+00,1.141478307225366473e-01,1.505176909666394813e+01
-2.437323366627929921e+00,6.394970043480598110e-02,-4.742706607570728039e+01
7.406336726850700103e+00,3.929885214648140557e-02,3.816223996929318787e+02
-3.068852592583329653e+00,7.084084415993344153e-02,-4.866298092918397344e+01
-3.211552730611258255e+01,8.005573027891359217e-02,-3.987680420614113928e+02
1.404173616576308570e+00,1.479199379859432451e-01,5.106901865554065445e+00
-6.573942491446528891e+01,5.289938603849937415e-01,-1.869453957508313025e+01
-3.510802757127583362e+01,3.027998958996657927e-02,-3.047088889942674996e+03
-6.901079763876643014e+00,1.016168660375714738e-01,-5.318333771933745879e+01
1.747377947457982916e+00,7.639248387787871131e-02,2.382734889177779891e+01
1.812403679512967658e+00,3.071223226672600282e-01,1.529052172276013533e+00
-2.194518612172147343e+01,7.246699835162019321e-01,-3.325438028204351859e+00
2.332997195355964060e+00,3.867674978003079328e-02,1.241093242845000049e+02
-1.010277510577845650e+00,2.411377405229870874e-01,-1.382612398101916495e+00
-8.337212822453913930e+00,9.165943148209074742e-01,-7.896901215910359095e-01
-6.004184758339725647e+01,1.829923647279907764e-02,-1.426849754798037975e+04
6.347611256046779893e+00,1.039639725243663021e-01,4.673419065783657089e+01
-1.523518426874063714e+01,6.191868975577267120e-01,-3.162236387661295112e+00
3.274893445571805017e+01,1.729377326808758386e-01,8.713804025541287501e+01
-7.810797577389704038e+00,7.179372041660579684e-02,-1.205903623012319628e+02
-3.144986189334912918e+00,2.950768502829523993e-02,-2.874343056740815996e+02
4.428309356901002580e+00,4.083858944822119780e-02,2.112937359248117275e+02
-2.590367086767150084e+01,9.615721749987560241e-01,-2.229398342666283117e+00
1.318106795800720832e+01,6.990437443003068296e-02,2.146505610345408286e+02
4.641829078134555431e+01,1.516179259071384448e-02,1.606860511553854849e+04
1.935990898986867048e+00,1.182478000966907285e-02,1.101811517308082102e+03
1.944129683435281475e+00,7.294673918998648143e-02,2.907392065550922311e+01
4.393302270552591438e+01,3.179391493125834356e-01,3.458543202706243846e+01
-1.462781781919510671e+01,3.168618214262532984e-01,-1.159390800717039838e+01
-1.840078439916797537e+00,1.362236870878053702e-02,-7.890803180041995120e+02
2.627663640816941282e+01,2.930186568530549485e-01,2.435394725576646735e+01
4.794054145975691128e+00,5.005421450440804970e-02,1.522690961924840565e+02
-1.908354090805386960e+01,4.091120413377936915e-02,-9.073285398731709392e+02
2.962505403312232488e+01,1.257398982450944336e-01,1.491087323223403587e+02
7.891747768515962491e+01,1.988991632976551405e-01,1.587440366776797305e+02
3.648294506709626006e+01,1.147568558066552613e-01,2.204564166541715053e+02
-2.337361031861695526e+00,1.118908977743005018e-02,-1.485683904196851699e+03
-2.374479414742909800e+00,8.604165472211533494e-02,-2.552354751984639947e+01
-3.888667624215377039e+00,7.810683131860327033e-02,-5.072393313309429885e+01
1.076747207300581044e+00,8.860878564325520568e-01,1.091315492496129080e-01
-2.880954484389336212e+00,2.698604493351186573e-01,-3.148096631653753086e+00
6.472637664571557536e+01,8.806271229190833216e-02,6.641823297982547274e+02
1.542574632167291959e+01,1.932393147332838249e-02,3.287345445269717402e+03
1.798486914027932038e+00,5.519857140016017072e-02,4.697229097077938320e+01
1.872082135610251274e+00,2.690771641296704764e-01,2.057601894952283406e+00
4.678048195730518444e+00,3.848903926751359034e-02,2.512931708568690397e+02
-1.775927524423253701e+01,1.365701706329169318e-01,-7.577111361875184059e+01
4.147498916691456650e+00,1.902587870777145140e-01,9.117735087015095274e+00
-8.666732936107734986e+01,1.592924768960589377e-02,-2.718034840893624641e+04
3.278058272567119236e+00,3.061602055837371258e-02,2.782975120826442321e+02
-1.959695514552965179e+01,8.563787279500948424e-01,-2.126409933483542680e+00
2.062036441622156957e+01,8.169278790347814789e-01,2.458776408197637320e+00
5.080861412810839361e+00,8.854588485986093771e-02,5.156923874507069883e+01
1.152368117432642336e+00,4.969179064569472781e-01,3.713744968652492040e-01
-1.854053708387096222e+01,1.294866230174692052e-02,-8.799594046678137602e+03
-9.173840061492244047e+01,7.052417040578651264e-01,-1.467794743257215906e+01
-1.002254026745960047e+01,7.951466047669911164e-02,-1.261460128145255197e+02
8.774327199315904124e+01,6.017832559130387865e-02,1.928074283110085844e+03
2.529350227351008229e+00,8.920129401443004091e-02,2.529628788048017185e+01
3.140324995409320863e+00,4.131119279769999986e-02,1.464297302927869282e+02
1.439402529518158502e+00,3.937032281961779789e-01,7.389829968102569202e-01
-5.349018529268739996e+00,4.139420530543004573e-02,-2.484191889970861951e+02
6.074475282190110903e+01,2.543844531876008480e-02,7.469951357126036783e+03
-1.606928485724664402e+00,4.428168822959469703e-02,-6.521362557690305550e+01
3.063346124432193562e+01,3.693267273361579978e-02,1.787165329534982675e+03
2.690742546450383799e+00,1.228400117715822137e-01,1.419000613171480651e+01
1.789576249109351025e+01,7.706070438892745900e-01,2.398139234315741497e+00
-1.236517832315549681e+00,1.518725710842849103e-02,-4.266107838225815954e+02
8.209997967420850529e+00,1.587165408272592920e-02,2.593515252030348165e+03
2.092996811607075180e+00,1.748008235929622914e-02,5.450944418258210362e+02
-1.377789767616457439e+01,5.360768857658982506e-02,-3.815214210779009818e+02
3.700580517333673924e+01,2.129848216362200189e-02,6.491763427842580313e+03
4.650337574561051213e+01,3.226972589854053275e-02,3.553727009505247679e+03
7.667629578874225693e+00,1.776982966060761809e-02,1.932345279576973098e+03
-3.008148822117695964e+00,3.906900592246943110e-02,-1.568284073466046493e+02
-1.778157543650121353e+00,1.796085488166777600e-01,-4.386381131530089128e+00
9.220100307078470792e+01,1.894463428111892167e-02,2.044340960257164261e+04
7.558748293122588002e+00,1.031088174158199811e-01,5.657810637186674541e+01
-3.374953133446904729e+01,1.363747387496505939e-02,-1.444075896355831355e+04
6.012414450168108715e+01,1.182211903241359337e-02,3.423327038736033137e+04
1.326223038968807444e+01,4.829398263967955851e-02,4.525021643499941320e+02
3.119942044492038047e+00,2.348242066901372604e-01,4.502471111816840121e+00
-8.555753561375484040e+00,1.814953138242638986e-01,-2.066890982360856555e+01
1.068282898564827654e+01,3.694246011977143640e-01,6.229092581944819074e+00
1.178805265939240954e+00,3.285818060163161330e-02,8.688507464305540395e+01
-3.209478291508349201e+01,1.493748501749199709e-01,-1.144641830843225989e+02
3.070523801903335848e+00,3.471228314163688489e-01,2.027851951566514987e+00
1.079779376272735458e+00,1.851246213600712676e-01,2.507245137235152299e+00
7.063400013755986606e+01,1.257329929574665071e-02,3.555538867744214804e+04
-8.664928592175400013e+01,8.018709766155249774e-01,-1.072373651484561385e+01
-4.526986226269088753e+00,1.398250355840482684e-01,-1.842593064077453491e+01
-8.127365452485108221e+00,3.183422895821869797e-02,-6.381918496875414348e+02
-3.165313044969758405e+00,4.435873501838682315e-02,-1.280113559631600424e+02
1.053451231854690739e+01,1.252986632188558824e-02,5.339636536002853063e+03
1.431050745215566966e+00,2.464945304580756780e-02,1.874263277337228715e+02
-3.022556726920302950e+01,9.723629744054865798e-01,-2.543945303651225398e+00
-4.548129270341641472e+01,3.705222537467686705e-02,-2.636297039487215898e+03
1.780533475220084982e+00,7.938090045560683428e-02,2.248579448904816402e+01
7.811771005515326749e+01,5.709802411458723276e-02,1.906766356416276949e+03
3.390086292840316418e+01,1.911820484712806190e-02,7.380854901806690577e+03
-1.119817500276943179e+01,5.198042419823342142e-01,-3.298053888961375080e+00
1.708071738031155817e+01,2.559450773111460187e-02,2.074926325461922261e+03
7.046074819575411041e+00,4.515319463537263434e-01,2.750175579669588366e+00
-3.335791472462900487e+01,6.219650663908576210e-02,-6.862100036575033073e+02
-3.970710974554732786e+01,7.213400934989583346e-01,-6.072650244697002542e+00
-4.217813533520595115e+01,1.709410185324219955e-02,-1.148642648344139343e+04
4.856379608480537513e+00,4.491194304833920903e-01,1.915927511710736386e+00
-2.022764128222361624e+00,6.002540958938738791e-02,-4.467505695307983871e+01
8.008071760597466948e+01,1.284864248677872745e-01,3.860144853871919395e+02
1.671450289471263773e+01,1.236763286555610519e-01,8.695817796234180719e+01
1.651193236306476564e+01,4.672386492621208864e-01,6.018808386365281926e+00
2.790737999153907012e+01,4.876004309771865275e-01,9.340734764359927667e+00
-3.586844005372690702e+01,2.377484574794739569e-01,-5.049718973333909844e+01
-1.702810466348844809e+00,5.260116719043899519e-02,-4.897401217490044445e+01
-2.621930106105008917e+01,6.388135528342417935e-01,-5.112849433406434940e+00
4.962578448742440251e+00,8.203130121893166538e-02,5.868651493903390559e+01
5.266832244029128418e+00,8.543434395977533846e-01,5.742151463419740143e-01
4.003965849021403400e+00,2.408711925830277489e-01,5.491750203650712869e+00
5.673427309592050882e+00,9.352488243127851097e-01,5.161563670980174878e-01
-1.398600557020096780e+01,1.513825792938105173e-02,-4.856596602307758985e+03
2.198192874209605563e+01,8.681563391855393053e-02,2.320919354251657012e+02
-7.438626133785942329e+01,1.777114371653641667e-01,-1.874356123694775533e+02
-7.098634291215498138e+01,3.106238748944208927e-01,-5.854573634472488664e+01
-2.173567016049577472e+00,1.962414929193192006e-02,-4.491397498124200069e+02
1.945737413689693085e+01,2.550299130915334445e-02,2.380631194214639891e+03
4.352212770984320578e+00,8.567284906270229705e-02,4.718607304304855887e+01
3.356398643128382986e+01,5.738411167720839368e-01,8.111111038249962490e+00
6.706970854090379852e+00,4.620548020829991220e-02,2.499939960932913436e+02
1.993902472764099087e+01,3.203654539607502794e-01,1.545975797951346387e+01
2.999014201659063961e+00,1.460276862063494552e-01,1.119175644559775940e+01
4.967536489600571059e+01,1.421400428467879500e-02,1.956583189678483177e+04
4.692525086921274635e+01,1.896667159161399274e-01,1.038040958889326646e+02
-4.448954930135498920e+00,3.468793355513670740e-01,-2.942329356604355350e+00
-1.847680722255816699e+00,1.933061077090906243e-01,-3.934829431494652141e+00
8.025312074986331368e+00,1.815007463645184477e-02,1.938631365324500166e+03
-1.255971475338122723e+01,1.210472292229338755e-02,-6.821190937464036324e+03
-1.262832765938974866e+01,8.133633184062750987e-02,-1.519031615471599252e+02
1.046701245282338100e+00,3.086819816945339523e-02,8.741587668920874421e+01
5.860550617276349961e+00,7.957558002063439551e-01,7.364935225177619005e-01
2.299770848586404792e+00,1.987745359137357837e-01,4.631836324408976857e+00
7.874060723348115687e+01,5.262525408365261725e-01,2.262561976198552216e+01
-1.140038546229879479e+01,1.471022231929789426e-01,-4.192481924702197205e+01
7.731835602973228028e+00,2.490212717027709063e-02,9.922014423145041064e+02
7.763893321200013986e+01,2.595847238678163360e-01,9.168777475905950780e+01
-5.759266246707523962e+00,1.501667594176972764e-01,-2.032402284549721827e+01
-3.299466640960964092e+00,4.007076323190943146e-02,-1.635229256566219647e+02
-1.119841279204693052e+01,2.233862388930483445e-01,-1.785803937167204225e+01
-2.151587553831860333e+01,1.935549038741399969e-02,-4.570258881971100891e+03
5.345169142637813842e+00,8.702485449551734809e-02,5.616489831203337957e+01
5.590452287536471054e+00,2.958910039732924324e-01,5.081285047062620741e+00
3.629644232328391240e+01,4.728689542131327417e-01,1.291732514029148327e+01
4.234779927112187536e+00,1.337292970967148865e-02,1.884377274615379065e+03
-2.049792817829922242e+01,5.344439989477495906e-02,-5.710783462910709432e+02
3.765547670865616681e+01,8.196816109301682807e-02,4.459928557302326340e+02
-1.220225278920358392e+01,2.284076041672255045e-02,-1.861268541254151614e+03
5.558687764406129617e+01,2.215470679661642739e-01,9.012191313194753661e+01
4.451913982620297361e+00,2.695406543454438864e-01,4.876276728588618603e+00
5.562744049545900538e+01,3.985231317988613964e-01,2.787225744050485687e+01
-3.329129482491114089e+01,2.772047999541809443e-02,-3.447619518007916213e+03
3.538261063458198130e+00,7.824882052302284396e-01,4.598587022132702429e-01
-1.386455301289060493e+01,4.224520047748506202e-01,-6.182174476764513926e+00
4.330398545154465317e+00,1.402892546737551649e-01,1.750931630583173870e+01
2.136036515129163149e+01,3.618525792010753028e-02,1.298181642565701850e+03
-1.050366147055200727e+01,2.315813093175352749e-02,-1.558561134308057262e+03
4.376347122315142002e+00,6.614062974868063494e-01,7.960956422118447007e-01
3.331630562502045478e+01,2.278214905508489305e-02,5.108078884187661060e+03
-1.028725592432145852e+01,1.398952075032942714e-02,-4.182962841777352878e+03
-1.048653754909417923e+00,1.567999751092685051e-02,-3.394144075573859709e+02
-4.052538558564918247e+01,9.876339001540039575e-02,-3.306171019112430258e+02
5.534687661395813585e+00,2.927440955960891045e-01,5.139335437493969927e+00
-7.163811611543716040e+00,2.493595800038970467e-01,-9.168159854699323930e+00
8.708362855026943805e+01,4.225971887972320568e-02,3.880372742428349284e+03
5.652984373435295140e+01,3.738885304372915885e-02,3.217982184419455734e+03
-2.648638449107269199e+00,3.310651213423662642e-01,-1.923029547269503148e+00
-2.075284720081923773e+00,1.020060272265512283e-02,-1.587143362143022387e+03
1.017317872566117032e+01,1.690061529781839572e-02,2.834273642111170375e+03
1.538404381438420288e+01,4.208928814928943885e-01,6.910627480328364491e+00
5.066151806857145168e+00,2.373304300275387232e-02,7.157502080541840996e+02
-2.689331572512453761e+01,6.791603195214790389e-02,-4.639699767401887129e+02
-1.431587756547470391e+00,1.033328292594642567e-01,-1.066919051849241384e+01
8.887822535360990983e+00,2.690689435464893239e-02,9.769185659093507184e+02
-2.781599628102006960e+01,5.253386661382744016e-01,-8.020584552341759377e+00
3.786647708102909071e+00,2.526235216244601123e-01,4.721689977723993792e+00
4.191053555242218920e+01,5.314322505194080115e-02,1.180911993807384306e+03
5.926948481508117261e+00,3.372332000166390620e-02,4.147254060843464458e+02
-3.356328955747034826e+01,1.758676271603201446e-01,-8.635407720550601596e+01
-8.982811244228389569e+01,6.432617265880256896e-02,-1.727535520148104752e+03
4.485445894962202473e+00,2.926453129270115694e-01,4.167855110322969736e+00
-4.060780523022192945e+00,1.190435232384358909e-02,-2.280279640299109815e+03
-4.797821438058651466e+00,1.877482652171923172e-01,-1.083134404635755210e+01
1.114707388014763323e+00,1.674170128257307932e-01,3.164840577414717249e+00
1.129054094945924902e+00,9.603967898243657153e-01,9.740998730228921099e-02
-5.813675536994364457e+00,3.690357525530651994e-02,-3.397066431485070552e+02
-2.625764187355850865e+01,7.353803157148606218e-01,-3.863864209204303179e+00
5.050190017173254553e+00,1.091747573135241553e-02,3.371734616140038725e+03
7.335226304959397226e+01,4.231839443518706778e-01,3.259457246044867418e+01
-2.983738472527551977e+00,9.615715451440776107e-02,-2.567956624364384410e+01
-3.305101889690119776e+01,3.275859237753957209e-02,-2.450893975847448928e+03
-1.073379443987962034e+01,2.603963568127788397e-01,-1.259718775738055463e+01
5.892943954468956491e+01,4.317355775306578464e-02,2.515861734145176797e+03
9.696768190043499658e+01,1.111441860179071123e-01,6.246599331377009321e+02
-5.575034060840922123e+00,8.129775685137937691e-01,-6.712441834580061828e-01
5.728015804821097134e+01,2.933816499523765886e-01,5.295761893289142819e+01
6.719836540245472634e+01,6.920594331134722887e-01,1.116508566607192243e+01
-5.550277139552093786e+01,4.397544698999394375e-01,-2.283937840318486323e+01
9.611999857934304003e+00,1.603287019101595490e-01,2.975646515388049096e+01
-2.158798004866554621e+01,2.366455327430391428e-02,-3.067647988191469267e+03
-4.836284531780300000e+01,2.844115214678476500e-01,-4.757815626890819516e+01
-1.746278665331274738e+01,9.094763037574338238e-01,-1.680044974942273894e+00
4.799185182043578912e+00,5.011263681701718653e-01,1.520768590106447826e+00
-4.623114594947877976e+01,1.215280694155675689e-01,-2.490987779768638291e+02
2.291893771830337201e+01,2.228399602629530310e-02,3.672810114127691122e+03
-9.077319065761868444e+01,1.615926988221988436e-02,-2.766331795177894310e+04
1.242602823277936608e+01,7.245801301292841001e-02,1.883430639660646193e+02
7.522359140645724551e+01,1.442061589214891672e-02,2.878568587785818454e+04
1.704013013122097631e+00,2.360402567867502799e-01,2.433833620974811485e+00
1.934927343229768670e+00,2.174206655326138271e-01,3.257265476267707349e+00
-6.605874082434433525e+00,1.971825935632429416e-01,-1.352020503777221805e+01
-7.859946437168657951e+01,2.457637077611077858e-01,-1.035557507496591967e+02
-1.239021974907850243e+01,5.390672760330386115e-01,-3.392994902577626259e+00
-2.671736285226574026e+00,6.130557794890763301e-02,-5.656968267966962571e+01
7.855001517850451087e+00,2.356686105135400167e-01,1.125467417932933856e+01
-1.235409035341908890e+01,3.074128477510540969e-01,-1.040295886241986878e+01
-3.721538747335114028e+00,7.199307151668158378e-01,-5.713882108862192721e-01
1.627872013009742380e+00,1.631177694343023954e-01,4.868642037568513992e+00
5.407180785962324876e+00,3.033225343180693048e-02,4.676830973992155123e+02
-1.528623664217498934e+01,1.399788011989076542e-01,-6.208206795168717207e+01
2.020608832183549453e+01,7.048518664855826232e-01,3.236507924609234532e+00
-1.598976497890235882e+00,3.534422358761379196e-02,-1.018580422572681243e+02
3.151183120638689328e+00,1.738098761698357309e-01,8.300703040658817145e+00
-1.149965453265330284e+00,7.192148852836008910e-01,-1.769121234089644501e-01
4.067096133996562557e+00,5.385062559533181081e-02,1.116074198002329183e+02
-9.168095105592728444e+00,1.959602142757564322e-02,-1.899911775397554266e+03
-4.763992959782896719e+00,1.241228988028047209e-01,-2.460692965088426476e+01
4.190727434597679490e+01,2.005730723353361597e-02,8.289613786078092744e+03
7.580296325087006437e+01,9.186946248287469752e-01,7.147167633636160033e+00
2.111942229408226979e+01,9.969773916261799596e-02,1.690836250540615140e+02
1.297445697993722780e+00,1.854405579573364590e-02,3.002409155077402829e+02
-5.601821358905218595e+00,4.588558199690508099e-02,-2.117224457007962428e+02
1.039936679237566608e+01,9.274719809042893948e-01,9.620451080266728683e-01
2.160576304904532208e+01,4.625283097592014503e-02,8.036798980708873614e+02
-3.963467852898906330e+01,2.260988252793715014e-01,-6.169768432971351046e+01
4.317927145113419130e+00,2.141047708539782837e-02,7.495709673183012001e+02
-1.238456886377450239e+01,1.135971289491825992e-01,-7.637237881006271323e+01
1.258178978110263246e+00,1.134691436638909055e-02,7.776371608420585062e+02
-1.987420776505024378e+01,6.861406986806933839e-02,-3.359337212176101275e+02
4.796739678206699331e+00,4.001379042004547110e-02,2.384058453605696002e+02
9.396548413027431934e+01,1.491557136830188868e-01,3.361078863243193382e+02
-1.184131632244385779e+00,4.077281895163861747e-02,-5.668245360960931833e+01
8.178498716358278386e+01,1.946310194269007532e-02,1.718065081105737772e+04
-2.089657584646237254e+01,1.203869020208833546e-01,-1.147378707622794849e+02
-6.314427289906085150e+01,2.259194596076917472e-01,-9.845024961846263523e+01
-2.289073160837129084e+00,8.865091584796433444e-02,-2.317839480399683083e+01
4.109928663971849261e+01,2.281254242722076386e-02,6.284591314166159464e+03
-8.510142286430728120e+00,9.608219008759960600e-01,-7.335693372932963197e-01
1.224492128732926055e+01,3.602134462601374459e-02,7.509764065016635186e+02
-3.828925848955747391e+00,2.825038378402252026e-01,-3.817845835396040055e+00
1.849024334203111630e+00,9.463367170892476865e-02,1.643014443831584970e+01
-1.236579025229724182e+00,3.561434535884248215e-02,-7.758219809886243468e+01
-2.638752721597546369e+00,8.552709179942005746e-02,-2.870657770302750222e+01
2.112591468450084609e+00,1.072468620636166658e-01,1.461626705783166358e+01
-2.533760486975302584e+01,3.551982164658646496e-02,-1.598137500315853458e+03
-3.323640522882399750e+00,1.045019690428830410e-02,-2.421894574051867494e+03
7.300500715272188756e+01,3.004924117856649229e-02,6.433921606838834123e+03
-1.150040059684996896e+00,1.790324269197836604e-01,-2.855220852336784798e+00
1.048486703215348648e+00,1.873693328116925738e-01,2.376599724514554257e+00
-2.355087223185818868e+00,1.834832878680426466e-02,-5.566780597192415598e+02
7.031344715580264904e+01,6.129221950447341083e-01,1.489422223035808912e+01
-9.975232672534254164e+01,6.569128647770647311e-02,-1.839490868644762259e+03
-1.683442766931065426e+00,1.724502765488359138e-02,-4.504646355355924925e+02
-2.602957732032810867e+01,1.789794200717074735e-01,-6.466228669407287555e+01
-7.433230177292892904e+01,3.835294084523633296e-01,-4.021336132781165418e+01
1.369922050196060148e+01,3.893008054745947938e-02,7.193088232491751342e+02
-4.104454959518542267e+01,1.458275871817436842e-01,-1.535911704410965228e+02
1.398565488517309241e+01,6.595018032838823041e-02,2.558827258265703790e+02
2.998953604583188159e+00,1.868665408679392459e-01,6.834343300463437743e+00
-2.133945757196354709e+00,5.811425735150148597e-01,-5.028148867829949076e-01
-3.055966612287612350e+00,6.925930564153739977e-02,-5.069702497450279566e+01
2.578199642564706906e+01,2.493903540582506351e-01,3.298734603894141060e+01
-2.044070963143529340e+01,3.767582140680578728e-01,-1.145936745766463893e+01
-7.941990523339406138e+01,5.154328991839295798e-02,-2.378894760417927046e+03
4.700411758765508097e+00,9.439717330789456629e-01,4.197667749288262473e-01
1.018698552402056912e+01,1.192239959714634125e-02,5.703067048825622805e+03
1.113569788407969607e+00,1.954043599904441153e-01,2.320807270401247902e+00
1.574996774170591607e+01,6.105277715013242290e-02,3.362474171490334243e+02
-3.348019480394935243e+01,6.504974938621265190e-01,-6.296320936562931792e+00
1.574343857997319773e+01,5.296638278332084226e-01,4.465695436165581178e+00
-1.508036133432538062e+00,3.022770424738825956e-01,-1.313383496700557096e+00
-4.514637981526504973e+00,1.304786613309168002e-02,-2.110250842244164687e+03
-7.396545878968070475e+00,4.401183579413367464e-02,-3.038646107978497071e+02
2.589927719628568603e+00,4.604516048293832986e-02,9.720974365468144640e+01
1.323496797636437172e+01,7.622723314996539268e-02,1.812561362849725981e+02
-1.777691419593811828e+00,1.095026857183621499e-01,-1.179768972294603557e+01
-7.283241211360727618e+01,8.109997325432007076e-02,-8.811978065715281900e+02
-1.959703227032506234e+01,1.239475634645473140e-01,-1.015089781473268999e+02
-8.550236206821489660e+00,5.409976475641108812e-02,-2.324756631733846746e+02
1.594353652929322074e+00,1.180218411600605574e-02,9.108566351215378063e+02
2.752683433663867696e+00,5.821292873643250237e-02,6.464091661028645319e+01
6.309791767749512559e+00,8.691415255038840160e-01,6.646976803300839176e-01
1.327845208943396971e+00,8.691161081736219485e-01,1.398884920001529919e-01
1.192376686467383173e+01,3.380160342707251298e-01,8.304796743636954304e+00
4.371960489431409513e+01,5.720232277763140916e-01,1.063258922641193926e+01
1.273188501619932023e+00,3.630738056095120236e-02,7.685869550255982574e+01
-1.248956310115820756e+01,2.831707581903143423e-01,-1.239483001763350778e+01
-2.850314263443326723e+01,1.800232779577029540e-01,-6.998831720389114253e+01
-1.389517049784264380e+01,7.308792146955199742e-01,-2.069964005160131570e+00
-3.574369746161059958e+00,1.070963495946730334e-02,-2.479934871266802020e+03
-4.649644239845191152e+00,4.822364837932111709e-02,-1.591071632787089527e+02
-1.072720798537411202e+00,2.591683941461652707e-01,-1.270904043660438187e+00
7.739689073535056529e+00,2.669126947695655075e-02,8.645202893465386751e+02
1.589014187267966616e+00,1.044895208266282891e-02,1.158170331604971807e+03
1.106906596526274100e+00,4.588363413549068071e-02,4.183940456594272206e+01
-8.936998599289451306e+01,9.064632510019654532e-02,-8.655285975900281983e+02
-2.521685812437683438e+01,5.288301497218015346e-01,-7.175442631160138696e+00
1.838012529211761148e+01,5.091232618223875267e-02,5.642774859220777444e+02
5.790383502741295985e+00,1.476683385072831770e-02,2.113112833101191427e+03
8.218134064958705665e+01,1.540867668896434006e-02,2.754435913854177852e+04
-1.069116165072291125e+01,1.577633557571563733e-02,-3.418241646342583408e+03
1.432347437853115402e+01,1.095197376036522313e-01,9.502846678622034915e+01
-1.140287031585590682e+01,5.303327377719005975e-01,-3.226320047153516057e+00
1.064783370412482633e+01,7.541375758734789048e-02,1.489876378294319750e+02
-1.705699924079917329e+00,3.584592462846117322e-01,-1.056363024960824237e+00
-4.933854903453621432e+01,1.857404903245126471e-01,-1.138055217222335358e+02
6.152566530305062287e+01,1.552519015579295059e-01,2.031293122822746682e+02
1.266474234846452385e+00,2.488458259832816710e-02,1.627517900448829664e+02
-3.452296723035765069e+01,1.175670465661167625e-02,-1.987591063342766211e+04
-2.182409814449944641e+00,4.208881597392767626e-02,-9.803767990516402620e+01
1.140715773660870447e+01,1.095651819274388594e-01,7.561752429767058459e+01
-4.693920368042973479e+01,5.539537886130369015e-01,-1.217247187118890395e+01
5.145288841686934234e+00,2.305597632446317047e-02,7.702520463463989699e+02
-7.543016435304582501e+01,8.685616464079286281e-02,-7.956716675212499013e+02
-6.116134069695556619e+00,2.952628375176460929e-01,-5.582767668549593054e+00
1.567213717944448081e+00,2.141878223290092365e-01,2.718496697310019972e+00
-2.041756239947017271e+00,3.106941244488940074e-02,-1.683169863918621445e+02
-5.531803643682906824e+01,1.068427981019200168e-01,-3.856260692529696712e+02
-5.526568986368234704e+01,3.080206774626713384e-02,-4.635386889497448465e+03
2.350412533237439039e+00,1.047982035393947055e-02,1.703046688807046166e+03
4.608197972367574557e+00,1.858850280205005118e-02,1.061286016507289560e+03
7.897177961413127001e+00,3.072061101319752963e-01,6.658897996823609944e+00
-1.746009430737920454e+01,1.926037859073050432e-02,-3.745476546914196206e+03
-7.513875967222363172e+00,8.141824187355378717e-02,-9.020086817617934116e+01
-2.962453175951213602e+00,2.424716097682998450e-01,-4.009773479973129717e+00
2.973180425962393514e+01,4.026992449868813106e-01,1.458981450178009709e+01
9.059561259005427303e+01,6.885990004266716313e-02,1.520423333733227537e+03
3.034621309338671136e+00,1.428708514191720166e-02,1.183061641464914374e+03
-6.586568177552964976e+00,6.060404723927647480e-02,-1.427072612327376930e+02
-1.004128024914396811e+01,1.330194801058101617e-01,-4.515945915749411910e+01
3.399007309058254833e+01,1.658171806802244130e-01,9.837464563540501672e+01
2.005946506738493795e+01,6.856264206360571656e-01,3.395739713289690709e+00
5.052045039101552781e+00,4.280849436232125882e-02,2.193802075232650282e+02
-2.803684526779691311e+01,1.943298542340855806e-02,-5.907996522105463555e+03
-1.408012327662589991e+00,7.753754779845768719e-02,-1.863684826796767169e+01
-9.827263205359404452e+00,2.594262165260192710e-01,-1.161970226334404188e+01
-9.524658065818836405e+01,7.548430929411815982e-02,-1.330228225055221401e+03
3.247970953331721944e+01,2.341931084365678553e-02,4.712529161181467316e+03
1.642585782713948106e+01,2.307405520702913992e-02,2.455106525920235072e+03
-4.044652413563043325e+01,8.019084185584476887e-02,-5.005204148589432975e+02
2.717439277439424927e+00,1.441533844939793703e-02,1.040639478322048717e+03
2.480565240728731524e+01,3.469655002678810607e-02,1.639714367585333548e+03
-5.697840356957939889e+00,5.164035314406194288e-02,-1.700286105485550081e+02
3.221541056584390272e+00,1.216434415796915358e-01,1.732512627989820686e+01
5.128265384539189142e+01,2.081963688459821660e-02,9.414869966241998554e+03
-2.044484172667930366e+00,1.487293764668188266e-02,-7.354961003084794129e+02
1.165358079172458039e+00,1.185480250910385253e-01,6.598737929051055495e+00
-6.701781381822462969e+00,8.385074538311534376e-01,-7.585191286383877740e-01
2.087181838963426461e+00,8.001847382524653884e-01,2.593999543713365052e-01
1.266108843638333425e+01,1.908363799784136561e-02,2.766552007736289397e+03
2.392731643641815253e+01,4.597257986668259327e-02,9.009203091584730601e+02
-1.162504564346593217e+00,2.951800999107824786e-01,-1.061721597632766301e+00
-1.689962767144643552e+00,3.669141142282379003e-02,-9.989377739920338684e+01
1.265440527376706648e+00,2.702647803709832819e-01,1.378646640304100446e+00
6.899393803395790670e+00,1.416138508202698099e-01,2.737723635551221690e+01
-5.655501869874118626e+00,2.185918047175190726e-02,-9.418755753474907806e+02
8.850540069186175174e+01,1.573444026667638468e-02,2.844836507090031955e+04
-3.836236583266039446e+01,4.594303534618634360e-02,-1.446292550716452752e+03
-3.962009874924783759e+01,6.174645149445250336e-01,-8.269546264736835184e+00
4.784376393376687631e+00,2.211977922897004345e-02,7.781331162333137854e+02
5.448345871624267645e+00,2.681990876502980958e-01,6.027541557066621536e+00
1.699222019783103610e+00,7.744149494469995121e-01,2.254720986419261608e-01
2.473127857451122846e+00,1.691580465195866023e-02,6.877829143748249408e+02
3.889075528949651073e+01,3.863467405184600190e-01,2.073394816021285081e+01
-1.050862032587169592e+00,1.057882335798864849e-02,-7.472417113282944001e+02
-9.756794814250550019e+01,5.595424502526681332e-01,-2.479883204299413535e+01
-5.609928653517253849e+01,2.566408860081981561e-02,-6.777909754980869366e+03
4.091697611911486732e+00,9.729673837299807060e-02,3.439514168795030713e+01
-1.458309877242140828e+01,1.827298918557116944e-02,-3.475527737695213546e+03
-1.905239561906615009e+01,1.721916454857068748e-02,-5.113468376873945090e+03
4.513539737769279014e+01,1.698552014574371619e-02,1.244943680051088086e+04
2.870532693680414305e+00,7.866100409648897340e-01,3.691761717068765547e-01
9.738622507279735885e+00,1.640150751864116740e-02,2.880846597339537311e+03
1.178561759687350552e+00,1.867306240854873720e-02,2.689746705181898960e+02
-1.872784445617300841e+00,3.368158159003669522e-02,-1.313690249842069875e+02
1.004030281303348815e+01,7.546907971113875346e-02,1.402809954235621888e+02
1.996737841123024282e+01,5.556866961213710598e-02,5.145779658698833146e+02
-1.409326923937191278e+00,3.224818901007648481e-02,-1.078428169752281320e+02
-5.499031835230565690e+01,1.347088863696548899e-01,-2.411481187120168954e+02
1.031214761077791975e+00,4.221698715448456846e-02,4.604312417998090723e+01
-1.698670178150794285e+01,7.698547366438925899e-01,-2.280770704430311824e+00
1.253463378073174761e+00,3.783694751966941439e-02,6.967381653760635629e+01
2.346361802982494638e+01,3.653917266684002241e-02,1.398516828557171948e+03
-3.868204447295490844e+00,2.472878827093051915e-02,-5.033775974800832955e+02
4.303333788784600245e+01,2.143656391232488523e-01,7.452205515163329608e+01
-3.617690984175533941e+01,1.146766010990464026e-02,-2.189132147836855438e+04
1.674611006574089345e+01,4.042609398886797684e-02,8.154184139483514855e+02
-5.835211462625245815e+01,2.423280111319543462e-01,-7.907505437556098116e+01
-2.761208886211024804e+01,1.099294959445281002e-02,-1.818280683869588756e+04
2.137534430532395113e+00,4.204363899340451960e-01,9.622826557846212436e-01
-9.108126339320870102e+01,1.521080734955340512e-02,-3.132670016322169249e+04
-1.407866131844865309e+00,2.200542696558918376e-01,-2.313619300228928477e+00
1.153704813693706477e+01,1.786105280562305941e-01,2.877867082904077023e+01
3.067941144234925233e+01,1.479612661473289972e-02,1.115170010401741092e+04
2.200554598720033450e+00,2.869088218163614035e-01,2.127328117544062369e+00
-8.062613227168993646e+00,1.180219948865609408e-01,-4.606171039737847650e+01
3.539720271472373980e+01,6.755113775843279988e-02,6.172963976438761620e+02
2.230480427136476429e+00,2.822756598352271773e-01,2.227622983285463931e+00
-3.317254657397364692e+00,3.223479886793751414e-01,-2.540498945708843159e+00
6.681616054073123756e+00,3.207809558856228316e-01,5.167190793313864106e+00
2.833618270794407312e+00,4.725063321993905885e-01,1.009988000693448962e+00
1.546015768942514468e+00,1.470256327891301777e-02,5.691384683256510471e+02
9.974684336479780811e+00,1.461980513817068283e-01,3.713694106429628050e+01
5.307770228872992213e+00,1.140945560136062860e-02,3.244683981732550365e+03
2.517906467613193300e+01,7.468049165618469154e-02,3.592653992725204830e+02
2.427498058193548136e+00,2.780236896874542785e-01,2.499110285499190454e+00
8.287927032773367841e+01,2.386553887621893077e-01,1.157960019113330645e+02
-5.620867432878625181e+01,1.892828496141176625e-02,-1.248449407401660756e+04
1.546545880308328957e+00,3.470338431506318488e-01,1.021902084148989198e+00
-9.531704898499413048e+01,3.668884875325821304e-01,-5.634982288272880169e+01
1.182073997151265710e+00,4.516107215193258806e-02,4.612180681366221791e+01
-6.952082661645207828e+00,6.339675750301806967e-02,-1.376483377953561558e+02
-8.716454728253257400e+00,7.714181721313988493e-01,-1.165602001119495856e+00
-4.445948137856343685e+00,2.746810464499770121e-02,-4.689182567705662450e+02
-7.488762754926248988e+01,1.622744677024411802e-02,-2.263079558488857947e+04
-4.697878744007193852e+00,2.930647954988222295e-02,-4.352759133267580296e+02
-2.272605131016001323e+01,5.258213268825700365e-02,-6.540903250712603949e+02
4.689056001523127293e+01,1.412188503334175504e-01,1.871070762048744598e+02
1.772086507844792536e+01,3.045975005877805675e-01,1.519925790410592370e+01
-7.691287442463870860e+00,5.441270862430448718e-02,-2.067228518584693973e+02
-6.489611349119100225e+01,1.044741694770273850e-02,-4.731414208082514233e+04
-1.296605441321250574e+01,2.484930616993454577e-01,-1.670973035122344896e+01
-3.683951287371758809e+01,1.650581530183859724e-01,-1.076044055705846887e+02
5.414050159317299382e+00,1.105480272044582768e-01,3.525416376077287595e+01
9.077777860788126318e+00,1.848047953544759703e-01,2.115159950087206298e+01
1.557574543538819256e+01,1.520775078610423214e-01,5.359311527710056566e+01
-5.428103094985917210e+01,3.504369345660598989e-01,-3.517373425792156638e+01
7.997415855258984152e+01,1.191630472011735858e-01,4.481842748617551706e+02
2.898373089347525244e+00,6.427950725510032104e-01,5.582122293519139467e-01
-1.713026538652639763e+00,3.476644659256936803e-02,-1.127803967341175735e+02
1.688809975836054411e+00,3.997308291706783701e-01,8.410767595202041091e-01
-3.002079863129642590e+01,1.551321117414539708e-01,-9.926793065331698074e+01
7.947316140882222157e+00,5.227030520739883723e-01,2.314731135935621076e+00
-2.585855517309325169e+00,1.103896361484883910e-02,-1.688642780356242156e+03
7.315045179632777206e+01,2.464181103209640289e-01,9.586540317991284610e+01
2.114575441932880828e+00,5.664287812812134754e-02,5.244724680492433322e+01
-1.122929826623367378e+00,1.971619344396808027e-01,-2.298775777905939677e+00
9.518310239673962769e+01,8.784391824592868714e-02,9.815820182601135002e+02
-3.225334941805291322e+01,1.109511987105792942e-02,-2.084975519671837901e+04
-1.038261493027156757e+00,1.846695942386535894e-01,-2.422736003768821700e+00
-1.384326857788208409e+00,4.768762451561758126e-02,-4.844147987974581326e+01
1.214761822819608206e+01,1.049341211336417279e-02,8.779055844083142802e+03
-8.048074777694830928e+00,3.016124321645817230e-01,-7.040178350973006260e+00
-1.512317625376693009e+01,1.495768095476024961e-01,-5.379038077167395215e+01
-6.475133708323864035e+00,7.532240402753455077e-01,-9.082188916959894609e-01
-1.395320455307371077e+01,1.558736635278439586e-01,-4.570025373256081025e+01
2.934644871538032884e+00,1.183976134983017042e-01,1.665941675157802493e+01
-3.619745177039766837e+00,2.433221959157070083e-02,-4.865244604723155817e+02
6.648397398766010546e+00,7.408055602398736506e-01,9.640479604531255742e-01
6.185872253977988677e+00,1.051298235280156285e-01,4.453887183521020177e+01
9.508205247209328093e+01,1.092873937396156986e-02,6.335028101320822316e+04
1.280732849203405799e+00,3.530930540361338493e-02,8.174672001183965619e+01
1.920551077844865562e+00,5.953758020913176019e-02,4.311552102635358352e+01
3.216932045441023735e+00,8.146310003706934699e-01,3.857537504038401344e-01
-3.375537223067678561e+00,2.310585120944445500e-02,-5.031402864568902373e+02
4.136343850498881203e+00,1.140834404419719360e-02,2.529074078878723412e+03
1.355300187686738767e+00,2.131004618454580279e-01,2.374963024590228233e+00
-2.438079855871265877e+01,7.984975466381175613e-01,-3.042922489346653769e+00
6.282701991889016568e+01,8.698898796997818483e-02,6.607056788830831238e+02
6.275869707552574539e+01,2.771429965949159108e-02,6.502138825563201863e+03
4.290929628202782453e+00,8.665651434384954999e-02,4.547148064437730852e+01
2.805805790771241703e+01,3.247303302596850627e-01,2.117395738803861960e+01
-3.042897797957695261e+01,2.281163820595453751e-01,-4.653337493559180871e+01
9.333368572224165050e+00,6.798008559849137988e-01,1.607182289888237525e+00
3.179576243731705887e+00,4.286966902085542763e-02,1.376762785897865626e+02
8.665138874334317620e+00,8.341105404359876185e-02,9.911022106683095956e+01
2.142090153584650025e+01,4.872948591357635917e-01,7.178673835548991633e+00
2.076237761840201479e+00,7.082734885349774301e-02,3.293557497656832567e+01
2.451764564283830694e+01,3.770292863017594281e-02,1.372520146211748852e+03
4.697807928326907856e+00,3.766865551474228857e-01,2.634663492070119073e+00
1.949025460163938916e+01,1.035096322898757110e-01,1.447591808013498280e+02
-8.092337522508697134e+01,3.598309466171364240e-02,-4.973557024527965950e+03
4.046020269591234175e+00,1.714451850865785637e-02,1.095387055835040883e+03
-2.209711799183951442e+01,1.489220067034573991e-01,-7.928810009222104327e+01
-1.923379349990933962e+00,1.118847921400400736e-01,-1.222680444688260870e+01
-1.212490833830996317e+00,1.286041205767010469e-02,-5.833898007543131143e+02
9.755941721874867767e+01,1.151832079562253724e-01,5.851685726046404170e+02
-1.026204847302782674e+01,3.923972075292328499e-02,-5.303619778412254391e+02
3.017152793832933888e+00,2.493978558689173564e-02,3.860130696420789604e+02
3.941459614640794484e+01,1.590284406971017583e-01,1.240216816327716742e+02
4.790252414181026097e+01,5.092928675494401425e-02,1.469648061753519642e+03
-7.890323969119334890e+01,1.085468183335282083e-01,-5.329062023803396642e+02
5.093709376562533642e+00,2.923610716448235003e-01,4.742258332075997451e+00
-7.471467180386697748e+01,1.363575670801279484e-02,-3.197698707248023129e+04
-6.194224898393456868e+01,1.512316225247403202e-02,-2.155221358506145771e+04
-1.004723135655076538e+00,2.046833038026215842e-02,-1.908410081638243412e+02
-8.336790930026518609e+00,1.336728538985049453e-01,-3.712808979930098729e+01
-3.853623135356509799e+00,1.927458101979370175e-01,-8.254475519102888015e+00
-1.348302932406391008e+01,9.518119492943927229e-01,-1.184337033331920086e+00
1.929382643156159149e+00,1.893012103344097752e-01,4.284515534503287704e+00
-1.741782932709264387e+01,6.375089118393159060e-01,-3.410449681418760370e+00
-1.223726605846871074e+01,1.370741388745791434e-01,-5.182788493588056866e+01
3.282722812256898237e+01,8.976524701179992016e-01,3.241961764882753894e+00
5.059908359140012024e+00,5.711444647580405931e-01,1.234357166756575808e+00
-4.174593234324167845e+00,1.256895141628109301e-02,-2.102839885347863401e+03
-2.965209251166662341e+00,6.020968293415659284e-02,-6.508977974843548964e+01
8.950023798541215214e+00,3.803759807624575856e-02,4.922527554044682461e+02
-4.066303144615515919e+01,7.804216526411615618e-02,-5.312895425587996669e+02
-2.377214953452066570e+00,2.263449910418048952e-02,-3.692468620061414981e+02
9.481238635978738216e+01,2.303231759099651568e-02,1.422263068022362495e+04
1.793579215649374348e+01,9.487130227377336966e-02,1.585772836858894266e+02
1.529388285074745335e+00,4.052435587513213144e-02,7.410980218840036571e+01
1.076516310311004432e+01,4.031436018002363536e-02,5.270978041547205066e+02
-2.663051967258373764e+01,2.056274730711025733e-01,-5.011958892122054721e+01
-3.245894981167486648e+00,5.553863531816984056e-02,-8.374023822546523377e+01
1.771189800464864295e+00,5.400388039505331639e-01,4.832872136209748759e-01
4.306529263075112368e+01,7.758707188470803651e-01,5.692968942370026042e+00
3.944126102694713865e+00,3.323138582373836303e-01,2.842130547080130576e+00
-6.167934737429627745e+01,1.052252097904755185e-01,-4.432924200060764974e+02
-5.206016171799263681e+00,2.911823570508154449e-02,-4.886135814274753670e+02
1.047492926577650252e+00,1.504415370020163456e-01,3.683033858456516541e+00
2.783860541386652621e+00,2.245062938592226054e-01,4.395219511948492475e+00
-7.472306294534088522e+01,1.352875367491888740e-02,-3.248846726165061409e+04
6.097789912204687468e+00,1.935028236437652885e-02,1.295949206155030197e+03
8.292057803480510358e+01,1.079298980991558014e-02,5.664595758136741642e+04
5.354538426948725949e+00,1.130272640013558344e-02,3.335383267281462849e+03
5.473508771447644250e+01,2.401921891500040096e-01,7.549847746805609461e+01
-2.043499773308626288e+01,1.946047375080083852e-01,-4.293959190080193622e+01
-3.399737383368951260e+00,3.717984801189049698e-02,-1.957132760094531818e+02
-3.540780805475696624e+00,1.355680039333117745e-02,-1.533115148743768714e+03
2.310208266119280296e+01,1.237999330615697502e-01,1.199500545246978049e+02
1.412385416253703241e+01,1.568105047428238197e-01,4.570808802478065047e+01
2.761702688522855276e+00,3.927313641653228798e-02,1.424872112163213558e+02
1.393277425472877917e+00,5.377995897867681174e-01,3.833423521025047243e-01
2.798865235667536755e+00,6.347698957409603215e-01,5.527636551282708588e-01
6.239814886723372034e+00,8.863899023627334062e-01,6.319929619631173834e-01
5.257579368546764442e+00,3.480572725187582039e-02,3.453619981191214379e+02
2.013854400661648825e+01,6.213009564013941555e-01,4.151587159543944416e+00
1.272086787144505848e+01,1.693976940406339837e-01,3.527701985138598673e+01
1.547025812116426025e+01,1.865037262445361221e-01,3.539261643908083954e+01
-2.009686812210609297e+00,5.374710300526274603e-02,-5.536156996753799575e+01
-1.984211798030496254e+01,2.285128905944262823e-02,-3.023825712053715961e+03
-4.323747592415222663e+00,1.392545851415211491e-02,-1.774318013048896773e+03
-6.471416760009356395e+00,3.822252925038552851e-01,-3.524931339215533921e+00
3.870224108127497686e+01,1.138406966947855779e-02,2.376463563664475441e+04
-3.968023598328050738e+00,9.138918894349917776e-02,-3.780721927188418618e+01
-3.871897762134945076e+00,1.057121596511682582e-01,-2.757173695236482658e+01
-6.111938682189150995e+01,3.617471249678187034e-02,-3.716712327607610405e+03
-3.676280308362637417e+00,1.508050771163696804e-02,-1.286372738906071845e+03
7.311270203486817998e+00,2.384868400766880156e-02,1.022949352814356530e+03
-6.686677143587924377e+01,1.583317228909313368e-01,-2.122582675745321410e+02
-3.460357230906715209e+00,4.713837572117372532e-01,-1.239258322709280380e+00
-6.357181305155137352e+01,1.272271675312880990e-01,-3.125323780115523959e+02
-9.615104371534592076e+01,5.216233281122919369e-02,-2.812095900942073058e+03
-1.532789370652175442e+01,1.799411824797940984e-01,-3.767137531611972889e+01
-7.385425180398990541e+00,1.417109150704922403e-02,-2.926570792211879507e+03
-1.366150870021652697e+00,7.042700484958408502e-01,-2.191847635189442256e-01
3.994334050556017246e+01,3.703869757318826728e-01,2.316984374786814271e+01
-8.639732831250502443e+01,4.025813934848059827e-01,-4.242120993642134152e+01
-1.914351119712699445e+00,1.187834782190259203e-02,-1.079691435322986308e+03
3.581714694994827308e+00,1.143029551872929740e-02,2.181555203556331435e+03
1.639706736563631750e+01,1.177169125457471974e-02,9.416263236175562270e+03
-2.451689258278982209e+01,2.006168929693611658e-01,-4.847530610198226242e+01
1.267986981243035771e+01,2.263789458382017561e-01,1.968941732168504899e+01
4.035022330398384760e+00,1.132023622247415283e-02,2.505677074810931117e+03
-1.558608970203015698e+00,2.941820884619310017e-01,-1.433160578927472839e+00
1.031798444130406445e+01,5.856706497548145318e-01,2.393746100740769212e+00
-9.433768742665408880e+00,4.360307165117582873e-02,-3.948582284662078905e+02
1.260029286484556810e+00,9.621524596143765651e-01,1.083135989835693619e-01
-5.817354600405486131e+00,1.291407509623294370e-01,-2.775805667887823347e+01
1.255574585780778740e+00,1.354411935704353045e-02,5.446670559197219745e+02
3.918089887682237205e+00,6.297624159857262427e-02,7.861602011521807754e+01
-9.433705788975980511e+01,1.464562347293358463e-02,-3.499908854480439913e+04
2.404048715712613582e+00,4.691919634644227677e-01,8.690250003477562046e-01
-3.076817303341446763e+00,1.277897836145652430e-02,-1.499338095402849149e+03
-6.602236555081233860e+01,6.353757295709024089e-02,-1.301427483891478914e+03
4.262785482080619914e+01,1.110606430910398255e-02,2.750193467650072125e+04
2.611245035562051342e+00,1.971460220457676646e-02,5.346403426237648091e+02
-2.766245998713421272e+01,1.281658511830744383e-02,-1.340097146554801475e+04
-1.562789374568020584e+00,6.199828038100008154e-01,-3.235424710629554168e-01
4.686881119225974146e+01,2.404754146637714043e-02,6.449598939141432311e+03
1.947350449098432534e+01,8.019021629112129679e-01,2.409858158793253491e+00
-2.449054865101095935e+00,3.003458095362444152e-02,-2.160456351556904906e+02
-1.531296612609590602e+00,6.016180884417166030e-01,-3.366725333805423159e-01
-5.167580457736209887e+00,4.302104315264824314e-02,-2.221853959256916369e+02
6.521351300494278291e+01,2.193496013491865945e-02,1.078584147757252686e+04
-9.474267272173905852e+00,3.581832787437469467e-02,-5.876586768560206337e+02
-1.853119950226913337e+00,1.475369625288710240e-01,-6.774730000086425896e+00
-4.995365487849694119e+01,3.423330126881311553e-01,-3.392031220118376211e+01
-2.215799647503599701e+00,2.250603914896742372e-02,-3.481147978943824342e+02
9.020792162442533879e+01,1.222699007587409008e-02,4.801707414934589906e+04
-2.920251695666389313e+00,4.624264505738018283e-01,-1.086738581337941101e+00
1.580115009773622958e+01,9.646658817502826722e-01,1.351216678166032192e+00
2.002541926570789244e+01,7.557144372184633196e-01,2.790334799051623182e+00
-1.572365698692343194e+01,7.982915067350100369e-01,-1.963453767678721817e+00
-3.612150272606890411e+01,3.498690279272007042e-01,-2.348253340261787159e+01
6.929603064538831347e+01,8.517978562089334460e-02,7.600206791189580144e+02
1.587375511009585072e+00,1.472157046636376199e-01,5.828563439345592734e+00
7.034318010330092363e+01,8.769722238711238904e-02,7.278476055360873715e+02
2.188706572182017496e+01,1.005287644131568070e-01,1.723443254420807307e+02
2.945275009463504290e+01,1.666416969286436262e-02,8.440120159008425617e+03
1.611159700713906906e+00,7.200333935456999512e-01,2.472996202540161392e-01
2.434534590713014168e+01,1.244644801850679217e-02,1.250590790587119409e+04
4.101376770281747852e+00,1.590699457163975983e-01,1.289862858736520224e+01
7.185123889290238708e+01,3.883631916955936347e-01,3.790951895876144562e+01
-9.306968908496358495e+01,2.777894210740019382e-02,-9.597696084937360865e+03
4.054343262452005270e+00,8.346047329512301660e-02,4.631791113420540995e+01
8.503729204800622554e+00,3.938720920387007718e-01,4.362034923548956833e+00
4.313865012905380070e+01,2.449890589504785388e-01,5.719569061160407841e+01
-1.567253012488329933e+00,2.203727954751185519e-02,-2.568108023093756174e+02
-7.046103575553214426e+00,2.172770917368826438e-01,-1.187712370063677447e+01
-6.920706137403067260e+01,2.969148211982085284e-02,-6.247076021281962312e+03
-5.424921713626181585e+00,9.887838836574888712e-02,-4.415509799575917071e+01
-5.234221695255326878e+00,3.073334955499920640e-01,-4.409836198379385230e+00
-1.560460294119586777e+01,2.564486244718677810e-01,-1.888174423685440217e+01
1.537069686777042143e+00,1.504725487284807872e-01,5.402181102262234802e+00
1.023095348627963030e+00,1.094690850372796037e-01,6.793964446155279724e+00
-5.768955274982412007e+00,2.369294507380732828e-02,-8.178039666916999977e+02
-6.474752318053988986e+00,1.806500421470648432e-02,-1.578836512078432861e+03
-6.065163498214786841e+00,3.832846943139575080e-01,-3.285410907819461546e+00
2.785513522884967585e+01,9.010433990372833657e-01,2.730259886089776433e+00
1.153629826294339189e+00,1.275739859955887512e-01,5.640691678056512615e+00
-8.986079871027348176e+00,4.301713310221306763e-01,-3.864359161980918334e+00
1.053216152747083534e+01,6.337574197753115257e-02,2.086707289782054318e+02
7.283886276642809321e+01,5.370029480466956828e-01,2.010018028229761100e+01
3.675646746760484262e+01,1.197830134790025571e-02,2.038606631588004893e+04
8.360319112815820120e+01,4.631960214167121781e-02,3.100868504494655554e+03
-1.132244445842960134e+00,2.618695279507964047e-02,-1.313894226402480001e+02
-1.454783595749316483e+00,1.941567371971970879e-01,-3.071026762417551126e+00
3.447701592196673914e+01,1.845354050815933011e-01,8.056759510243597333e+01
-3.504003244850887988e+00,9.543750067280289962e-01,-3.061374925351054710e-01
1.372253027950434223e+01,1.308261389108225370e-01,6.380214582091741704e+01
6.316192303209269276e+00,5.046964414001929577e-02,1.973263101458446158e+02
3.407526347974804537e+01,7.046648069611527454e-02,5.460899630277069718e+02
-1.018779648141106886e+00,4.340702122870987445e-02,-4.302792758715632715e+01
2.792410476884353177e+00,1.609772270559992613e-01,8.575126008259044141e+00
-4.798219710851143560e+01,4.767172400101471474e-01,-1.680151911393343411e+01
-1.665639028411480282e+01,8.824663536645080408e-02,-1.702059401929969908e+02
1.383545812291357979e+00,6.473856401360719715e-02,2.626984777794654491e+01
-2.075798590678276323e+00,2.394973581163443166e-01,-2.879876702769448737e+00
-1.193327260904510467e+00,8.364927524683294369e-01,-1.357142131060690149e-01
-1.383630806011975878e+01,4.114616809128081309e-02,-6.503566224562543994e+02
-5.394470343522326061e+01,1.616194614995221032e-02,-1.643431606380001904e+04
5.227177106584006339e+01,7.253752580036829656e-01,7.905546089336317195e+00
-7.739481614455689495e+00,2.594201402083909369e-02,-9.151549422233830455e+02
4.931083354692155041e+01,2.543709031569617654e-02,6.064536523321722598e+03
2.014690326854168134e+01,1.131970428707377956e-02,1.251204431859653232e+04
-2.274059501847823128e+01,1.083094585737405524e-01,-1.542620826280217443e+02
3.758977282378499929e+00,5.596665701007462745e-01,9.549950137642451153e-01
-6.190042272245355193e+00,4.008620278362239053e-02,-3.065447711698736839e+02
3.381541633771639255e+01,2.108016533898780451e-02,6.055595381592390368e+03
-1.077658389567835329e+01,3.057841598760895063e-02,-9.171519235537582517e+02
9.364184914409543126e+01,2.401357235489956499e-02,1.292250094517829893e+04
-2.118208159556144832e+00,7.226583519539704625e-02,-3.227696713519232929e+01
-9.728782212275434915e+01,1.727940968176678860e-01,-2.592930130136098796e+02
-2.879234372759295280e+00,4.146724089351166986e-02,-1.332468266959386654e+02
5.973232883042878250e+00,3.198723641614775737e-02,4.645646315646239941e+02
-3.180618733315470692e+01,4.232425536690647555e-02,-1.412937970815660719e+03
-6.500668990827726645e+00,1.613412889940937442e-02,-1.987271224424249340e+03
-5.663364484068061699e+00,6.566698579884996390e-01,-1.045130410694449230e+00
-2.473342463948744907e+00,3.802433838994406096e-02,-1.361291263610974056e+02
-7.241430784944739685e+01,4.657814626825809157e-01,-2.656134844902893732e+01
6.418762300342204519e+00,1.164491329839793532e-01,3.766768330894580430e+01
-3.041385602665410470e+00,1.049235651008419978e-01,-2.198444693001658479e+01
6.318757312974702245e+01,2.436619157604320851e-02,8.469280222926525312e+03
-3.412123904293610366e+01,1.539701495507032197e-02,-1.145359615267117806e+04
-4.149742735966602147e+00,6.271894205247207088e-01,-8.394867798520617708e-01
1.206149777409695112e+01,5.470141738403876408e-01,3.207703498367425077e+00
1.241676908399807377e+00,3.824319216501423369e-02,6.756012883197297469e+01
8.570298614091440115e+00,3.981913737339819181e-02,4.301326358591035728e+02
7.462735978220611344e+01,2.759834202552540749e-01,7.796904736919329082e+01
-9.586155389579323227e+00,9.613669368999686604e-01,-8.253843627259347393e-01
-5.224723603923112414e+00,2.846472638346832229e-02,-5.131442058713488450e+02
-3.071892953446792696e+00,8.494010410132152300e-01,-3.388212464971758209e-01
3.111290691552012433e+01,7.955120977054275233e-02,3.912345032489300820e+02
-4.872704569616623616e+01,6.440483524004564364e-02,-9.348098285887551810e+02
-4.893333366104936744e+01,1.484761406004337161e-02,-1.766369671459142410e+04
-3.267042735962930067e+01,7.823418366895178166e-02,-4.247680481662822558e+02
1.126386252069052141e+01,7.301144883917385364e-01,1.681494858697538675e+00
-6.755416824152640665e+00,6.279031987139762627e-01,-1.363505506361754049e+00
3.881578203570074237e+01,6.072257212957845596e-01,8.377185987205972850e+00
1.161025126882982761e+00,1.112861494898880199e-01,7.460183717516184032e+00
-6.150748332999932444e+01,9.925050539917449344e-01,-4.968812853515475858e+00
-5.821702922579360973e+01,1.397522692311600062e-02,-2.372042351974885605e+04
-1.695611910911466325e+01,1.616352932307814697e-02,-5.164689342863469392e+03
-6.094469753934160394e+01,5.585469649407333315e-02,-1.554557067311754054e+03
-1.749252630942406572e+00,7.516437243536142621e-01,-2.463874598511121561e-01
2.506022193739742576e+01,3.530495025503113671e-01,1.599940533128775222e+01
-8.657389705160968063e+00,1.169497801512434099e-02,-5.037073451563585877e+03
-2.512130290703730040e+01,1.061352870674133059e-01,-1.774649938476766238e+02
1.766588973663437301e+01,6.890197404567030559e-02,2.961163053888732293e+02
6.826965733457089414e+01,1.110177768478589067e-01,4.407910892131534411e+02
-3.443358742693624297e+00,1.506597354419494939e-01,-1.207196608319659781e+01
-2.123395418248232858e+00,3.351728916799060626e-02,-1.504122609268559358e+02
-1.952888525184826918e+01,1.076783924386195829e-01,-1.340326064477067121e+02
-7.322974823271590594e+01,1.809796312193694134e-02,-1.779173409160985466e+04
6.374592071016267347e+00,4.580379749657323418e-02,2.417906831517481976e+02
-1.319232916442177839e+01,2.831164233102448705e-02,-1.309729135577132183e+03
7.610753282973808709e+00,7.248433074156529488e-01,1.152735088370159255e+00
-8.928419955483249737e+00,8.729097104216237968e-01,-9.324511653318775517e-01
-1.216639219982996956e+00,3.889978137724613427e-01,-6.398197287000358946e-01
-1.631859290506076698e+00,1.025338401058526888e-01,-1.235203172680476591e+01
1.462983849422656579e+00,2.948446854243797488e-01,1.339192658052309470e+00
3.118184103891666936e+01,3.124796809240659168e-01,2.541255457074130319e+01
1.295208746720974302e+00,7.409128956703464608e-02,1.877567663512760276e+01
3.578867286972072126e+00,1.021247565677329827e-01,2.730697931386916721e+01
-1.030403817386138954e+01,1.174934593821682846e-02,-5.939777992718920359e+03
9.290166298832520653e+00,1.717861186347729996e-01,2.505171657326113888e+01
6.131243223734178116e+01,1.778442478392056325e-01,1.542620273599974610e+02
5.126665463025497971e+00,2.343007649270137036e-02,7.431520871646869182e+02
-2.716039227206692441e+00,6.244453218112814424e-02,-5.542903801945674758e+01
-8.698978672153728553e+00,3.125560063249030462e-02,-7.086025386345335164e+02
1.107547253936779796e+01,1.427789569137850045e-01,4.323385791140653822e+01
-8.657211171572752662e+00,1.257377800389501699e-02,-4.357491718252083956e+03
1.211275767332015896e+01,3.113554191133311236e-02,9.943065649521573732e+02
-3.811317607181540268e+01,3.101407686351561818e-02,-3.153171259462674243e+03
1.772449512817517281e+00,3.427872979808613274e-02,1.200368438558449498e+02
1.174335672812673614e+01,2.345691729842008799e-01,1.698402092755811310e+01
5.109953237179890806e+00,1.617728125828857277e-01,1.553803120668616167e+01
7.916272561922827578e+00,1.903942133888043148e-02,1.737814374167375945e+03
-7.656252139543703095e+00,1.068212472877557405e-02,-5.339382995775989002e+03
3.278237125880684033e+01,4.017215685065125136e-02,1.616516719727954069e+03
-5.579632741950764085e+00,3.004852797724197333e-01,-4.917556370118097320e+00
2.304117861780672172e+01,6.843558447951787749e-02,3.914991875650201223e+02
-7.798681487215934283e+01,1.040170582989498466e-01,-5.735908100934638014e+02
1.137564855964411414e+01,2.553148119435814586e-02,1.388718690637468626e+03
2.591914344553486060e+01,2.627357251915770076e-01,2.987944471480715336e+01
2.176214056968916211e+01,2.401967576191278986e-01,3.001632133268896396e+01
3.583766928802870844e+00,7.144147436479230118e-01,5.587648471417160367e-01
-1.955216362980345624e+00,3.112646706198834642e-02,-1.605925149305364812e+02
3.891702661888512882e+00,1.006789515328175844e-01,3.055289862430608849e+01
1.190657872877854473e+01,2.484758597868634289e-01,1.534647795470475984e+01
1.110285865118011550e+01,6.706566586999038737e-01,1.964375301885430414e+00
7.946852503403805201e+01,3.408470904916101329e-02,5.443348073693602601e+03
1.210812695754428781e+01,1.022830181956939366e-01,9.210008528397899852e+01
8.111410967161019059e+00,3.173419536961357562e-02,6.409609323810399246e+02
-4.774734629530956198e+01,1.602779525763680379e-01,-1.479080472222852904e+02
1.338971798571105154e+00,3.709397590483772683e-02,7.743811894025672871e+01
9.690323446356040904e+01,5.484798010623785636e-02,2.563345417847612680e+03
-1.731712495175361521e+00,1.136744304775658652e-02,-1.066449641450182980e+03
2.010611169902765738e+01,4.790784650547211254e-01,6.971158032301185692e+00
1.908452415380821110e+00,3.781678889924884879e-01,1.061945364158610738e+00
-5.197672335023939993e+00,5.882734857068454559e-01,-1.195199725178883732e+00
7.540896952876613568e+01,1.517333829293719683e-01,2.606458778457776475e+02
-6.000473278017539158e+00,9.031723104593176732e-01,-5.853753265429900710e-01
-1.994473706561141668e+01,1.504172978394142587e-02,-7.014922642369575442e+03
-4.181017456844345226e+00,3.558664925695240872e-02,-2.627228949487566751e+02
7.891274518082028955e+00,2.685849766668795269e-01,8.705101800350977470e+00
-7.185337827411746758e+00,1.248598304350393220e-02,-3.667683455272742322e+03
2.578570616740547194e+01,2.605441658881890721e-01,3.022779440669070894e+01
3.696769541272565185e+00,2.855868186717389068e-01,3.606917392778674625e+00
-1.127476830560178200e+01,5.512568184062541232e-02,-2.952499369168637031e+02
-2.478092897596706923e+00,2.505936318875404481e-02,-3.140274828490610730e+02
-9.285873429192617934e+00,1.276633777029192660e-02,-4.533986620241847049e+03
1.123324510885197114e+01,2.845461242196730550e-02,1.104053254438405929e+03
-4.426544497992662031e+00,5.429662114327465927e-01,-1.194838922126393088e+00
-1.348712930456906989e+00,2.109339439932011173e-01,-2.412218873209361014e+00
-2.508088420386144435e+00,1.647244851628588136e-01,-7.355575563820376139e+00
-4.352535826731354973e+01,1.020855071277289861e-01,-3.323566014918109772e+02
2.261451753318501012e+00,1.621652154761290543e-01,6.843244480717724620e+00
-2.087016045533443886e+00,3.618895438904280726e-02,-1.268130224693731378e+02
-6.563900619453782781e+01,2.072761461018787221e-01,-1.215775766684325134e+02
-7.869820304837031699e+01,6.552199744883606403e-02,-1.458749415449044363e+03
1.390972955836677460e+00,6.022127675723355500e-01,3.052171302371111117e-01
-1.718567264794886640e+01,1.154729447600297276e-02,-1.025642925223855309e+04
2.521363589205341871e+00,2.685240813805231733e-02,2.782653519886332560e+02
3.445532930292527940e+00,1.214790408165842238e-02,1.857991970097085641e+03
-5.633110939502771686e+01,8.416630638963009670e-01,-6.327933447411241197e+00
4.938880504879407773e+00,1.840931207228204969e-01,1.159694332730174793e+01
1.604598734852558906e+01,2.148355031296738382e-01,2.766587910792612703e+01
1.326318756661155085e+01,7.989157928413689325e-01,1.653621212625865589e+00
-2.318872047775231593e+00,8.399597650589418762e-02,-2.615471275184203037e+01
1.169006890731140169e+00,5.921710759208197450e-01,2.652850800512850937e-01
-9.839667335318081598e+01,5.529355308333948615e-01,-2.561070630726984731e+01
-3.323298195336905625e+00,2.432401708132469476e-01,-4.469807791962087329e+00
2.329732205513229104e+01,6.294139561798189897e-02,4.679758075703650206e+02
5.390288737385979800e+00,4.843761186137714864e-02,1.828254788921149725e+02
-7.984827070064147847e+01,1.095770431324853272e-01,-5.291959315917405320e+02
-4.252763899773647438e+00,4.579269969263097262e-02,-1.613871353131722799e+02
-1.928796238116696982e+00,2.525689175570627887e-01,-2.406116661016687530e+00
8.776850476714937344e+00,4.154239915600246857e-01,4.047116322849995562e+00
-9.885841716618287478e+00,2.440944397370514163e-01,-1.320346794067864593e+01
-1.861406998089545439e+01,4.375036160564337306e-01,-7.738703091038474646e+00
-2.059574910331078001e+01,1.068990290409999044e-01,-1.434234640074522531e+02
-1.258173735712148478e+01,6.881210203924051916e-01,-2.114467925616368760e+00
-2.439920274673200051e+00,4.731621425273018766e-01,-8.672529633992581699e-01
-9.716017813694932670e+00,8.107272060625142496e-02,-1.176329379949443279e+02
1.067129769083174251e+00,2.041602060325860973e-02,2.037347828148244275e+02
-1.451493102040963823e+00,2.497973603092086270e-01,-1.851098047735392660e+00
-6.975426024457816254e+01,1.681755866194845073e-01,-1.962614353956823550e+02
-9.762388393224695093e+00,7.895176785950761000e-02,-1.246299726912987893e+02
-6.998034628153305903e+01,2.714905759531032262e-02,-7.555386841239088426e+03
-3.720939303698277190e+00,4.205964620312393348e-02,-1.673830555087668870e+02
-8.645088784978948837e+00,8.002520221703497694e-02,-1.074251659674898889e+02
-1.839929102437264774e+01,2.177119622236061217e-02,-3.089062110489144743e+03
2.805229262886682662e+01,2.206622666673409006e-01,4.584609464400220702e+01
5.805953122718231896e+01,6.079936000780247762e-02,1.249872306355701312e+03
1.575116172468640663e+01,1.108647804777225382e-01,1.019801212118465941e+02
-1.593431748066840514e+00,3.240632062037437922e-01,-1.207436090724096411e+00
1.636925774594023864e+01,2.478117013089109200e-01,2.121170138000337246e+01
4.247612808771791038e+01,2.666751479160978655e-01,4.753023575313051907e+01
4.700652168623959071e+00,1.629566616131203349e-02,1.408652966444077720e+03
-3.690463992041734542e+01,1.301348063545828410e-02,-1.734140048057370223e+04
-1.400142439133925620e+01,4.966375601040202148e-01,-4.517344712322185707e+00
-2.892038482285847145e+00,3.491109757834539584e-01,-1.888283497406611389e+00
1.582408583251127254e+01,4.393053244918835865e-01,6.524929623247876620e+00
4.279029190268926186e+01,4.512063840965887390e-02,1.672572351687677610e+03
4.130466175837487874e+00,2.558418342062988016e-01,5.021645909002454111e+00
4.775690199347908838e+00,8.232712856124054790e-01,5.607126392631444078e-01
-7.952670073830054775e+01,7.376523226768121055e-02,-1.163053447892533086e+03
-9.896145325502487822e+00,8.097687494040352318e-02,-1.200975576078412672e+02
-3.242124009683811892e+01,6.189566795389374043e-01,-6.734405301505270280e+00
-6.658166257541989808e+01,1.482749809537088626e-02,-2.409955468162829857e+04
-3.564123935084343486e+01,2.785847702764693290e-01,-3.654501899985751834e+01
6.198397185317840297e+01,1.617493395797462916e-02,1.885317529404193556e+04
-2.360672804756703158e+01,2.812332841667792085e-02,-2.375157950637871636e+03
8.104677546403896926e+00,2.311800077342002491e-01,1.206772288477957034e+01
-1.760970521437126290e+00,7.987693693580440180e-02,-2.196339220517434399e+01
1.613262005788559250e+01,5.061281153701424618e-01,5.011573634308383873e+00
-9.508272131257626825e+00,2.608127286830946856e-02,-1.112331338874888843e+03
-4.514857259576789517e+00,1.946493632255463235e-01,-9.482616471729230057e+00
1.477570381998580817e+00,6.229350108285060944e-02,3.030071193061393231e+01
1.542077092835597263e+01,1.318391511871005485e-02,7.060044286555013969e+03
-6.862814869427207043e+01,7.524270738287205940e-02,-9.646362798623416666e+02
3.973585296379752663e+01,2.431604374742278585e-01,5.347943911714598642e+01
-1.509205618024308970e+00,1.065870113619446502e-01,-1.057133849392194058e+01
1.325314429496051494e+00,4.491387742213643341e-01,5.228149088144496970e-01
-3.824995372018747730e+01,1.049444382005862708e-01,-2.763771894354897540e+02
-2.733062520692593367e+00,1.690840104465144919e-02,-7.607371448183004077e+02
-2.509361276039865629e+01,2.206581230184460340e-01,-4.101223984230632880e+01
2.784118849587310152e+01,5.660700134255619576e-01,6.914131062377312453e+00
-1.696044617636543705e+01,1.232434571236636911e-01,-8.885864049521103425e+01
4.749610854661690418e+00,6.909149341412115786e-02,7.917699305101095320e+01
1.330160328312988938e+01,2.084815456843485681e-01,2.435336009847217298e+01
1.788370864671524840e+00,5.488412896872003205e-02,4.724481682806419514e+01
-8.889438569639819931e+00,3.287485558527383223e-01,-6.545408583496901578e+00
1.129397761016445845e+00,1.661642806979689857e-01,3.255080359297235937e+00
-2.132313723496361835e+00,3.967350149830858319e-01,-1.078053152418382510e+00
-2.158961913226196572e+00,3.115041476213178256e-02,-1.770546958884870037e+02
1.287355165133247326e+01,1.455283217691062947e-01,4.837193644825725869e+01
2.084305612623698778e+01,1.484188303010317012e-01,7.529628075722803260e+01
3.431639667257020676e+01,2.189488781255188588e-01,5.696477243637635723e+01
-1.179860340332791635e+00,1.066353326935094714e-02,-8.256927713892764586e+02
-1.436477682072338347e+01,1.076905180040932733e-02,-9.856757839794678148e+03
1.089498666968164109e+01,2.630946620799832214e-01,1.252543350190861204e+01
-6.114537736115772049e+01,1.687579315252447226e-02,-1.708540895275211369e+04
-1.426420515307323944e+00,6.937063372048987153e-01,-2.358774306791650566e-01
6.098978750197201926e+00,2.099512645682535539e-01,1.101058177081946710e+01
3.463203454224970113e+00,6.653910570738545693e-02,6.224639763784131929e+01
2.851778779260315133e+01,2.173083450185667523e-02,4.805661318049741567e+03
-9.303109681037666689e+01,5.975171719793253011e-01,-2.073564243520631223e+01
-4.977746527002803845e+00,3.958481065206907040e-02,-2.527934227747144291e+02
1.285314335149884135e+00,5.741112388765917673e-01,3.103183016482256584e-01
5.269914565557827757e+01,1.453558956625372878e-01,1.984853271806431110e+02
1.479252422837440184e+00,6.049444713050732281e-01,3.216632171506436655e-01
-3.179228032194879816e+01,7.219120253260069564e-01,-4.854486109022711382e+00
5.292449952085887865e+00,6.913195484415522729e-02,8.812298925280558137e+01
-3.553190866642458978e+00,9.928394788108338420e-02,-2.868471882930540673e+01
1.922674034300764667e+00,1.822815288472372230e-02,4.604796818754905416e+02
3.122610386568857255e+00,8.025814877580902396e-01,3.857710735799081414e-01
-4.057086101027376657e+00,6.947640227401508106e-01,-6.688515199623172869e-01
-2.195092691602289392e+01,1.386592457861397266e-02,-9.085426777092268821e+03
-4.705945315588454747e+00,1.218297301349938536e-02,-2.523076669823257816e+03
-9.082106489527214421e+01,8.401667594776981995e-02,-1.023872163300135639e+03
-8.168293377195061566e+01,1.350496266788831987e-02,-3.563975318136986607e+04
-1.729038603999100587e+00,1.062869312608333977e-01,-1.217965788112067393e+01
-1.954894549783585589e+01,1.262592509441609889e-01,-9.758589618634066198e+01
1.936696183830206053e+01,5.184948325195818386e-01,5.732746896761608646e+00
6.193540891452293806e+00,1.702182131909238949e-01,1.701050044193235777e+01
6.239484656519066874e+01,3.525523305009180541e-01,3.994769057882382413e+01
1.000459905501062430e+01,5.349500293788191779e-02,2.782040148049072741e+02
-5.293094011382341080e+01,1.225076954932943218e-01,-2.806551415674325654e+02
-1.856235708152770414e+01,4.200694736094300885e-01,-8.371070774014157223e+00
-1.982823128871507734e+01,1.854798841182300068e-02,-4.586490310405285527e+03
-4.576192713380674348e+00,1.243442925068109946e-02,-2.355281007135563868e+03
1.411180503233211603e+01,9.000802731554689018e-01,1.386149959696460821e+00
-1.046369387492730851e+01,1.252180815001409722e-02,-5.310569175578845716e+03
-3.394262859180299330e+01,1.707473381475707944e-02,-9.264622412324879406e+03
5.028261818766279134e+01,4.322237041463091595e-02,2.141858899793239743e+03
1.997270415021858980e+01,2.982600828985667030e-01,1.786638698268577841e+01
-2.834019861684832620e+01,1.093245080135189368e-01,-1.886939441625742404e+02
-8.165324829840918142e+01,6.187312874392997264e-01,-1.697303267027000473e+01
-2.954817768903789776e+00,1.062475526551001082e-01,-2.082969772846276868e+01
-6.583211694965178218e+00,2.068252197109737150e-02,-1.224675326206797536e+03
-5.408084624969729859e+00,1.107480873594082066e-02,-3.508820450323923978e+03
-1.404522469267650786e+00,6.237529070526422192e-02,-2.872722407373301223e+01
3.706532420442997022e+00,1.092934699199546444e-01,2.469275288965329551e+01
-7.399229296312189774e+01,2.234321525035339734e-02,-1.179465611321718825e+04
-2.397150379174353318e+01,3.179726448501849628e-02,-1.886713238003615743e+03
6.792173675510893460e+00,5.597624226035249340e-01,1.725009285823323468e+00
-1.643262020027020931e+00,5.573785363712049912e-02,-4.209170054993371224e+01
7.560746408753534809e+01,2.884455617905719027e-01,7.231478274762548608e+01
-3.471819944102302102e+00,2.481001572645345765e-02,-4.488417536553874356e+02
2.319428615883325051e+01,3.870458010314331565e-01,1.232101330105675530e+01
2.406986220322791858e+00,3.908389347659366186e-01,1.253915001227409842e+00
-1.420000879561921892e+01,1.224191755257124370e-02,-7.540147625586451795e+03
1.578587717884440167e+01,5.823200632192965936e-02,3.704549041393685798e+02
8.480669535222554956e+00,6.440361019097428086e-01,1.627046072854023251e+00
-1.931350524145415193e+00,1.232897597928298006e-02,-1.011107251024305924e+03
-3.940350080702156532e+01,1.357935332886230258e-02,-1.700461357666179538e+04
1.165225796996164576e+00,2.633311192113741428e-01,1.337198426696518672e+00
7.441735987377930073e+00,4.948960553380800098e-01,2.417889281016187386e+00
5.795588084155289366e+00,5.858868722649911848e-02,1.343569426447176909e+02
1.088119688523405060e+01,6.393472286933597759e-02,2.118328115620696224e+02
3.696838521946187939e+01,3.575931596173963917e-02,2.300605807468107741e+03
1.802105772293911201e+01,1.957506002968582570e-01,3.742520678416216384e+01
4.198643069818507456e+01,1.523949475059706848e-01,1.438659292132986991e+02
-4.922144938191952868e+00,8.259484534216305907e-01,-5.741675516156268255e-01
5.761229175113835588e+00,1.521839799116833647e-02,1.979554268151335464e+03
1.452705949653816830e+01,3.946158030841077219e-02,7.423674209935886665e+02
-2.938826077779163715e+00,7.804946888156870655e-01,-3.839053078927084917e-01
1.368959708894534000e+00,2.590345511881244622e-01,1.623549035494277426e+00
-2.902654214834893942e+00,1.104969530648537424e-01,-1.891841871863294244e+01
9.477778703900284540e+00,2.330101934384692652e-01,1.389142694523564536e+01
6.557880965193576550e+00,9.771564612946143091e-01,5.465444004750429352e-01
-2.362357387847061574e+01,4.925084684796292300e-02,-7.750118293503786617e+02
2.254633266112874512e+00,1.361095210448440562e-01,9.684763839185608347e+00
-6.546647710563975409e+01,5.339804695557203579e-02,-1.827083355975273207e+03
-1.366805290283410468e+00,2.176811266176075996e-02,-2.295383387067383012e+02
-2.362141553787596937e+00,5.535896475891199930e-02,-6.133666172134406480e+01
-3.351986825723446639e+00,1.444254835276939306e-02,-1.278806333800071116e+03
-4.876145047144090583e+00,2.447980692643963660e-02,-6.475164043055254979e+02
5.451180876600361991e+00,5.613592538103334695e-02,1.376572077939233338e+02
-5.878861440808596406e+00,2.897922071143654854e-02,-5.570702364358775185e+02
-2.583877392574285281e+01,1.854283573604664503e-01,-5.980117757033724502e+01
-1.941956742225780985e+01,2.247106282089605597e-02,-3.060430065934769118e+03
-1.168725210744301712e+01,1.388765851784039447e-02,-4.822191909448198203e+03
9.090134446970526483e+01,1.931380479797731656e-02,1.939209665742957804e+04
-1.042335764586810676e+01,1.088082176537788076e-01,-7.006068558135393687e+01
-4.061896442659781314e+01,1.542616024893873616e-01,-1.358323785990952501e+02
-5.184447100817639864e+01,1.129822748781501296e-01,-3.232004476731455611e+02
1.604834697423170198e+01,2.081010920249562468e-01,2.948979292826410514e+01
1.159205789751704430e+01,4.670230653460690634e-02,4.229353805735315746e+02
3.422438526660487668e+01,9.616063860709376243e-01,2.945310695270971113e+00
