1.235136519383668308e+00,5.702249540020070382e-06,1.644742412242030660e+00,2.069339010588997461e-03
1.683006146488442045e+00,7.721568934541282926e-06,1.183704462621407938e+00,3.313400893755378065e-03
1.301887816662153918e+00,9.964483199862969652e-06,1.511142825567862502e+00,2.929958130299623389e-03
1.307781276579842888e+00,1.177063365333468517e-05,1.341095645912107059e+00,3.387954763365647916e-03
1.375187336832571994e+00,9.606690313104610874e-06,1.288148734481227464e+00,3.202468171302139989e-03
1.448168048626237159e+00,7.403309329667834000e-06,1.449459380838553191e+00,2.719689996338523364e-03
1.335945413041430996e+00,9.412671624673860535e-06,1.471973020643936314e+00,2.922812025582817441e-03
1.159832720442232512e+00,1.422901955668881720e-05,1.719057139121751288e+00,3.098418023695169877e-03
1.792812781465857430e+00,1.249529228074155573e-05,1.112015759455793784e+00,4.488334422986106284e-03
1.732851637185695459e+00,6.504345784668130892e-06,1.994920660398154855e+00,2.376948033818391051e-03
1.964944795717044279e+00,1.223405594878177602e-05,1.634600743003562284e+00,3.834904576586169959e-03
1.414797376172332033e+00,6.961606817837162506e-06,1.492903321083565160e+00,2.568538184391325977e-03
1.902154862058380358e+00,9.497825505689176944e-06,1.389782901354611244e+00,3.605467183068135958e-03
1.691650383543265024e+00,1.303786804575931692e-05,1.139503910823337129e+00,4.399473300557412390e-03
1.097135054249003705e+00,1.240591418656107430e-05,1.665005416740449107e+00,2.859147802822579066e-03
1.192626305441967904e+00,9.978320160616330927e-06,1.033439540738117390e+00,3.393425915676151483e-03
1.789374255092017751e+00,7.993994950524432541e-06,1.522756145767680369e+00,3.064907321527977381e-03
1.455176846862134443e+00,6.070586814021711759e-06,1.578193104293261095e+00,2.365882405010518320e-03
1.685876363079309437e+00,7.851252878706749112e-06,1.607353038946754076e+00,2.869635298479332984e-03
1.376334563156397905e+00,1.047984935859579760e-05,1.354057598437358179e+00,3.263780616209915539e-03
1.275825061960231821e+00,1.408490776228363536e-05,1.211211496411956023e+00,3.851789775370299210e-03
1.027793967214312820e+00,9.835760047065025385e-06,1.910669158135287038e+00,2.300192844087307377e-03
1.315304304682963998e+00,1.452891668030142629e-05,1.176685074170052303e+00,4.029949602701484758e-03
1.614496898251807089e+00,6.081710628224757390e-06,1.965041271826352798e+00,2.235350581721472739e-03
1.644267526088847298e+00,1.218772861739450406e-05,1.769680863992870723e+00,3.365116856641313034e-03
1.419324834923431311e+00,7.276222070540434668e-06,1.774693278116967976e+00,2.412305024727970978e-03
1.609107489377134881e+00,1.451504267924011888e-05,1.027124094115699604e+00,4.768592684580620807e-03
1.673475470831637946e+00,9.817087408839792143e-06,1.399069753399428073e+00,3.426741314024100201e-03
1.537648462257644510e+00,1.354839831033954138e-05,1.500300837492952510e+00,3.726347317816894409e-03
1.828716865855865681e+00,1.470461261782304426e-05,1.126835513265941557e+00,4.885058469841409116e-03
1.552177852496229082e+00,1.257099487043866548e-05,1.689718212608693371e+00,3.398195990960790544e-03
1.848311097435823447e+00,1.200324190870488017e-05,1.382129349577263966e+00,4.006475305634770757e-03
1.074485342986109426e+00,1.160931167185733080e-05,1.677544810304596457e+00,2.726882459118957179e-03
1.957512967133347104e+00,1.240110003120753361e-05,1.834313187190399930e+00,3.637857515679313470e-03
1.413382314202423551e+00,6.813191313055923216e-06,1.505387619179548553e+00,2.529187043600533355e-03
1.668221753992211509e+00,6.192275271878084080e-06,1.329150889130696456e+00,2.787820929120821828e-03
1.458426525744832558e+00,6.726341335526392856e-06,1.863882241183278943e+00,2.294153607726667765e-03
1.658055404308523606e+00,1.006123713358915825e-05,1.741960658594652989e+00,3.094610826235308278e-03
1.219317578041763550e+00,1.144566498621575559e-05,1.399007750769516445e+00,3.158412662157369065e-03
1.277317771994574080e+00,1.042702203485541641e-05,1.306491074999994506e+00,3.192834440142410229e-03
1.553201332863553219e+00,1.137363689102178477e-05,1.894412123985308671e+00,3.053699687044613472e-03
1.990276417519703189e+00,1.186403019582671833e-05,1.386705995806642111e+00,4.126488352347755344e-03
1.570397519280101628e+00,1.320863203789026562e-05,1.602575769047914989e+00,3.597695767612661081e-03
1.751865052392065580e+00,7.086642560186680407e-06,1.026905344109113383e+00,3.477005531653815616e-03
1.826107164948999495e+00,1.279695278747275660e-05,1.001556344690955447e+00,4.830351341537659354e-03
1.051963119569602867e+00,1.060978716053439611e-05,1.494267661569208538e+00,2.732998505295011066e-03
1.530622015553498416e+00,7.347042126555395109e-06,1.197348543030808621e+00,3.064643401746640437e-03
1.636109703899137457e+00,1.438716699885872794e-05,1.700542851426464441e+00,3.720489323198238572e-03
1.506365196256418626e+00,6.662610927469452655e-06,1.039122464650216626e+00,3.107806680746367546e-03
1.583516526628848675e+00,1.054585394343730407e-05,1.315167846617954606e+00,3.563375461119196348e-03
1.404369745123314361e+00,1.337205281813906671e-05,1.724976300424866160e+00,3.299500569870670533e-03
1.892348180757794207e+00,7.683990002685598189e-06,1.536322766512558502e+00,3.076470010327763804e-03
1.469185749015899933e+00,6.901056399667778544e-06,1.636453054042714461e+00,2.489111586689806560e-03
1.481756608434821265e+00,9.543633036440568487e-06,1.767219741748138784e+00,2.828785551617334602e-03
1.338974224558531434e+00,5.062068699512038461e-06,1.380815851476123957e+00,2.215553511486550043e-03
1.421353424478265737e+00,1.354040471335240937e-05,1.412872728574813719e+00,3.690756060267005693e-03
1.153144958414663801e+00,1.012550191070630374e-05,1.504047140201559607e+00,2.786246321745004806e-03
1.737526896091092121e+00,1.185792262257422789e-05,1.956892488585302958e+00,3.244789970380358192e-03
1.751170029951830243e+00,9.743181531109806995e-06,1.475823377825651983e+00,3.400144407446281051e-03
1.042136385094926121e+00,1.011858664824709120e-05,1.000481812158191985e+00,3.246516452262026512e-03
1.401025082123738219e+00,7.598325322901534339e-06,1.937279856696926927e+00,2.344151713396345083e-03
1.864964911854334328e+00,6.641042579875062968e-06,1.944145957600579955e+00,2.523998146697988346e-03
1.134855353787334487e+00,1.486854066195851946e-05,1.639858191140781685e+00,3.207755668511274184e-03
1.839724232318645791e+00,8.172199822900633051e-06,1.427921583197257371e+00,3.244842891372598948e-03
1.057987536412863250e+00,1.386462789696479061e-05,1.518995568940229024e+00,3.107535734656608362e-03
1.256410216527749757e+00,1.449924078795797718e-05,1.320518640431628032e+00,3.714206901809351865e-03
1.168881618294633551e+00,6.167461915276622164e-06,1.346741244412546390e+00,2.313643400013778821e-03
1.798527979779691588e+00,7.826558193647414408e-06,1.549439834234679791e+00,3.014093012492473876e-03
1.499654955510513865e+00,9.224385725071654679e-06,1.068201199002471791e+00,3.598635587419168197e-03
1.806787669970170818e+00,1.196911731493576750e-05,1.528674323643563593e+00,3.761206131561552462e-03
1.932370345883756002e+00,1.174809091167679708e-05,1.336139815396521380e+00,4.121951510737261078e-03
1.065575977318879763e+00,1.231785818819820973e-05,1.009548206234078593e+00,3.605755542395098871e-03
1.738739702803700604e+00,9.829711522428012698e-06,1.168775568027465184e+00,3.824037209586093021e-03
1.559952389877277135e+00,9.497229690523354781e-06,1.071642985077067234e+00,3.718168608751330588e-03
1.431364425644854554e+00,5.217243145098131219e-06,1.748801218689629344e+00,2.066452488800082747e-03
1.125592031674489180e+00,6.920994127016143467e-06,1.674332810872358968e+00,2.157018407943346334e-03
1.584095068962615649e+00,1.461509760209170702e-05,1.952787841747508857e+00,3.443213479334400386e-03
1.962089563949551696e+00,6.672700346175978572e-06,1.275137060744287565e+00,3.204289826193279078e-03
1.148121138463658486e+00,1.076824483025018883e-05,1.625265910687044624e+00,2.758062503383266421e-03
1.795765911922876157e+00,9.045955712040213467e-06,1.834740038284903729e+00,2.975533341896418552e-03
1.503342146187248929e+00,6.430460291209342229e-06,1.714856875075225551e+00,2.374302268528070883e-03
1.472137204454002646e+00,7.259683321579219007e-06,1.632898830122172740e+00,2.558311031779191436e-03
1.679575427889246075e+00,1.390902208917600341e-05,1.870058432229336320e+00,3.534438800500632350e-03
1.165936564481342419e+00,1.469114655482306524e-05,1.841496726137292761e+00,3.049859488065793326e-03
1.250351609601612957e+00,1.298867926206007686e-05,1.825145729316341114e+00,2.982976292592200065e-03
1.265619103824679570e+00,1.335110149488811116e-05,1.318276032727899727e+00,3.580196645877850668e-03
1.353856995696931076e+00,6.570057951551602714e-06,1.625738931110916052e+00,2.339082791959467330e-03
1.446168385183506544e+00,1.264756922076914190e-05,1.621933713965507451e+00,3.358121563210388419e-03
1.071856580236726586e+00,5.790150200452361163e-06,1.852955458381376541e+00,1.830125044566992395e-03
1.119645445480982326e+00,7.389076356796794051e-06,1.921619398441279269e+00,2.074921395980258102e-03
1.480970278382557570e+00,9.285011559310458052e-06,1.823188020793180097e+00,2.746304360204505305e-03
1.567919695161383409e+00,1.069370830171425814e-05,1.124761130604996939e+00,3.860965532637369597e-03
1.475715217764764775e+00,8.560987370301472148e-06,1.189188288293036244e+00,3.259401749885717202e-03
1.448480413349378493e+00,6.790681981058916875e-06,1.349975107308639899e+00,2.699293627164654590e-03
1.232197352410701052e+00,1.226916803282992994e-05,1.450519410987401780e+00,3.228389457139393091e-03
1.913212850636166529e+00,1.093585633997833480e-05,1.802210282478699632e+00,3.407260285761986186e-03
1.714146016241745230e+00,1.240788640287622408e-05,1.743310061561702318e+00,3.492894697429198021e-03
1.915384019358795209e+00,1.472382438784398449e-05,1.211894511249612894e+00,4.823983737256731796e-03
1.476817049733525788e+00,6.567156616624095309e-06,1.011192407515900005e+00,3.096956716226620214e-03
1.447665669352028228e+00,5.895086776125388822e-06,1.237022835475182880e+00,2.626578472737862817e-03
1.794656059838557471e+00,8.809162162079828664e-06,1.130939872430742454e+00,3.738851010518040498e-03
1.568406717883290558e+00,1.493236691827980211e-05,1.936198604519693056e+00,3.477913064350254303e-03
1.853033733674794181e+00,1.091595098935457239e-05,1.211283764867696178e+00,4.086481180153384712e-03
1.468900282553993852e+00,1.134961198718838617e-05,1.470849004951323424e+00,3.366686045403639860e-03
1.154519164271986753e+00,1.327826328690395399e-05,1.837669309584672117e+00,2.888268274476198539e-03
1.336811548726137389e+00,1.154113848865317102e-05,1.118481911459513700e+00,3.714025986734217043e-03
1.965710934956030886e+00,1.113904938057575241e-05,1.828605702128052179e+00,3.460380504388718172e-03
1.352685192839657269e+00,8.525563295726348222e-06,1.434064577902972593e+00,2.835799719538528978e-03
1.903103389542586843e+00,1.471557639751102007e-05,1.325259896534425774e+00,4.596944942259755841e-03
1.134906535780200398e+00,1.455012780039145954e-05,1.568727853731280319e+00,3.244439264356361891e-03
1.777678556337857207e+00,1.402304145000246195e-05,1.651998032525977766e+00,3.884570098250513144e-03
1.748689660732917650e+00,6.326015820504359284e-06,1.999728329245125558e+00,2.351992910961368203e-03
1.067849850270436773e+00,6.196666464548263891e-06,1.178128313038030228e+00,2.369942773954877499e-03
1.699295932815864774e+00,9.613147945629276110e-06,1.436487879828532765e+00,3.372223410574293895e-03
1.150013802460495782e+00,9.884534264890214441e-06,1.631670155996432392e+00,2.639450045607592138e-03
1.716840517857323167e+00,1.187075032312201025e-05,1.000857747963858291e+00,4.512506958587311420e-03
1.618884257187146236e+00,1.326883057789112120e-05,1.648472338485509114e+00,3.609802092169950120e-03
1.847535944523774010e+00,1.342973976969296198e-05,1.740633324186751762e+00,3.775518477396216151e-03
1.240481105002698259e+00,6.106147537346144924e-06,1.395317720529114069e+00,2.329926219191594521e-03
1.667765805766938891e+00,1.196369351823640679e-05,1.230582305096474371e+00,4.026658874052168983e-03
1.583117346553396310e+00,1.373845863073776391e-05,1.644315300320760453e+00,3.636913818545010717e-03
1.080860803081065136e+00,1.390005782340419916e-05,1.368969563100428832e+00,3.312808189300359227e-03
1.678131717179997873e+00,8.514090353245696715e-06,1.942323632511151477e+00,2.712197760744957005e-03
1.552668377933089428e+00,5.902394644528439364e-06,1.884605279825606328e+00,2.205176086550165136e-03
1.994462756513811552e+00,6.319256779400540516e-06,1.613629901407604983e+00,2.794756664721171138e-03
1.625068403147997387e+00,6.159396189428920859e-06,1.544544386459389962e+00,2.545685192625829138e-03
1.825000052535284523e+00,7.108661116887160492e-06,1.606374580241011873e+00,2.841855127563964068e-03
1.426245845366968190e+00,1.441415392930036132e-05,1.979542793403066492e+00,3.222621696028742187e-03
1.833083657459071425e+00,1.453783708953729770e-05,1.609034694692640155e+00,4.069661966023835169e-03
1.021930624514130415e+00,8.177286170548475069e-06,1.869547950349031984e+00,2.114204539623251635e-03
1.990554721341286193e+00,8.642759381419314773e-06,1.293739653744466089e+00,3.646614267116031396e-03
1.684997226274559612e+00,1.172042484781380604e-05,1.616777783405278779e+00,3.494991356327456500e-03
1.142481874983990675e+00,1.239338389453201295e-05,1.901397785775356120e+00,2.728871708316720716e-03
1.210694533218339863e+00,1.129569724426308830e-05,1.958957680864763073e+00,2.642173214116234990e-03
1.551688493606587560e+00,1.057301323199634671e-05,1.689852500574334115e+00,3.115855138339421355e-03
1.731254644337698156e+00,1.058285311663864390e-05,1.119457479599902605e+00,4.045554523932121463e-03
1.825072274263167760e+00,1.162767233472178333e-05,1.695151292873383841e+00,3.538198496638823593e-03
1.838738375595584840e+00,8.680014141185013444e-06,1.269928002621701690e+00,3.545117520230646295e-03
1.977923521594988632e+00,1.199402292631140172e-05,1.327815273216651271e+00,4.226864782784083528e-03
1.963794740082507317e+00,9.348859691302533880e-06,1.596379937819213612e+00,3.391245547407294170e-03
1.422166900856466798e+00,1.403291241144078087e-05,1.366545579993397652e+00,3.821528737062035788e-03
1.946664478509903429e+00,8.610344065910882749e-06,1.792717281898629889e+00,3.057735409679800728e-03
1.489879246963771164e+00,7.878814455998025339e-06,1.387065908936286007e+00,2.909091778771410140e-03
1.862392235163105259e+00,1.475445540184952941e-05,1.630935229655136487e+00,4.104675329886569787e-03
1.153941652782978222e+00,1.493382090663014877e-05,1.470043852678706964e+00,3.423830443471760285e-03
1.041400283140528460e+00,7.099292636954540822e-06,1.910685335280498443e+00,1.967078989736464802e-03
1.866959065784307370e+00,5.975118409544115275e-06,1.342711637465519914e+00,2.882367017078641281e-03
1.745440245215695407e+00,9.323647552470370624e-06,1.602737167091890846e+00,3.186502493737744610e-03
1.681320267661042811e+00,1.028823139431355824e-05,1.063119471429116114e+00,4.033708865396303661e-03
1.565298848048375158e+00,1.087782216897414825e-05,1.933043492023905907e+00,2.967896812956531336e-03
1.569543015718489087e+00,5.477391992754142259e-06,1.169064285041677476e+00,2.711779205447040122e-03
1.846111726630584204e+00,7.085658860775796665e-06,1.497927434403185210e+00,2.955110484310197357e-03
1.317773513625275505e+00,6.441445530687698906e-06,1.395441424371406836e+00,2.466358765759625506e-03
1.277882166899287908e+00,1.408890448109595820e-05,1.857508244629934024e+00,3.113283300275695477e-03
1.876774103710829422e+00,1.228063987063426060e-05,1.856441827729570893e+00,3.523512581502479760e-03
1.680843817747516677e+00,8.039563625263247405e-06,1.551402321826910402e+00,2.951329510004777491e-03
1.622189836222619475e+00,1.033356637471043770e-05,1.328875016295344214e+00,3.551680464041940058e-03
1.339717121805782174e+00,1.133185761501497127e-05,1.370030628961504959e+00,3.328832708463434070e-03
1.584832554712954700e+00,1.480332437112088579e-05,1.414414741766946593e+00,4.072704800559651464e-03
1.162870463600814253e+00,5.223729641286657879e-06,1.756582535664573230e+00,1.859609411011473035e-03
1.813327665051992721e+00,1.449755894308773371e-05,1.428445505551347194e+00,4.289964978699415191e-03
1.676600492439741963e+00,7.264110550854378402e-06,1.904838959041118329e+00,2.528581083946864882e-03
1.920330480621840197e+00,1.257197502952766259e-05,1.344972109018065076e+00,4.236752587502266333e-03
1.860708265564911423e+00,1.494326366428259904e-05,1.422743445065119516e+00,4.420776677729797155e-03
1.057569512847267745e+00,8.886318426293822681e-06,1.256264333701966329e+00,2.735110533187161755e-03
1.965900311520335730e+00,6.083539236247024341e-06,1.556079499970699498e+00,2.772317789764985017e-03
1.704574688357920476e+00,7.638295228570938581e-06,1.101961649481476790e+00,3.437344001806526446e-03
1.561114349647750643e+00,1.054716331164875270e-05,1.565905616580820947e+00,3.242667376523105521e-03
1.349907065902083314e+00,1.421547124214351127e-05,1.403180193912868523e+00,3.698076090989411112e-03
1.539397348203652482e+00,1.074625732832171511e-05,1.858565514706126187e+00,2.983424471364607214e-03
1.071648178823692010e+00,1.076888652693282634e-05,1.434528125974752655e+00,2.836331457393162069e-03
1.022742175584876456e+00,8.604973895742019973e-06,1.174962616755724110e+00,2.736817491693497879e-03
1.434174189898407947e+00,1.161707115935277081e-05,1.222645790411208688e+00,3.691466636097010152e-03
1.916060007709141200e+00,6.124659034800558197e-06,1.758720900284205024e+00,2.583134672812286304e-03
1.874945991298884840e+00,6.266434212753164607e-06,1.488307458010093676e+00,2.809689279473342668e-03
1.850363361081077906e+00,8.166821012502899430e-06,1.395270130042451040e+00,3.290984830723737899e-03
1.944499630571125071e+00,7.035919703036933021e-06,1.122953133943643156e+00,3.490467141112792160e-03
1.646913134450641802e+00,9.664072242253765393e-06,1.877912627367676945e+00,2.911238187406128830e-03
1.920430517963202188e+00,1.432691517447510013e-05,1.807458566231708641e+00,3.901588558299831817e-03
1.100450674797750716e+00,7.709290734094463322e-06,1.798917070221700554e+00,2.171635493272773641e-03
1.990313107532918568e+00,8.800395289461299873e-06,1.998685131019054761e+00,2.960326417232482608e-03
1.541358113809298214e+00,7.386442087789610902e-06,1.385332510058968403e+00,2.866767101906146382e-03
1.136524745690176807e+00,1.170413053714724695e-05,1.705769400738432306e+00,2.792536554387307739e-03
1.349887459883929886e+00,1.343475742770034329e-05,1.722859566173641443e+00,3.244432602069541576e-03
1.738909223532574266e+00,8.879622596942072466e-06,1.630409718863035318e+00,3.077423966271725965e-03
1.554885017298111460e+00,6.666849828507438986e-06,1.761340971728570848e+00,2.425983020587162663e-03
1.355524783679446843e+00,1.377703614019578637e-05,1.183113286807677245e+00,3.972999077240731668e-03
1.520911347845149919e+00,6.007155784375525670e-06,1.804637433408510017e+00,2.250046102244664028e-03
1.046316296826004688e+00,1.264948329886026948e-05,1.366108432656953475e+00,3.112614252767017479e-03
1.407881190628037960e+00,1.105293970535946386e-05,1.213520679300867489e+00,3.580950461996770112e-03
1.239790168723712060e+00,9.218437926812076162e-06,1.674452499754017776e+00,2.612560436809476493e-03
1.908927117697727383e+00,6.051344409841654745e-06,1.026175415457880380e+00,3.355133508838729559e-03
1.293839754262972930e+00,1.273183943403202411e-05,1.751294824757044344e+00,3.066946426967685681e-03
1.636126534483444805e+00,5.940559965686152450e-06,1.309718348869290505e+00,2.724163565374563070e-03
1.978883111973841036e+00,8.597387060396238746e-06,1.832872241751799969e+00,3.046682610770600538e-03
1.398214468288817347e+00,9.258516659499537609e-06,1.437390778580358353e+00,3.001028880419963265e-03
1.331971871495166271e+00,5.531930132071986750e-06,1.400346451132126635e+00,2.293866412603688936e-03
1.543922471998973034e+00,6.859209731942464919e-06,1.876266015662858555e+00,2.375760072534551914e-03
1.496426332043441221e+00,1.049149669342136249e-05,1.844910287813746663e+00,2.917150049993110644e-03
1.816671174892109164e+00,6.151215876442875480e-06,1.590760664257458323e+00,2.650429308718505773e-03
1.726800162670885097e+00,7.239395954054535397e-06,1.802644423480708635e+00,2.633402060936841042e-03
1.159315983586514331e+00,5.226185230094938030e-06,1.992230587561204747e+00,1.743907755348174035e-03
1.455929022817996410e+00,9.456255859573266460e-06,1.843877074152810103e+00,2.732522374190101463e-03
1.148369756949431331e+00,1.455479070968333371e-05,1.061065661180297770e+00,3.968923479110554250e-03
1.586769640169279905e+00,7.225136040546784277e-06,1.088006071950363918e+00,3.246117949218685610e-03
1.241494852896247281e+00,9.382555480258268006e-06,1.055698937816580196e+00,3.321719759599234094e-03
1.772685372087497768e+00,8.029460204740845517e-06,1.523336720166846181e+00,3.056757947537392522e-03
1.142862480152292637e+00,1.048526682152117517e-05,1.186718872446976381e+00,3.177699358915293294e-03
1.231819096311778106e+00,1.210273303611079038e-05,1.109552631759012975e+00,3.665567650680614208e-03
1.358870889138502847e+00,1.358069250835112118e-05,1.539911660497096157e+00,3.461801420048083583e-03
1.297625555758365801e+00,1.190938083369421475e-05,1.197491510763752487e+00,3.592386576961372705e-03
1.667482714078376782e+00,9.851816350885011017e-06,1.199739544406371206e+00,3.700371582767759439e-03
1.967158056636155061e+00,6.043125294277340886e-06,1.113269485331188413e+00,3.267760920437141198e-03
1.343683986451862822e+00,1.469516529218421042e-05,1.640251870543973922e+00,3.469609015079481735e-03
1.676135206526956800e+00,1.296975350022251067e-05,1.314522395854384129e+00,4.066646201208063381e-03
1.153031647577364982e+00,5.681586717072385680e-06,1.148466937932703935e+00,2.388340180066205517e-03
1.788801563365854719e+00,1.421991602806831672e-05,1.070470124896256481e+00,4.874637477207782212e-03
1.122925622364048914e+00,9.212617545409380459e-06,1.818892389132230170e+00,2.384863429301660714e-03
1.141923329367104278e+00,1.266873564848109785e-05,1.001005075795945221e+00,3.801604823615422051e-03
1.320712397897741308e+00,6.141285828338870582e-06,1.452993009438057204e+00,2.362664306599827554e-03
1.341517789261237770e+00,1.109394079045623370e-05,1.198753624104697657e+00,3.523515394281061426e-03
1.807287164520532841e+00,6.129491189823434234e-06,1.111275646089507907e+00,3.157293069545450380e-03
1.154711641765680419e+00,8.936780947570273565e-06,1.634245656568470206e+00,2.512862116077688949e-03
1.884302752060748931e+00,1.187834082911800782e-05,1.751463735389574117e+00,3.574807477408716450e-03
1.536374730182039183e+00,8.727139841200051235e-06,1.237844956997063317e+00,3.291178364346307537e-03
1.488869693268888073e+00,8.683937038946337269e-06,1.675923281958100475e+00,2.777535451017912500e-03
1.710361668501357624e+00,1.486558637736792025e-05,1.343586825250431271e+00,4.350128956285078882e-03
1.972106817059358086e+00,6.135012369177294160e-06,1.368993214990416707e+00,2.972845166861280437e-03
1.513682275620810369e+00,9.411872692625666904e-06,1.250891654136983000e+00,3.374780549674666862e-03
1.259687927125246576e+00,1.208956746977818091e-05,1.995886177416882123e+00,2.762288147735495608e-03
1.912328898823575374e+00,7.575472525323109088e-06,1.892811675760576184e+00,2.766511339397537128e-03
1.777530979336885419e+00,8.867031238109434964e-06,1.390574019030329733e+00,3.366670805837370783e-03
1.432626567047095900e+00,9.324579655834461332e-06,1.756546228357285910e+00,2.757727436861410510e-03
1.103642780280610580e+00,1.426385100223046142e-05,1.016874339144008266e+00,3.934585762423670197e-03
1.474934647663267206e+00,1.229614092757327340e-05,1.210311058679903073e+00,3.870992270615960379e-03
1.165185766429012393e+00,1.028483236372376843e-05,1.211051207791574269e+00,3.145682892648150614e-03
1.198502467912509140e+00,9.006737460318824505e-06,1.539145072961934702e+00,2.648277189979481895e-03
1.150949973527764403e+00,6.098053984038826350e-06,1.507794919718240090e+00,2.157509507232883896e-03
1.380777967639349457e+00,7.931900489067165267e-06,1.571423638572485126e+00,2.639999909054783784e-03
1.470931342557080690e+00,7.858354604577782435e-06,1.891879135002857648e+00,2.471811328807092638e-03
1.146747104575628784e+00,1.287391383110021796e-05,1.532454443806936295e+00,3.103811505456419498e-03
1.626376916776870685e+00,6.648774856395968459e-06,1.993581135940662552e+00,2.328973015094213447e-03
1.141565101940408500e+00,1.155994123831935000e-05,1.551405774451855679e+00,2.916523320053812304e-03
1.455613943564867840e+00,1.334491424313863898e-05,1.741071489912975778e+00,3.340201719015174330e-03
1.917713162168139363e+00,5.241245949058560074e-06,1.093207084288290165e+00,3.032200225435538812e-03
1.552799547993338525e+00,8.232721156936960796e-06,1.303125349758536666e+00,3.132104939280682017e-03
1.250858781187085711e+00,1.414011457173617239e-05,1.699099112555107594e+00,3.226422580868711261e-03
1.168396913263267223e+00,5.958299883601142548e-06,1.727265610376377936e+00,2.007598285495611288e-03
1.124565171992790713e+00,1.290371875807243347e-05,1.332613647520177302e+00,3.299876076583127624e-03
1.541614898906945585e+00,1.428495037383040812e-05,1.073513612014705298e+00,4.529221285279278440e-03
1.794428050224760263e+00,8.257532690647469367e-06,1.641771113893754075e+00,3.004220950762424239e-03
1.366814735383587998e+00,9.527803228375131332e-06,1.280386352013759943e+00,3.189192232477110027e-03
1.767608583262995303e+00,5.551663721799742821e-06,1.706716080112341771e+00,2.397860903622911662e-03
1.466262038616667152e+00,1.470866761370787605e-05,1.650799591055685411e+00,3.614475506331596682e-03
1.919834312050235692e+00,7.639524292518643254e-06,1.624340540146570255e+00,3.004875557160219604e-03
1.878851794713082723e+00,9.875526304433749752e-06,1.432106193029694108e+00,3.599471801623944228e-03
1.656296526814543757e+00,1.348670398143636672e-05,1.667829999721871292e+00,3.659704900496928495e-03
1.413975702777312105e+00,1.216432558176142173e-05,1.900056385747579846e+00,3.008719817571221204e-03
1.712893973149628213e+00,1.156875598244494713e-05,1.151855507894805397e+00,4.147721322875767835e-03
1.220037008573845672e+00,5.622563091546168762e-06,1.625844761792351267e+00,2.054064765801875449e-03
1.397236151897651713e+00,1.126588383198196646e-05,1.726603647164866029e+00,3.019403918773160347e-03
1.812225335899167566e+00,1.495230537771483005e-05,1.636433983453492891e+00,4.069217777005904035e-03
1.995250021115705152e+00,8.425890641495797516e-06,1.674443566316647924e+00,3.168628423011092456e-03
1.361920748658260294e+00,5.875165456498393485e-06,1.313051477634070929e+00,2.468567987000778053e-03
1.524360611266184495e+00,8.654319249539529636e-06,1.251224491427290753e+00,3.247077817162357435e-03
1.515972326234103384e+00,5.550449219500979510e-06,1.663571930501932084e+00,2.248997183770342669e-03
1.973877495150504702e+00,1.472480752867877263e-05,1.118407822545563368e+00,5.097823712927251547e-03
1.924080331470656491e+00,1.049992106429648039e-05,1.090206797073041134e+00,4.304772200610671416e-03
1.595794195505174207e+00,1.437964082473323937e-05,1.467043459525453120e+00,3.954949750399616715e-03
1.520408371258729741e+00,1.104722112160021490e-05,1.811239333315351363e+00,3.045220390420221284e-03
1.833354174685319693e+00,7.290043984370666669e-06,1.156692092222183055e+00,3.399220810994899814e-03
1.841470001279724267e+00,9.073096201034901661e-06,1.769371678407560156e+00,3.072914992194485367e-03
1.322305115023004518e+00,1.450822231499886245e-05,1.321004913905136746e+00,3.810840072099879253e-03
1.516873526494458613e+00,1.010454339316924031e-05,1.140715139286918145e+00,3.665594581096024915e-03
1.244299036384688417e+00,1.260686264564769165e-05,1.644646784319610644e+00,3.088371761638389855e-03
1.219408143782739540e+00,1.405494214886899979e-05,1.109674524279213426e+00,3.929988403694240073e-03
1.332129620888464983e+00,7.574449011939337382e-06,1.186506313831495074e+00,2.916176051306756511e-03
1.032723106757814646e+00,1.198702021457036278e-05,1.383778129454964922e+00,2.990985687475209830e-03
1.538455005974907142e+00,6.460463520272490538e-06,1.418214935751074712e+00,2.647300316200669381e-03
1.355109202272454239e+00,5.917840442201289193e-06,1.094986194732220142e+00,2.706228423380131060e-03
1.652448711149423044e+00,9.027638684860614176e-06,1.676323273968809202e+00,2.983130080907355972e-03
1.330548883735186649e+00,1.295540693161568318e-05,1.924794115139000006e+00,2.992600924624420639e-03
1.465267380845888701e+00,1.136027351288989106e-05,1.643767805066323806e+00,3.182237576168455047e-03
1.893877114961504571e+00,6.428053147678376722e-06,1.894565919603627968e+00,2.534899625137030862e-03
1.480878603939218330e+00,1.386294511958946013e-05,1.047807216505209471e+00,4.426360570380647938e-03
1.620335209861468062e+00,8.267115270468463988e-06,1.077514912986839102e+00,3.525882102960909911e-03
1.643083718372631896e+00,6.873739764497845916e-06,1.015485744364906129e+00,3.334951125055632144e-03
1.145994402046821570e+00,1.266232048050902492e-05,1.111485527011033092e+00,3.613233205338257231e-03
1.336402400339256502e+00,1.121530407366428883e-05,1.023783856868627495e+00,3.826220650351729036e-03
1.825171446814798593e+00,8.872269385551293051e-06,1.840365172089694301e+00,2.966314467215876941e-03
1.094740046210946005e+00,1.145901602387736953e-05,1.377544235826177799e+00,3.017702266095905004e-03
1.757842749456783649e+00,1.259446851503611547e-05,1.780244494465275995e+00,3.526469303528096278e-03
1.021343625692004320e+00,7.869813659331262003e-06,1.565519961668268012e+00,2.265890200732384278e-03
1.158389971321236445e+00,1.027156050876558855e-05,1.514790317657372931e+00,2.802653117094609184e-03
1.370875052038397213e+00,1.477644735190051378e-05,1.109428137309696361e+00,4.273014472235009235e-03
1.587105284619705792e+00,8.106886958291340117e-06,1.732529021283984783e+00,2.725145333816875615e-03
1.990377965670993010e+00,1.026959290340040697e-05,1.028702392405675958e+00,4.457583803205968087e-03
1.423001064917156278e+00,9.431687751987420169e-06,1.001796843591057140e+00,3.660222532851739163e-03
1.307487725521927047e+00,9.479821068424525333e-06,1.546139800893742589e+00,2.831356140675461881e-03
1.480721647816662045e+00,1.015241216008993928e-05,1.951385378215209521e+00,2.775554822660629677e-03
1.800131268408190266e+00,1.193143770772527059e-05,1.281254921586643780e+00,4.094309825859001814e-03
1.848788356343391115e+00,1.493643976811623758e-05,1.825481449640161902e+00,3.889362589729429293e-03
1.140066856120467875e+00,8.623604479306634982e-06,1.345990189137460380e+00,2.702642659789853286e-03
1.208963528972820889e+00,7.432880253639177694e-06,1.273509514672753973e+00,2.656342500666923189e-03
1.808074986136672502e+00,1.401812816910342325e-05,1.023218378438051523e+00,4.977016335436166596e-03
1.303689032933936121e+00,5.026229060768210821e-06,1.173313204826274880e+00,2.363203740036036275e-03
1.648569356470858782e+00,1.175584253269649135e-05,1.438073351275735323e+00,3.671047232659694227e-03
1.046058830028548048e+00,1.085614149205331254e-05,1.614517989245879193e+00,2.652127252374733742e-03
1.307124795505769210e+00,5.327076002562884075e-06,1.993194194079267900e+00,1.869081187612729473e-03
1.496857214687012050e+00,1.427433472101972308e-05,1.243266893033589504e+00,4.145586116241151836e-03
1.124423467541123989e+00,1.482135751477622938e-05,1.239939453039988315e+00,3.666137106920639745e-03
1.603639055922631229e+00,1.236105323373930495e-05,1.947861551671110636e+00,3.190083186517333504e-03
1.876963566928911753e+00,9.666095931393317461e-06,1.522870624222635971e+00,3.451611976241126829e-03
1.368603056467118328e+00,1.330120076435258809e-05,1.705803605497361097e+00,3.266778307582864256e-03
1.449531338353696519e+00,5.776066998194246243e-06,1.872599228570627217e+00,2.114499055627858375e-03
1.836917501250800111e+00,1.013654214049158005e-05,1.000179886127620765e+00,4.314700775749746864e-03
1.613613771182687451e+00,8.490885240741641849e-06,1.102455270321715641e+00,3.525297657726733040e-03
1.091281609022679566e+00,1.186914209152423706e-05,1.170097256784902839e+00,3.327109558926700465e-03
1.906897103930998982e+00,1.267338400512901071e-05,1.930474007894577460e+00,3.538163902757230066e-03
1.652487136917103694e+00,9.725187197311179269e-06,1.254600515553952356e+00,3.579029662732670890e-03
1.556118785344947852e+00,7.837948769646910552e-06,1.761732818924874211e+00,2.631192124775026328e-03
1.456076434641326856e+00,1.126203339078802876e-05,1.274827716791524512e+00,3.586532274857482175e-03
1.074611454573241920e+00,1.387886886061052898e-05,1.397655011670955627e+00,3.266651283311387995e-03
1.206214711331714540e+00,5.494204467384570807e-06,1.802935319734860542e+00,1.917231898029121261e-03
1.263873943395688926e+00,1.270908860956201618e-05,1.001802363605395207e+00,4.004221175632572370e-03
1.966965962309261240e+00,6.778384631312468783e-06,1.331929541770670689e+00,3.163886540242610498e-03
1.144207761874791673e+00,8.318539680985853182e-06,1.978863086119327264e+00,2.193148895589327324e-03
1.351847510689012655e+00,5.220089449042931394e-06,1.611818345818910814e+00,2.092400320997461587e-03
1.743591755096904672e+00,1.113387578845511004e-05,1.361232433176768453e+00,3.776412662917829396e-03
1.833354809659094364e+00,5.700444499063520950e-06,1.704812056537840181e+00,2.475935734295981513e-03
1.878677982153670101e+00,1.479488850264531926e-05,1.789443239193951651e+00,3.941150844329946272e-03
1.844373799725581797e+00,1.130290034519723216e-05,1.795730328796435904e+00,3.407209692790391046e-03
1.177143921852600084e+00,7.577166763094524520e-06,1.276013982418260140e+00,2.643872382922374600e-03
1.849643564582006849e+00,1.377881731611239855e-05,1.173110224630361520e+00,4.661015894829089422e-03
1.743568628252146535e+00,7.815912785679257846e-06,1.167736468446253895e+00,3.416150171479164811e-03
1.409565021692666953e+00,7.004571584098990276e-06,1.266410411997555663e+00,2.792197345246456592e-03
1.844129384510392766e+00,6.905946185044344247e-06,1.509775121391795150e+00,2.904364746170786608e-03
1.491443070617795019e+00,5.970660873456374695e-06,1.807630771915330392e+00,2.219523152562901704e-03
1.398014551746108225e+00,6.471435890260974191e-06,1.880755444164049273e+00,2.193259447363950492e-03
1.535382840137434757e+00,8.137282356977165108e-06,1.653067327609492043e+00,2.749177387362629170e-03
1.145321439356550730e+00,9.796211610364168992e-06,1.075624634886655606e+00,3.229701639670221926e-03
1.631246770320159190e+00,1.416568946907733451e-05,1.573731728418852116e+00,3.831892709580064348e-03
1.550191801969781125e+00,7.601523683236920644e-06,1.511557722096884770e+00,2.792098120127547468e-03
1.554288003282381148e+00,1.118317783596804102e-05,1.827624265496001099e+00,3.083932794315807305e-03
1.876620800243990583e+00,6.394591570898718328e-06,1.954570729392316242e+00,2.477815543161729969e-03
1.240109547453223993e+00,1.178233174636333267e-05,1.981017183316205799e+00,2.715823410137530296e-03
1.061235737295541659e+00,9.419202180667174214e-06,1.412578557511283250e+00,2.660153440950746573e-03
1.956169334982813313e+00,1.219939765424156935e-05,1.373658172916738085e+00,4.168051534630887178e-03
1.888624369983308959e+00,5.858146514790521275e-06,1.928780982852086101e+00,2.395032723897415599e-03
1.120662136558550515e+00,1.190039225592651935e-05,1.998362064416151274e+00,2.583336019496419982e-03
1.586036573692221729e+00,1.433766153885097672e-05,1.359458669463419200e+00,4.089900632798571835e-03
1.526547218012476836e+00,1.259082705466029850e-05,1.393911876015984763e+00,3.713338934609437206e-03
1.588658309473494068e+00,1.279260535883425660e-05,1.407450015652635056e+00,3.799953309927856394e-03
1.286247907135797064e+00,9.133918160123484417e-06,1.386054373059023792e+00,2.911392540084726133e-03
1.041337804117115073e+00,7.804855343215350415e-06,1.718400605544808446e+00,2.174783543634218382e-03
1.889615855631576302e+00,1.008223840699935868e-05,1.078115829140932291e+00,4.203707913442141474e-03
1.977897127319811155e+00,1.008021172718273417e-05,1.922255783934604167e+00,3.220557732236741053e-03
1.583606920134355223e+00,1.380807387266591620e-05,1.783567144401370985e+00,3.501430533642355385e-03
1.979118934406975061e+00,5.588607425801368861e-06,1.272654576824358674e+00,2.948033923910026687e-03
1.877694413047956257e+00,1.159929425397575428e-05,1.207986598789260180e+00,4.246168085441100193e-03
1.491047413023906421e+00,1.299588831921171423e-05,1.054797784622804047e+00,4.286117844625591568e-03
1.267543386051044774e+00,9.088187331925110294e-06,1.938547481179823784e+00,2.437708830808079687e-03
1.857469190660395952e+00,5.734148490739039006e-06,1.167006742088364524e+00,3.021054739959548509e-03
1.895893595212545524e+00,1.456074760924322932e-05,1.645171048569474159e+00,4.096314451031050387e-03
1.294449902208227421e+00,1.124567500185868475e-05,1.031575912195316080e+00,3.756512093992595003e-03
1.529048762873489231e+00,7.845982343724662030e-06,1.387665917529205650e+00,2.940301532279416489e-03
1.304077621255752995e+00,1.382223302299161991e-05,1.253542654056104766e+00,3.792025665899600301e-03
1.849531024897974163e+00,1.284777804449165479e-05,1.243146416517538322e+00,4.372035521307693871e-03
1.001699972991149767e+00,1.043540390172511244e-05,1.205024998255344038e+00,2.945272174044861069e-03
1.216189199335896198e+00,1.374877990386723047e-05,1.562414473098069134e+00,3.271406590754937730e-03
1.246676019093538201e+00,7.739639578527505626e-06,1.727410195054110531e+00,2.363411976389100805e-03
1.966916493854410142e+00,1.100380362476710693e-05,1.885670666464685397e+00,3.387906796756597321e-03
1.201750279037964830e+00,9.726888301981296788e-06,1.071013538608844629e+00,3.303669545021293685e-03
1.105885759606378915e+00,1.135222549225002725e-05,1.745506597877477084e+00,2.681852510655245714e-03
1.655705020881715006e+00,1.114416796445995097e-05,1.778763596303510663e+00,3.220743886457021806e-03
1.990425974830420497e+00,5.753661220610128000e-06,1.058128620112988472e+00,3.289848721095420085e-03
1.374271348046189223e+00,6.389238584046009084e-06,1.810892597652137059e+00,2.201985486259554810e-03
1.604351525810212120e+00,8.450631914438134961e-06,1.389397705805534899e+00,3.123784530318601208e-03
1.517489727648527520e+00,5.741307827643003995e-06,1.356305076803947518e+00,2.534484284396492076e-03
1.625720203522130536e+00,9.035532014844434691e-06,1.491270705854714995e+00,3.138495588935331752e-03
1.000735486729403156e+00,1.166108152612767004e-05,1.046311601321083806e+00,3.339631476357709378e-03
1.246257898120847196e+00,8.191221955004978589e-06,1.025674462613122451e+00,3.154812388592514831e-03
1.016177641850019242e+00,9.496298041407436421e-06,1.187627981746960160e+00,2.850504790015498131e-03
1.225739152119391440e+00,1.232310996082934895e-05,1.111186159623294145e+00,3.686937531889390544e-03
1.781434399684857839e+00,9.969747057976502297e-06,1.411322204164602967e+00,3.547430535483604794e-03
1.205599767008502132e+00,6.373299851824322323e-06,1.063624012281797038e+00,2.687755052059889391e-03
1.886575896922149553e+00,9.334606428001137121e-06,1.920559167811280110e+00,3.028107584325449506e-03
1.474977678636714584e+00,1.214493737676006259e-05,1.590042113048052208e+00,3.356495354311739808e-03
1.635372056735898472e+00,7.425024512159625940e-06,1.753504291188487496e+00,2.631502674461963249e-03
1.350478216225008854e+00,5.876161375869372517e-06,1.907799687692448565e+00,2.039502594121600336e-03
1.176479112282234674e+00,1.018787252295731618e-05,1.940967913139661993e+00,2.484990218351833431e-03
1.662778421030358444e+00,8.413308419850763840e-06,1.742261917593610487e+00,2.833634769732387010e-03
1.174103872357254108e+00,1.282072302750749695e-05,1.025659849302997806e+00,3.830961979004737436e-03
1.461982438158496045e+00,7.177739026073866160e-06,1.744743577992354577e+00,2.452444035303870309e-03
1.231494554103287564e+00,6.833088088719824530e-06,1.052519192806362636e+00,2.827546433458950816e-03
1.429958659734800186e+00,5.135771079804741267e-06,1.943655347895805630e+00,1.943815052811349474e-03
1.693332690066269297e+00,9.589522274851282042e-06,1.812575901741019013e+00,2.993102099457409411e-03
1.623246892994614221e+00,1.012188797376090401e-05,1.527849514524368679e+00,3.279312187318944149e-03
1.980072556839918230e+00,7.591237485212351771e-06,1.994795056880670270e+00,2.745033821276594930e-03
1.952303972558611544e+00,1.039332836188814279e-05,1.670539955093338413e+00,3.485159106335772913e-03
1.045834508138983265e+00,8.235805271379571715e-06,1.980929192851079268e+00,2.085211169024964607e-03
1.406426698503078665e+00,1.452862153892181505e-05,1.478578557891870204e+00,3.717479262574634440e-03
1.816661737161289203e+00,5.861292388689308660e-06,1.531437105780728780e+00,2.636842227489467720e-03
1.826442699866437591e+00,1.279247021917613244e-05,1.141906607760915016e+00,4.523399442814353758e-03
1.796158439504558668e+00,9.365743159552840120e-06,1.201710913385880097e+00,3.741480110478675840e-03
1.376501752803263923e+00,1.406540172192434317e-05,1.760795267294928079e+00,3.315965653659864662e-03
1.486845934841845907e+00,1.383818139588521241e-05,1.463107781341882907e+00,3.750026480430538722e-03
1.233479680676117241e+00,1.110853494751478201e-05,1.269906385020993067e+00,3.284797029325400072e-03
1.148822222100946533e+00,1.333467243905561795e-05,1.528435491860106410e+00,3.165876964334194722e-03
1.340141916302397984e+00,1.165539995016679208e-05,1.894439101820843074e+00,2.871432828964031250e-03
1.145301323386942016e+00,1.385843321132371189e-05,1.487879154523270575e+00,3.266127378964285913e-03
1.863181319795581770e+00,1.159737723251571656e-05,1.762933036957560873e+00,3.500979311548223401e-03
1.864372879463393584e+00,8.945434770939485392e-06,1.792559934788778175e+00,3.050213734691018929e-03
1.963171328710912489e+00,1.327193003682712179e-05,1.625074543287629014e+00,4.004142267575425823e-03
1.774293321045505856e+00,1.393961004696917482e-05,1.423479562617637750e+00,4.168332966749702280e-03
1.370195851713791546e+00,1.388974285132462441e-05,1.294712873953034915e+00,3.833996337744406766e-03
1.889286732106176148e+00,5.138746565015457359e-06,1.851998004423846211e+00,2.289587681831165792e-03
1.099769836057017169e+00,5.291099468672025161e-06,1.668785692089178152e+00,1.867340777949011085e-03
1.071574026176770555e+00,6.331405466281465010e-06,1.096273629635109437e+00,2.487720980153241244e-03
1.249665453045956331e+00,1.328678992314075440e-05,1.387642317080829191e+00,3.459140072532636886e-03
1.897104505367336547e+00,5.303075636865925404e-06,1.242307415977509155e+00,2.845738565956605799e-03
1.783915854205290863e+00,9.280439988931266047e-06,1.998419004911565988e+00,2.878247859796832266e-03
1.879484812834395724e+00,6.111504880409199684e-06,1.571645719301131727e+00,2.703436448857703209e-03
1.025832621532677180e+00,9.333150944969499288e-06,1.264351014339999635e+00,2.751810775827733153e-03
1.945088461363262189e+00,6.656344963154419886e-06,1.042616751757214466e+00,3.523913505130772325e-03
1.725468573953338636e+00,1.495764193185038075e-05,1.301367438942693688e+00,4.453332530159071975e-03
1.799846543807488874e+00,8.459424865973286326e-06,1.856357436121428783e+00,2.863896752159772723e-03
1.734466517365324645e+00,1.057101008269802548e-05,1.829103089195971865e+00,3.166081660886026737e-03
1.123539686853215924e+00,7.509685888341162763e-06,1.926444473875454477e+00,2.092795760500802248e-03
1.592209041514475842e+00,5.133321874255449876e-06,1.855847832729883073e+00,2.098592464923715664e-03
1.866952218963862098e+00,8.218357149456410410e-06,1.407086807060710987e+00,3.302164174507003259e-03
1.101038472208501151e+00,1.435207748178850650e-05,1.863320434140035786e+00,2.912157496249759021e-03
1.338471490950282838e+00,7.827611883253413874e-06,1.817982596389651206e+00,2.400625107098102937e-03
1.150804791915945646e+00,1.091085842117589725e-05,1.496246493417252132e+00,2.896868078828283236e-03
1.023519635868407107e+00,1.352237276076226336e-05,1.639114375391637513e+00,2.905828049747048985e-03
1.894161757969340387e+00,1.445336563599105347e-05,1.662285890762876583e+00,4.058262803503741821e-03
1.365810200375543237e+00,5.929526305888579663e-06,1.545545872248270225e+00,2.289097158137994806e-03
1.828430303916854349e+00,1.324511457015035317e-05,1.148192421373913863e+00,4.592611690034828671e-03
1.355877180698288109e+00,9.340469578137443958e-06,1.218775275501835953e+00,3.223537399575573861e-03
1.086146317915463122e+00,1.189971336014775467e-05,1.731573686602358553e+00,2.732070666882938700e-03
1.612905840314133643e+00,1.136925053216403921e-05,1.932320602041773583e+00,3.080568238783908553e-03
1.881657000063916563e+00,1.215704107642158879e-05,1.198306321451862999e+00,4.369183119725628291e-03
1.343042146159639572e+00,1.494303622952075579e-05,1.916521532287631668e+00,3.235991662516942910e-03
1.460061629613367273e+00,9.447338098809260446e-06,1.772668801279019934e+00,2.789501005772379322e-03
1.239574632112634411e+00,1.462746105989566324e-05,1.853061577825158235e+00,3.128065868816469475e-03
1.207875346425889118e+00,1.057710180164758717e-05,1.806122501807637670e+00,2.659627403344409433e-03
1.593296110980574110e+00,1.381704112772897923e-05,1.470633204972112029e+00,3.869043293896394595e-03
1.516361686550479426e+00,6.245523279735121280e-06,1.158626041630413717e+00,2.859000124688061521e-03
1.851796570087353988e+00,5.653413600504415896e-06,1.898673733768431626e+00,2.348155460493724523e-03
1.819214989470117949e+00,6.355923892621564903e-06,1.619553526115254494e+00,2.671983081795055708e-03
1.607522809931097196e+00,6.140372152515371582e-06,1.783831676281541156e+00,2.352333984524443596e-03
1.150462598167335759e+00,6.282449519593028029e-06,1.989226816954157595e+00,1.906156714502678590e-03
1.799592185488965379e+00,1.307858375119474775e-05,1.798387588316131325e+00,3.617643439710222907e-03
1.525510721478752441e+00,7.044381538987130078e-06,1.932586643120142167e+00,2.358085677313259080e-03
1.741580770546176327e+00,1.259954267419049922e-05,1.710950214174502992e+00,3.581215991309075197e-03
1.531322661472741098e+00,9.257611782447529709e-06,1.238560843294377989e+00,3.383172673012001426e-03
1.105452673350123316e+00,1.224540745076036562e-05,1.945375779579911368e+00,2.637879452845846850e-03
1.811678706076528478e+00,1.155620473237664020e-05,1.306979161827340086e+00,4.002339009846566861e-03
1.130677582875266429e+00,1.001098907225081547e-05,1.650844300666788556e+00,2.618513559746833350e-03
1.055730729479525509e+00,9.999752506663881385e-06,1.057800557637241123e+00,3.159143192253585555e-03
1.700610413687978717e+00,1.186656697667403799e-05,1.905079362065906778e+00,3.254680997789106359e-03
1.119744492663258040e+00,1.037678527512649035e-05,1.733744469665262411e+00,2.588799035879333060e-03
1.829294634686483789e+00,1.228523894724451688e-05,1.960802328869911459e+00,3.385452519203956470e-03
1.166907435433963247e+00,6.627380099966530005e-06,1.920597192312917478e+00,2.006647084549688289e-03
1.183191259078133939e+00,7.561583605281850510e-06,1.442824160303068259e+00,2.490159425393517756e-03
1.286589490321226492e+00,1.444412604545461767e-05,1.166941657200387450e+00,3.990626322016944082e-03
1.522541101267912866e+00,1.242242492700243285e-05,1.169512799462596231e+00,4.021473520956912392e-03
1.303130426407591802e+00,1.217795105519431542e-05,1.443100133335333268e+00,3.316139725598733073e-03
1.744769566291109353e+00,5.599010446892179039e-06,1.115353710111593344e+00,2.959500171274024802e-03
1.674529944892479971e+00,1.329241157802548326e-05,1.087907379705356892e+00,4.523268704662473765e-03
1.398074568787056826e+00,5.196458341370332654e-06,1.107276602756472439e+00,2.561479186684778933e-03
1.103810933033981145e+00,1.113098400988910480e-05,1.365301197616144657e+00,2.999852418066890469e-03
1.301466117044698834e+00,1.236339850628198273e-05,1.671724765492396347e+00,3.102437054427884498e-03
1.655289049127719903e+00,7.474993668633078260e-06,1.510889165033469705e+00,2.861712708378498417e-03
1.646045636462003525e+00,1.284320317967056624e-05,1.428904114339092812e+00,3.846414375593575595e-03
1.626938412345677154e+00,8.528057299992310039e-06,1.525468343947365746e+00,3.015844961182539540e-03
1.260613554726603747e+00,5.783217008570791607e-06,1.701885879025486714e+00,2.069714838861635379e-03
1.963911418763216954e+00,1.358223193724218141e-05,1.074539592767717711e+00,4.982362334324801946e-03
1.603504085380483168e+00,1.132389276256578150e-05,1.959329698966307154e+00,3.044241826168970089e-03
1.890310308727987110e+00,1.244016786801068684e-05,1.269342236439066518e+00,4.304178821105814068e-03
1.513962597674475496e+00,8.010350044566398272e-06,1.258526633736308353e+00,3.104217300609570917e-03
1.732115692754233383e+00,1.432135708822751812e-05,1.403693734036267626e+00,4.203822345232407186e-03
1.970047586827339714e+00,5.244710041977920979e-06,1.718506193180751485e+00,2.452017407422736085e-03
1.061081507835010207e+00,1.481590089015965168e-05,1.840919118025239554e+00,2.922274787089720102e-03
1.973521715509687802e+00,1.093323454370920738e-05,1.233021739374110748e+00,4.183212439938840954e-03
1.598598291335886490e+00,9.912192881559058318e-06,1.949546795526292398e+00,2.850937603726590424e-03
1.659629094652527836e+00,8.109905069460251152e-06,1.995937267663430159e+00,2.596808724238398348e-03
1.908204562533655890e+00,1.286793534364227804e-05,1.310397042856480176e+00,4.328779336505121124e-03
1.637995079881574778e+00,7.734791354715349625e-06,1.048701019345051222e+00,3.475799792510365829e-03
1.904935228464519126e+00,8.068607080702848016e-06,1.251913815342729830e+00,3.503903800902797693e-03
1.245203698184976560e+00,9.742416736614766172e-06,1.497612997499017773e+00,2.846123570872329759e-03
1.896628545162699631e+00,1.285604728401311739e-05,1.232936907389978298e+00,4.447074911519227798e-03
1.716766535162034035e+00,1.388424271170236101e-05,1.928640419305529985e+00,3.515532246676426713e-03
1.633087915322690709e+00,1.248621715510555858e-05,1.363041970164804439e+00,3.867814258645039215e-03
1.491150488876493263e+00,1.405404621271427319e-05,1.675930057379048765e+00,3.536172816180428117e-03
1.364282909804351629e+00,1.063086219188608445e-05,1.303902565022301951e+00,3.335138653487215808e-03
1.576784747826579958e+00,8.743547412405085727e-06,1.950200991836760656e+00,2.658828671748366800e-03
1.502869146223040131e+00,8.263054596077918317e-06,1.478167535663856391e+00,2.898471707292843771e-03
1.568808819314268188e+00,1.334405745964040499e-05,1.444936849572708848e+00,3.806313272524351581e-03
1.979882461153379625e+00,8.663571246955542560e-06,1.850633819032840410e+00,3.044443598424039898e-03
1.979302453590125133e+00,6.572755500960957955e-06,1.943358853293380317e+00,2.587338903037353886e-03
1.259369437071453879e+00,8.796322613194985010e-06,1.136115607151370277e+00,3.122596627564051559e-03
1.737805514895777392e+00,7.348704245924503944e-06,1.513953253080857042e+00,2.904355255693789450e-03
1.558574263242769931e+00,1.276590263106195278e-05,1.336628628330277735e+00,3.858194651702832011e-03
1.047351661738673112e+00,1.276144196405337291e-05,1.128334809527246296e+00,3.441732752207059959e-03
1.497518467801159492e+00,8.983395858633860427e-06,1.121419733178320666e+00,3.463556410022557586e-03
1.047233887974758693e+00,1.234551303101314357e-05,1.120836535255214095e+00,3.396293979806693127e-03
1.584595720147515374e+00,7.414389302170956716e-06,1.583143895370739740e+00,2.724185874784138851e-03
1.422530991021786262e+00,6.140271250236295934e-06,1.833365602261642913e+00,2.182730451124963687e-03
1.374026377810693145e+00,9.965291996012598226e-06,1.799767771100136748e+00,2.758254364926663021e-03
1.464249363457093889e+00,1.028623592156420192e-05,1.388327238442884415e+00,3.293743990652762098e-03
1.590043105686117286e+00,1.082714824973785216e-05,1.593878963517625147e+00,3.286501398095029430e-03
1.080370873421164113e+00,7.116653219875061063e-06,1.445827837249421766e+00,2.306035796389371666e-03
1.620641032522700309e+00,1.374711446963564987e-05,1.216321314006179266e+00,4.279815341417970466e-03
1.099786526793575137e+00,1.286242045951361079e-05,1.592513197116076196e+00,2.980396388930627027e-03
1.347316736361252598e+00,6.390307337053542938e-06,1.788237220182537168e+00,2.194235111228758518e-03
1.223444630450809090e+00,9.085204472205712944e-06,1.586958516142749298e+00,2.646529415956959310e-03
1.198682524294063967e+00,1.452951077852626528e-05,1.096910925723041164e+00,3.984665792247453486e-03
1.155014695256653123e+00,1.152657677937514035e-05,1.817564379795791663e+00,2.706443886626498131e-03
1.925107441229040761e+00,1.247502591571292654e-05,1.453967808436975817e+00,4.064160204896561344e-03
1.513107567629704997e+00,1.285647672465045134e-05,1.744156118349187379e+00,3.339667326915066355e-03
1.061800295968967633e+00,1.437198746264683612e-05,1.637386179069185932e+00,3.052841633035474449e-03
1.974407562641979252e+00,8.755606619541443842e-06,1.433870181298686264e+00,3.472214982770398858e-03
1.573042067294491364e+00,1.267710659988422790e-05,1.056431035292062059e+00,4.344698700157479873e-03
1.537923459706118878e+00,1.225525223342820909e-05,1.258120608902598692e+00,3.870502477190764824e-03
1.522957681266415619e+00,5.435767146483795308e-06,1.792992436373126219e+00,2.148746148790301683e-03
1.676464648937898039e+00,1.445720134642843589e-05,1.221885672834117642e+00,4.453731470512724971e-03
1.423779814122749787e+00,1.250480326094107020e-05,1.567376643753383370e+00,3.370335710015908391e-03
1.325173925876135916e+00,6.640517607006251330e-06,1.118863189222350396e+00,2.804457832980935747e-03
1.978195064017730598e+00,1.013283315224453902e-05,1.761319106977162541e+00,3.373502058830245807e-03
1.192250189921653103e+00,1.228740344680476377e-05,1.759237248618508609e+00,2.885702484244004242e-03
1.372704602242775351e+00,1.011272785532056608e-05,1.379871634506503852e+00,3.171782227831367214e-03
1.433826113616317954e+00,9.733643744538439087e-06,1.111751249745239090e+00,3.543089746219144336e-03
1.758075981136292931e+00,1.243633292990287207e-05,1.454357461695170883e+00,3.877300030271816061e-03
1.212661214405731602e+00,1.290626785001143542e-05,1.684640825159259947e+00,3.048010229027998692e-03
1.325232733291145770e+00,1.062051313278710875e-05,1.823025998853440743e+00,2.778576742353007240e-03
1.199180047063601595e+00,1.216335948863581330e-05,1.618577552852944024e+00,3.001941409170526612e-03
1.709702778041823024e+00,1.395042485206170405e-05,1.816739457227079413e+00,3.623328427728000466e-03
1.654663304077273578e+00,1.005304991413340742e-05,1.471409998517046791e+00,3.362303291781375183e-03
1.684901642637102626e+00,8.055586612048883685e-06,1.232833031277850822e+00,3.318056153775015074e-03
1.608251496840749750e+00,1.313208741002380828e-05,1.224428112165345084e+00,4.153146189914316833e-03
1.688450412199506312e+00,1.063433645200087972e-05,1.757723125351197790e+00,3.196127679152575753e-03
1.053746744740831742e+00,1.370637460166508715e-05,1.177820946950597802e+00,3.501787472194970319e-03
1.932038464606400385e+00,1.156695086320786751e-05,1.302892730547558164e+00,4.141550860446647012e-03
1.303136227774200906e+00,6.565163703686977170e-06,1.377136526767678060e+00,2.492465699392030099e-03
1.901557498216770670e+00,6.233882802636949950e-06,1.572198063796993672e+00,2.745872824969260335e-03
1.250710963341177262e+00,1.133388612927678580e-05,1.842797445192949857e+00,2.773505938675922041e-03
1.199408687643320759e+00,1.028747168196618195e-05,1.796128585534439548e+00,2.621013205780211609e-03
1.999565530597106733e+00,1.381836410848766603e-05,1.755745963870638526e+00,3.967028288717960177e-03
1.840316821097315536e+00,5.904238673722393894e-06,1.322064139898629698e+00,2.866830311661862883e-03
1.167487553570055958e+00,7.859936549690719196e-06,1.077925995048568897e+00,2.917703638900504774e-03
1.791221764451649268e+00,5.341322867419498200e-06,1.605002756226054927e+00,2.441525152918724503e-03
1.452062837316515198e+00,7.715317546478508786e-06,1.174020547990013874e+00,3.089098517151195322e-03
1.827400914250815855e+00,8.228682877890972910e-06,1.994677749046472881e+00,2.745653383232208363e-03
1.384644174534405359e+00,1.194103219854542803e-05,1.820388562429091861e+00,3.013755230046353401e-03
1.870205975274608967e+00,6.504453234477722895e-06,1.972588766446276232e+00,2.483315161793292133e-03
1.439031841840385573e+00,6.256155053324657386e-06,1.119385619443235669e+00,2.835953412025476669e-03
1.393842489931297557e+00,8.849779055532732371e-06,1.482023359436630994e+00,2.884998152118038381e-03
1.416344706604854453e+00,6.858527764653573144e-06,1.978744994476630215e+00,2.215669695816161171e-03
1.646971513084749539e+00,1.352182772661878114e-05,1.083386786753450348e+00,4.533869084711068288e-03
1.301864286479491595e+00,5.084049880213445144e-06,1.664452966107542009e+00,1.994123237543329614e-03
1.723406835847609564e+00,5.230326759183598527e-06,1.128577876119075896e+00,2.826132701255585147e-03
1.997040170977976592e+00,1.325728128509136508e-05,1.038988100259079062e+00,5.047953540646312430e-03
1.879323178404376460e+00,9.806200634574543923e-06,1.167666994321643781e+00,3.972753511056108765e-03
1.929909058368873609e+00,1.091400882541903415e-05,1.257276446184089291e+00,4.093032403126570240e-03
1.355190571130610699e+00,1.333845340132165495e-05,1.149841675181756617e+00,3.964915179369548140e-03
1.504581622880673653e+00,9.610114895492599674e-06,1.587837505715228748e+00,3.017651886150463005e-03
1.931527860832198407e+00,5.388334043681906069e-06,1.050076001811099502e+00,3.148236701472404038e-03
1.788792286311664093e+00,6.245710677197450006e-06,1.503209608172463962e+00,2.726221361266077409e-03
1.705986024479297480e+00,1.096610993240069820e-05,1.595456793234642179e+00,3.424297654905322005e-03
1.136589412422059464e+00,1.206184154404628633e-05,1.061086793458151822e+00,3.594455885407191447e-03
1.115708980738880474e+00,6.907685503483646055e-06,1.377542600968683084e+00,2.365316293881585853e-03
1.744253192564362731e+00,1.313861615864225113e-05,1.721763362796927765e+00,3.648319333452307127e-03
1.979429509565620027e+00,5.613286349750874840e-06,1.686952288180644688e+00,2.566416974647632316e-03
1.441438569967709693e+00,7.070549188372267195e-06,1.937762611298415649e+00,2.293371215489210021e-03
1.103748883440798689e+00,1.384127193572859264e-05,1.521694833572801775e+00,3.168541182584394631e-03
1.291028551467347185e+00,8.675996945931791149e-06,1.554425853887674958e+00,2.684371462414453582e-03
1.882320535496300629e+00,1.241756733820344992e-05,1.198562081482587693e+00,4.416058165928304566e-03
1.930184457259486841e+00,1.014727535386585072e-05,1.596993579291506649e+00,3.502051632113549820e-03
1.081230123356028860e+00,7.491927885674076909e-06,1.345783855955245523e+00,2.453399121726514490e-03
1.771701691683831736e+00,9.971919853007243928e-06,1.655981885550401822e+00,3.266306225637209942e-03
1.727361399289654820e+00,1.040816461934415311e-05,1.985703451208425063e+00,3.008995139034458845e-03
1.723476319781570787e+00,6.471664664415818586e-06,1.538923218357733713e+00,2.692168182336444112e-03
1.861721397923657317e+00,1.366081062725413216e-05,1.132838995239223046e+00,4.738179240514324951e-03
1.949271691431815778e+00,5.551909402688034021e-06,1.847925638960655981e+00,2.419998671733950609e-03
1.754372519940401443e+00,7.876446205131769834e-06,1.662643163022324178e+00,2.882879820596853573e-03
1.872783409042449332e+00,7.528087052803299802e-06,1.174517037169565459e+00,3.464626576540163431e-03
1.855901712187618458e+00,1.277066482024310888e-05,1.911520661531461718e+00,3.521232820524358102e-03
1.270060994815182642e+00,7.642082137521802749e-06,1.525368577976525586e+00,2.522497485124208447e-03
1.892258106948927043e+00,7.120328131989671512e-06,1.129273689514669776e+00,3.454145172817409300e-03
1.058526191857781740e+00,5.765296135881201990e-06,1.204531990268838504e+00,2.250880531753237605e-03
1.435935180469533057e+00,8.703913400132572636e-06,1.604649729753110599e+00,2.790837661084902971e-03
1.241718677601792553e+00,9.811243299480180248e-06,1.690489246527673295e+00,2.684524818339441114e-03
1.048259850383713720e+00,6.555830581272378537e-06,1.358134409568954482e+00,2.249453192681318166e-03
1.666096533366077104e+00,1.154880773674309732e-05,1.460514166827760807e+00,3.629658526189183821e-03
1.197451494278371165e+00,8.089917136200499206e-06,1.902343352034839619e+00,2.256610212361722431e-03
1.224257949698063452e+00,1.457852489106731204e-05,1.492700797348255781e+00,3.457855776346024489e-03
1.337956614704662650e+00,9.506698516746487685e-06,1.453511734256864196e+00,2.958193681677104107e-03
1.287990347460946428e+00,1.183944253589264516e-05,1.107712946319563851e+00,3.710293925999753363e-03
1.749091441853299234e+00,1.034237378885171668e-05,1.981091323420676620e+00,3.021788919377574583e-03
1.532682273546889018e+00,7.321600078689341658e-06,1.545253415369232108e+00,2.694816592633205148e-03
1.030083690641278915e+00,8.210922451951355899e-06,1.342751288299299350e+00,2.509772994224543797e-03
1.997125910238923607e+00,9.905139739848065996e-06,1.824763078943895112e+00,3.292530327490636281e-03
1.089273078148540463e+00,1.417445230929481584e-05,1.275076206027561554e+00,3.479793381529607075e-03
1.764688837120237386e+00,1.344395467737956920e-05,1.643501849036907769e+00,3.799377885649462237e-03
1.831915066283654969e+00,1.305872314875537775e-05,1.105843625569023381e+00,4.651105227134514318e-03
1.128960218278941330e+00,7.914837701689429210e-06,1.214856223287101411e+00,2.712051204486672865e-03
1.198913144833308575e+00,1.296729101946419952e-05,1.172275761092099078e+00,3.641695228385703493e-03
1.291910681423230400e+00,7.484675161382049651e-06,1.505154580251470975e+00,2.534615990681653944e-03
1.591031845880142015e+00,1.208994396253961683e-05,1.650196834959524406e+00,3.414158706133666333e-03
1.979623502339169505e+00,5.187961674497236947e-06,1.185848513199574850e+00,2.942897075725111819e-03
1.528470518510083753e+00,1.015862814576590789e-05,1.930888133809651075e+00,2.835747174706713079e-03
1.784354822609863334e+00,1.356769776697880700e-05,1.532086068998606443e+00,3.975137065510656910e-03
1.510080346665917839e+00,5.171248854086570273e-06,1.365159318302594516e+00,2.391696552925985826e-03
1.186337369711861101e+00,1.031388022815947630e-05,1.447489654821146443e+00,2.907417586527030317e-03
1.002501678641393834e+00,8.608987078095508893e-06,1.841545408860682187e+00,2.164847787682854397e-03
1.713587747397410599e+00,1.029299017177180752e-05,1.927677530994555299e+00,3.024870319086768976e-03
1.490408879429510947e+00,7.411625967034033118e-06,1.788817387203947895e+00,2.485000371453791566e-03
1.917384521482763837e+00,5.011606880565153068e-06,1.345340635574894250e+00,2.672557002108557136e-03
1.188704878442485402e+00,9.318931336989990936e-06,1.762702324505417195e+00,2.506862938795351679e-03
1.294578573164049562e+00,8.979502067962809796e-06,1.843009132759143132e+00,2.511461882459689945e-03
1.920151214391325079e+00,1.311500151673132634e-05,1.295707537046796309e+00,4.408576646200861905e-03
1.745056441628558996e+00,6.536220443507863093e-06,1.965636678662512349e+00,2.408887182999352831e-03
1.488178967367261185e+00,1.254353870844519932e-05,1.316866325905031054e+00,3.765015532197163537e-03
1.694950759954457320e+00,1.104992893414903460e-05,1.521303993827739509e+00,3.508732687407192883e-03
1.568232932008744918e+00,7.932684737656640577e-06,1.314877076175290149e+00,3.075904201053387011e-03
1.383864741067713844e+00,5.194135233458717649e-06,1.030550225845848988e+00,2.641002832826970948e-03
1.373619899321621318e+00,6.304204046087153116e-06,1.159175934000062247e+00,2.733214647860478675e-03
1.167817340302384377e+00,7.495869142987930702e-06,1.805908478315776833e+00,2.201661710122022539e-03
1.265928718933695851e+00,1.229580459074608949e-05,1.345687806194654002e+00,3.401033767886554610e-03
1.207106556883627224e+00,7.085343294543466802e-06,1.242548742622151980e+00,2.623593438059616378e-03
1.207616601188709282e+00,8.872811632560646705e-06,1.012837244125609715e+00,3.252560149674768499e-03
1.210813795043802266e+00,1.326010107666101984e-05,1.228680970434274489e+00,3.614868733420691180e-03
1.400025787437445324e+00,5.925720409524725576e-06,1.103602603241251146e+00,2.741777686670630008e-03
1.624457246685707457e+00,9.433697792168250839e-06,1.387823261523202900e+00,3.322982402888331136e-03
1.000584957743344106e+00,1.251190156970422371e-05,1.469334176276419157e+00,2.918961415461771621e-03
1.036051075953435152e+00,8.255742406732513550e-06,1.803105427415295559e+00,2.178001074177861925e-03
1.429714637715676639e+00,1.436137291126459185e-05,1.181520302929010890e+00,4.168713675981578111e-03
1.094276254846279883e+00,9.989217659099737078e-06,1.063564164111638011e+00,3.205880854868948561e-03
1.248747385576944424e+00,1.318854693433223196e-05,1.926292076887429428e+00,2.923982044778875369e-03
1.930026596087294433e+00,1.110117834537427699e-05,1.971084272813684146e+00,3.296959333887104944e-03
1.687609344345113449e+00,6.831687249789081465e-06,1.389536588942884343e+00,2.880480605385326871e-03
1.701863370381468066e+00,9.350869436277618648e-06,1.969570568808895139e+00,2.842513716410882945e-03
1.936333041936119326e+00,8.628717977868933365e-06,1.703959802311998839e+00,3.131363557068852273e-03
1.094809168537838495e+00,8.409968503261657519e-06,1.059586007782283179e+00,2.947801871288137886e-03
1.353180190100859326e+00,1.452864052663607511e-05,1.242176050490553907e+00,3.978310985566732919e-03
1.853107800046918774e+00,9.025336576170023571e-06,1.709573161257983198e+00,3.127794414931485151e-03
1.873235426001408577e+00,1.331518061070995483e-05,1.688874357353550515e+00,3.843005811300214975e-03
1.564656488860994177e+00,6.667332301333463169e-06,1.975559147065918619e+00,2.297949788662235864e-03
1.833609015972244904e+00,5.117169040684490111e-06,1.586905433073695804e+00,2.431603311766378835e-03
1.189122320505795027e+00,9.395351842212715680e-06,1.537706586557047617e+00,2.695460999880299868e-03
1.984906731819374937e+00,1.254273875643681720e-05,1.701010857384935848e+00,3.825715740984687602e-03
1.668452972112464350e+00,5.393489053462320856e-06,1.614536506025005869e+00,2.360847590349534567e-03
1.414694423646141397e+00,5.639407688292946870e-06,1.313451315274214215e+00,2.464569541831004764e-03
1.464628347246805351e+00,7.203347856093554031e-06,1.394396874972718248e+00,2.750665061911517374e-03
1.779696492449981182e+00,9.604843176054111699e-06,1.710587857016896862e+00,3.161152292322351627e-03
1.187283540615707178e+00,9.113281696396331104e-06,1.933974926201903255e+00,2.365316173327313559e-03
1.385229664626061119e+00,1.349720528036692685e-05,1.046834320951246067e+00,4.226139630204823507e-03
1.001251433401383117e+00,1.157836630132153330e-05,1.701512325496596700e+00,2.610223337295253850e-03
1.140438262072163811e+00,6.190333769438457967e-06,1.358732436217246597e+00,2.279428379974930870e-03
1.757008314184731912e+00,6.582388120899053441e-06,1.731288123549216795e+00,2.584603788089891944e-03
1.906269991175237655e+00,1.174094347079163449e-05,1.554056851968196540e+00,3.794986653378674708e-03
1.464549555462972386e+00,1.305026690578031632e-05,1.729546627931221270e+00,3.324264679474682634e-03
1.087708795224832548e+00,9.239070937772311205e-06,1.589380993576303691e+00,2.514527926726480185e-03
1.040939810974170321e+00,1.333048692953219674e-05,1.671472456104625026e+00,2.881284903882501847e-03
1.780869418435536478e+00,9.892450896492765134e-06,1.989387971007700040e+00,2.975830878455418271e-03
1.843472661096481335e+00,6.845859639422974147e-06,1.826974901173277210e+00,2.628246261973209933e-03
1.374644401348973810e+00,1.488755872313990598e-05,1.762023835418392137e+00,3.408011394271408343e-03
1.727692972153999973e+00,5.676540753329887687e-06,1.182749346839295113e+00,2.879577721816322777e-03
1.233565224860425413e+00,8.671105565446230132e-06,1.682578482502115724e+00,2.521335451584226159e-03
1.827986197970590698e+00,1.274975400116019658e-05,1.158360118463855226e+00,4.485548538040689918e-03
1.451803084490808970e+00,1.389360358145917701e-05,1.628404369132113949e+00,3.519493597743689889e-03
1.984018896824382816e+00,9.387237001409759344e-06,1.328201847303358996e+00,3.744637253278689133e-03
1.123066792586998819e+00,1.394349673807748850e-05,1.648862463485776697e+00,3.081743062752420517e-03
1.161530339300133052e+00,5.266120560465093412e-06,1.460635881485491172e+00,2.046396079884880634e-03
1.890665580565370707e+00,7.986576430014498827e-06,1.831345912836253031e+00,2.871458164766780858e-03
1.251619978871487238e+00,1.442456585680885437e-05,1.660594661899130076e+00,3.297279785814210759e-03
1.590177178094263954e+00,5.965260021026407957e-06,1.150902122398128835e+00,2.870901235161594980e-03
1.063241761097867721e+00,1.122200992378864864e-05,1.651304765529698626e+00,2.688052336197272081e-03
1.190911793424586307e+00,1.181329100765568326e-05,1.039163344155822344e+00,3.679453678144305531e-03
1.829439554792995359e+00,5.104028462138509240e-06,1.061118887221612850e+00,2.966426237955402650e-03
1.673814587366889484e+00,1.376226924577956642e-05,1.280552139670271927e+00,4.241310485853698291e-03
1.940282173218069506e+00,5.793329685477116803e-06,1.356345550137981970e+00,2.878799345465408912e-03
1.503362709487354287e+00,8.474845692167692928e-06,1.036331041633959504e+00,3.506295650604794416e-03
1.304878347878489997e+00,1.471058311871242436e-05,1.636214070321285075e+00,3.425152361662635921e-03
1.693489568268879086e+00,1.363973005846321989e-05,1.023061812958318884e+00,4.751636539805191052e-03
1.789587389430013831e+00,5.350298194976057511e-06,1.403824178311692705e+00,2.611614614576333350e-03
1.764097362008534731e+00,1.251086216113928207e-05,1.666575523814550319e+00,3.639086638316867389e-03
1.597854505208377240e+00,1.201832742775805749e-05,1.715848090069322485e+00,3.345424351465990046e-03
1.182765700760147976e+00,1.308649047272097342e-05,1.699995686836837994e+00,3.017428915803887970e-03
1.895612305564912781e+00,1.450161243555533566e-05,1.122302954898756866e+00,4.949118511561102253e-03
1.372875713175508938e+00,8.194994627550476957e-06,1.316791578142278762e+00,2.923017581521924774e-03
1.327355229205888332e+00,5.062944850350497267e-06,1.464575593778059126e+00,2.142097747849767281e-03
1.795542362596610264e+00,1.252994969865732780e-05,1.614403134165032672e+00,3.733073112887753779e-03
1.102887313118607437e+00,6.720202390496099611e-06,1.390185350983877743e+00,2.308981179126395455e-03
1.751643539373301417e+00,5.362251853025981083e-06,1.663460054117157583e+00,2.376239887374961748e-03
1.740744686515636186e+00,8.334160170973466074e-06,1.951232575320569040e+00,2.726741334085150143e-03
1.494805307410316475e+00,9.682654415960105049e-06,1.136488248839309101e+00,3.568675478331850576e-03
1.061568031953901592e+00,1.022420424910282719e-05,1.778393418048880070e+00,2.470442517244846991e-03
1.597241363480004672e+00,1.396181372159401658e-05,1.775292460456608712e+00,3.544224632426190309e-03
1.107632083515585730e+00,1.015993598500990807e-05,1.607897012227590405e+00,2.645538798828778963e-03
1.756122010267491040e+00,5.901483952311052916e-06,1.964002458094297188e+00,2.297137252646704649e-03
1.874639041443053156e+00,1.406329445340543887e-05,1.345521366637645100e+00,4.426465303510104289e-03
1.478067084830495981e+00,5.411496450711808608e-06,1.211766126309230085e+00,2.569190797856301701e-03
1.976776395418063936e+00,1.053384518722835284e-05,1.221113426433959148e+00,4.129469242755002927e-03
1.338305315983328247e+00,1.100809095708949477e-05,1.843211776218693476e+00,2.827131359674306486e-03
1.863831800912656878e+00,6.695206128561494825e-06,1.249077738845987273e+00,3.160753304940128790e-03
1.771871263034580757e+00,1.213607105063735371e-05,1.673779171942491040e+00,3.584314076565672108e-03
1.030608607262552212e+00,1.339173987925536727e-05,1.420052531735831902e+00,3.117548222316380083e-03
1.505039624171908397e+00,6.443828450283385573e-06,1.323892714997775055e+00,2.706571820333083210e-03
1.907633825824837093e+00,9.820374937213974140e-06,1.941108178433665898e+00,3.106609544904218728e-03
1.592303908034059745e+00,8.775784709682717257e-06,1.656875456823860393e+00,2.904096399107804639e-03
1.888824294512723156e+00,8.388995893440903402e-06,1.395074507705593714e+00,3.370172026617282001e-03
1.665677704765178291e+00,9.126931435976948763e-06,1.890723235600925367e+00,2.835593026678250722e-03
1.190726090128783499e+00,6.433895970666739364e-06,1.420828983838798631e+00,2.322052572488935394e-03
1.450864597349075913e+00,1.452713941985070669e-05,1.056260423398756920e+00,4.467020959692393628e-03
1.462678169530258643e+00,1.179196852238785203e-05,1.052845261164963686e+00,4.047485224690481470e-03
1.242110541655247591e+00,1.280400784816016909e-05,1.543325977154534012e+00,3.210142094223767707e-03
1.218601541197774196e+00,1.067911308414063752e-05,1.799870279504614645e+00,2.688919814073362658e-03
1.130947069210091360e+00,1.343808418789693468e-05,1.323511226806367347e+00,3.388644453033414286e-03
1.005376538828224309e+00,7.808620653760530063e-06,1.719952199465065945e+00,2.136453019551051713e-03
1.168132656350195919e+00,7.979625994585338590e-06,1.130337679675923690e+00,2.871661517540157176e-03
1.597504677628370562e+00,1.311816369701878884e-05,1.100474737279837134e+00,4.363827287149541802e-03
1.068523151498653956e+00,7.562725586964749232e-06,1.011073325298524228e+00,2.827091162463433657e-03
1.312880225070200968e+00,1.368786413210545028e-05,1.883056400264532027e+00,3.089219249338652842e-03
1.798038230495076828e+00,1.018503461258120996e-05,1.888475908144087834e+00,3.114045766637646775e-03
1.003289995711729610e+00,1.422715980560143120e-05,1.200411167463739881e+00,3.448318183049507105e-03
1.504363792597390947e+00,5.237577836417622935e-06,1.748568792419056050e+00,2.122757185459279300e-03
1.909022738962045551e+00,9.604351986199516919e-06,1.934326135821215153e+00,3.078752197086521720e-03
1.863048470875007911e+00,1.156165008028454543e-05,1.850609390690768574e+00,3.411651069211516646e-03
1.688698650595299888e+00,9.479057144615660798e-06,1.077944416415749007e+00,3.853545269672430107e-03
1.823027439872622502e+00,1.209963316436722327e-05,1.574560426927158918e+00,3.742855308935014082e-03
1.796560714977421425e+00,6.648176259082036517e-06,1.036942960510177869e+00,3.393866680409833234e-03
1.763363358023151584e+00,6.432678588943165350e-06,1.293715375955306168e+00,2.961061736382859712e-03
1.339332299921204283e+00,1.255520573292968274e-05,1.059742797564459327e+00,3.983417722843571838e-03
1.062036053513892409e+00,1.099041478604021110e-05,1.384279510970097604e+00,2.903787131899252492e-03
1.297789302985201010e+00,8.285777228359108426e-06,1.598147259403106979e+00,2.593942376918999173e-03
1.533065024018751110e+00,8.927085457308294282e-06,1.703598335449720835e+00,2.834337288329599920e-03
1.847380787599875784e+00,1.257146215110392106e-05,1.177944427657511506e+00,4.440263122448764518e-03
1.670151006663055382e+00,5.728960093951016925e-06,1.151631030530742006e+00,2.882432123655502814e-03
1.164656776703395069e+00,5.461371300464327789e-06,1.190404576978365547e+00,2.311545981513217843e-03
1.773035052358651331e+00,1.160200440051826465e-05,1.869790269045096487e+00,3.316872106240340099e-03
1.267811202198818599e+00,6.480227973276587550e-06,1.019704015812719078e+00,2.838476936860533529e-03
1.138682911404762965e+00,9.725618304137587810e-06,1.283435395171888427e+00,2.937467064659169107e-03
1.729093885389558327e+00,7.988201841153564774e-06,1.467258903535578085e+00,3.068177110442679364e-03
1.694700793357255764e+00,5.582353029156556979e-06,1.244866733278039428e+00,2.756726839979606845e-03
1.823435624205977046e+00,1.403872851115762916e-05,1.301085133810926608e+00,4.435639559160844264e-03
1.466326875599659019e+00,8.311373317236756970e-06,1.710871882407121181e+00,2.668966039230813957e-03
1.726726982594290138e+00,7.020063052147551594e-06,1.712572956251291689e+00,2.660466552718809743e-03
1.764740499518800299e+00,1.100708166840806069e-05,1.586561665999657311e+00,3.499033031126714405e-03
1.327278653563419564e+00,1.364408164062126886e-05,1.581808508077791942e+00,3.383578494533036416e-03
1.041763545776350330e+00,1.126920596810932832e-05,1.211746546601535357e+00,3.112614534260026936e-03
1.943112471208303660e+00,1.278585427682970308e-05,1.233147788576263171e+00,4.488552203463305919e-03
1.090511383014995506e+00,6.541752704531097439e-06,1.950609647948015946e+00,1.912392267151471689e-03
1.766567709967092448e+00,9.090105735743077184e-06,1.357096773439963933e+00,3.439887207653186292e-03
1.371477269843702107e+00,1.278143921171073452e-05,1.427658989156057601e+00,3.504063311890129144e-03
1.378087989972542005e+00,1.230690601925797890e-05,1.003378082611071420e+00,4.111313657012764626e-03
1.544004660167076493e+00,1.023885810828557080e-05,1.261893306722792207e+00,3.539474169480122997e-03
1.358831557751478680e+00,8.674893282760283783e-06,1.726708824172932033e+00,2.612794952724113891e-03
1.888164210339418281e+00,1.324414194477247506e-05,1.748170449917299196e+00,3.782160081651234507e-03
1.602576381228540736e+00,1.278455196072210466e-05,1.447147525319642192e+00,3.762666459173935433e-03
1.540292390603978934e+00,1.003579235268897566e-05,1.609488764360756941e+00,3.099084684366587919e-03
1.907350220196138757e+00,1.206583916345714753e-05,1.329928109979437334e+00,4.159871402029693271e-03
1.556107769796431395e+00,1.056301142160213555e-05,1.906737653517156073e+00,2.936082393942140208e-03
1.868799542717702877e+00,5.201761403114749003e-06,1.447041537025638203e+00,2.591887067367766497e-03
1.836111259910146565e+00,1.251770233535345343e-05,1.608396455553236182e+00,3.780204139006244565e-03
1.912907042855491291e+00,8.816746625625438804e-06,1.252282581528132210e+00,3.669863772427705336e-03
1.553827290830960273e+00,1.113509225618480076e-05,1.548391166867796098e+00,3.342781113090241996e-03
1.013114876381965068e+00,1.278507379840138755e-05,1.614132129643961910e+00,2.832770719116040666e-03
1.947647039991114770e+00,1.489000604280486876e-05,1.675361228017413051e+00,4.160526900004768089e-03
1.486040157448980548e+00,1.324618740353712779e-05,1.099156796048885276e+00,4.231856139333163916e-03
1.650764313842762121e+00,5.346232939105465664e-06,1.495116253479653379e+00,2.429567632709688993e-03
1.649470307046151385e+00,1.450290830144195810e-05,1.271230284856873283e+00,4.337981406435965047e-03
1.338511154043902529e+00,7.917562238778924548e-06,1.071045182616841895e+00,3.145595277928652476e-03
1.784934917848833180e+00,1.185013738044873594e-05,1.365042338148984236e+00,3.936405451088188095e-03
1.360978571219160660e+00,9.331933141054256917e-06,1.770250915124254476e+00,2.678514730643889903e-03
1.291178248387769179e+00,1.452976058729212521e-05,1.741212233003605503e+00,3.282437570702807089e-03
1.421370867340758348e+00,1.457768025703659611e-05,1.490848976117354674e+00,3.728044514353242092e-03
1.984816498900764170e+00,6.601099284703668961e-06,1.618287937980337432e+00,2.845380917344390772e-03
1.494293773747734866e+00,1.435054433234739146e-05,1.999027119033392363e+00,3.275237801866575597e-03
1.195645228709275809e+00,1.332027924316650080e-05,1.604625248266578375e+00,3.150438611786396045e-03
1.815278100634730718e+00,7.145936019440325797e-06,1.352108309749201265e+00,3.097386527452135937e-03
1.898142486785817429e+00,1.130579230233632254e-05,1.690923026454389522e+00,3.562484532415444508e-03
1.999959902935402933e+00,7.143496104152691808e-06,1.404592758942182495e+00,3.189266696442828383e-03
1.356870701304043303e+00,7.404126906969524877e-06,1.050550316490480363e+00,3.092414710128429944e-03
1.955021161994403567e+00,1.184945699318865029e-05,1.983422505028920924e+00,3.417569361379029641e-03
1.031426630664844524e+00,1.327387648256849983e-05,1.802162629336596877e+00,2.756265609778459861e-03
1.443280656928064509e+00,1.390598157861503339e-05,1.403966268111558779e+00,3.780923442563098851e-03
1.794494363739962406e+00,8.277457938402117501e-06,1.172180022130679067e+00,3.559773641302482056e-03
1.459368519622747495e+00,9.290543679507481977e-06,1.284176299648260855e+00,3.249306852185742094e-03
1.739770317766413887e+00,5.927634203070001649e-06,1.524667500841036194e+00,2.600752859130659855e-03
1.878710691262043486e+00,1.237818417631930909e-05,1.140154776205227982e+00,4.516234854407573385e-03
1.644426045303802431e+00,1.313420731380789846e-05,1.373180354528339198e+00,3.965932480441479273e-03
1.005509220334368514e+00,1.137405492402427220e-05,1.788571799024401665e+00,2.528701113581386870e-03
1.001207807173789766e+00,7.439665060217210581e-06,1.449185299771040603e+00,2.267132201752007723e-03
1.308028107684895192e+00,1.399428427444400993e-05,1.530347363602124311e+00,3.458508714071449001e-03
1.194557339864978029e+00,1.205167705895353268e-05,1.716669322546974907e+00,2.895902396263689074e-03
1.057365859861476132e+00,1.499050993605397837e-05,1.836661488410591847e+00,2.937692167726460753e-03
1.875025320478850510e+00,1.278649079593335668e-05,1.693283349165645379e+00,3.762828586292261447e-03
1.184036226958506965e+00,1.478783229323936584e-05,1.908799878695498498e+00,3.028688120627803619e-03
1.619731840973274384e+00,5.653444712566770430e-06,1.048356929423649664e+00,2.955449544587372777e-03
1.691313022747382266e+00,1.069248874963852760e-05,1.817730849298559548e+00,3.154180979460039468e-03
1.013019859816898904e+00,1.493673041189158091e-05,1.400982612738177258e+00,3.286399670825178570e-03
1.224099704813542022e+00,8.963401751229350812e-06,1.540915997996067377e+00,2.668427119652070061e-03
1.900876606115254663e+00,1.379934388805527750e-05,1.019095915042582012e+00,5.073394706131413925e-03
1.231341971040331940e+00,7.610029854625315368e-06,1.841740923123879714e+00,2.255632028481231299e-03
1.482890678110874161e+00,1.101187875474930756e-05,1.972651515873684591e+00,2.877134023276708627e-03
1.637522068019038102e+00,9.109633253094615507e-06,1.407462633429914955e+00,3.255559149795219948e-03
1.446900043510169764e+00,9.582783917961806724e-06,1.626558003140518682e+00,2.919646925146064491e-03
1.198740597064320124e+00,7.689929210802156856e-06,1.027665883449327300e+00,2.995006768877383780e-03
1.905449265655068114e+00,1.465899536010576039e-05,1.454240649976779487e+00,4.382608316100986175e-03
1.054940957973920845e+00,1.340297383844537798e-05,1.824447482148404909e+00,2.783870178564087916e-03
1.794421383382355462e+00,1.040635949526149785e-05,1.857835857701570337e+00,3.170355474168555683e-03
1.448282669211954143e+00,8.872408559380131642e-06,1.023469904628105054e+00,3.543316075890487818e-03
1.596734889059152618e+00,1.243515250806036640e-05,1.932898090263234447e+00,3.205069762223231641e-03
1.047290735426581021e+00,6.228522811878801351e-06,1.063885766984590919e+00,2.476159757293202451e-03
1.606984866071391904e+00,1.442072698361134518e-05,1.043513608677467674e+00,4.712489680507172575e-03
1.727053958891353158e+00,1.109052739998872623e-05,1.169570482880184503e+00,4.046838315479873646e-03
1.739949933701075535e+00,9.151542484493213646e-06,1.686934804034665003e+00,3.072319496021355938e-03
1.644900596480465715e+00,1.173066015409950802e-05,1.927375628919591577e+00,3.164083048646083949e-03
1.225399003146168564e+00,1.302200652587800456e-05,1.615549692459637310e+00,3.142805866864246869e-03
1.153415846534659117e+00,9.531999690717296196e-06,1.312351241285387271e+00,2.894409157122349117e-03
1.462050067821482280e+00,1.232708784403059531e-05,1.907412393078637081e+00,3.073895279530133948e-03
1.375577354903706029e+00,7.589791676442227043e-06,1.391097619688467457e+00,2.739546225905370187e-03
1.238482121722265461e+00,1.389559443605214433e-05,1.292799866802801567e+00,3.648528865340352166e-03
1.882197286233596945e+00,1.376790480616203380e-05,1.664469299780281908e+00,3.945741268137637967e-03
1.525464014247799760e+00,6.181549061539438024e-06,1.634619786901391869e+00,2.401824485426281956e-03
1.443569484706889394e+00,8.375699559438504622e-06,1.351973694360686595e+00,2.990510082993801545e-03
1.114055484835920096e+00,1.108335204656936491e-05,1.681239414340093274e+00,2.710030590836611398e-03
1.137186600034322259e+00,5.734617443496433276e-06,1.801137993694903905e+00,1.902806379334729585e-03
1.103366786233883401e+00,1.011854260442889910e-05,1.045056068314717201e+00,3.268504896495869495e-03
1.851637130760220407e+00,8.247944475184978362e-06,1.226239340921870147e+00,3.529093641958046691e-03
1.498638077710671368e+00,6.927385226335919219e-06,1.164350916286251980e+00,2.986008959034040181e-03
1.121841534750615654e+00,1.295529558900510619e-05,1.943311454765526580e+00,2.734753680227533946e-03
1.310095913973803761e+00,1.491819107951735681e-05,1.846884497242879730e+00,3.253042677200384137e-03
1.695113348167483602e+00,1.480956075817822399e-05,1.979077069135071643e+00,3.561550505706463383e-03
1.312451527482958458e+00,7.142733450225976774e-06,1.786486196107385904e+00,2.290730644638039066e-03
1.258482545805532871e+00,1.184433543490121154e-05,1.731209227480916990e+00,2.934297666710620946e-03
1.901628409979521983e+00,1.326220763121472803e-05,1.675721211408952804e+00,3.879447298575310153e-03
1.922871278055179545e+00,7.476131248223424571e-06,1.161577967096698583e+00,3.517947726143622229e-03
1.795912857466551937e+00,5.493949305654403737e-06,1.586010393789651474e+00,2.494203815019599944e-03
1.473371460702209923e+00,1.028246925942914988e-05,1.169895911762155905e+00,3.598580521711889496e-03
1.670727458345786953e+00,1.242371879398040087e-05,1.379667352763721100e+00,3.878746687399452220e-03
1.358856065218758680e+00,7.056321626415690723e-06,1.352669180761896461e+00,2.662441749796121658e-03
1.787747315641952994e+00,8.351988632707696967e-06,1.260065254814898950e+00,3.442322031016915862e-03
1.891509902045530378e+00,1.181799780266595048e-05,1.262913377033047624e+00,4.207164374798562194e-03
1.991374643673986311e+00,9.016829594421370302e-06,1.849397522865297461e+00,3.115934227087415603e-03
1.635651273767835923e+00,6.790162346795259126e-06,1.444240581528105860e+00,2.773100857263227983e-03
1.559027907060991813e+00,1.353877445070358383e-05,1.511501455136135208e+00,3.736907401508240967e-03
1.325636946447146913e+00,1.093005435067147221e-05,1.730482437500579618e+00,2.893609106852464054e-03
1.699956857860266846e+00,1.396946491647995262e-05,1.988281696485195926e+00,3.455969318987190102e-03
1.763297652874938004e+00,1.342977651161702683e-05,1.777167821587346985e+00,3.650337222442298548e-03
1.463293705064146799e+00,6.506760240311543678e-06,1.930152779157158882e+00,2.221019190462313313e-03
1.977208242444307817e+00,9.825246250021287870e-06,1.632047205838949466e+00,3.450099100754975417e-03
1.112874350712918181e+00,1.347391790369349479e-05,1.257188805701523915e+00,3.453581921811673706e-03
1.685596847024781519e+00,5.322045716619933526e-06,1.144679848628325836e+00,2.799459164371777276e-03
1.944230180333328839e+00,5.879993356932036585e-06,1.340955526582679136e+00,2.919813220500901228e-03
1.551392709056812258e+00,9.602538298572770221e-06,1.952883514358292327e+00,2.761949460662630092e-03
1.374068860193474739e+00,9.081792319586384608e-06,1.194604018913152821e+00,3.232049817512335898e-03
1.135844897998045111e+00,1.050770690515887644e-05,1.019337873304395847e+00,3.421798335136692470e-03
1.701962121286784813e+00,1.209373425730736454e-05,1.494653321604519469e+00,3.710948437484735875e-03
1.156068869457071990e+00,1.157134294002576757e-05,1.307473581214932512e+00,3.198654073022385441e-03
1.423914027910296642e+00,1.213589160288779467e-05,1.913065105213848760e+00,3.005473157597627048e-03
1.355022365885230951e+00,9.874665509484835532e-06,1.113098173739948571e+00,3.467110581582524571e-03
1.897079131427079624e+00,8.539866720765216921e-06,1.660285196589988743e+00,3.123754695245182893e-03
1.827372699528960087e+00,6.361597229130612701e-06,1.079811127373901947e+00,3.281124816033760376e-03
1.378138713287641703e+00,1.075327995779274412e-05,1.709194804167900816e+00,2.944565102157235912e-03
1.259191507162632284e+00,1.344496070382788692e-05,1.819353569782611535e+00,3.050472455988670253e-03
1.859835117340931765e+00,1.016978909550427128e-05,1.033288897861553535e+00,4.278409141806602430e-03
1.735790520174626206e+00,1.235680087052601592e-05,1.820274478965844267e+00,3.432679370799184438e-03
1.646934700993399003e+00,1.290588522607771183e-05,1.215084142031255254e+00,4.182432233012009677e-03
1.025777128941129046e+00,1.081715698087205914e-05,1.868408005108706860e+00,2.436953331248194188e-03
1.608514948804558031e+00,8.639699496239056756e-06,1.726347043973879281e+00,2.837251384249867003e-03
1.659369052435615499e+00,7.961936020924176221e-06,1.037184692247629325e+00,3.569051260760241692e-03
1.555677581977869206e+00,9.261240257938586380e-06,1.501264260507149562e+00,3.097888619834545266e-03
1.631018405797067139e+00,5.512811285943788818e-06,1.258720493556269915e+00,2.672706946760599559e-03
1.865960175827358736e+00,1.177195663562686075e-05,1.445063949790945879e+00,3.898809168849969205e-03
1.477093443960107333e+00,1.075334489607345749e-05,1.473261262921428116e+00,3.283491436554424481e-03
1.391130856810564920e+00,5.733246732195659655e-06,1.396071800731741641e+00,2.390179023108579374e-03
1.675959237647175026e+00,6.333133397968590116e-06,1.081990443298268101e+00,3.132054650131822944e-03
1.965482346659883639e+00,1.334138024962018196e-05,1.025135700224849344e+00,5.057597640910008706e-03
1.048632595000680734e+00,1.272674631193828086e-05,1.980901344179171186e+00,2.595607059706060617e-03
1.864631071633081838e+00,1.303638052945119944e-05,1.036829672233611888e+00,4.841960745164524023e-03
1.236981992876981629e+00,1.356271782401737946e-05,1.513009214573861616e+00,3.329923569221410282e-03
1.860026252174028727e+00,6.064218914275774551e-06,1.338238213859507697e+00,2.903222083373833886e-03
1.775906278462535237e+00,1.292633511887443439e-05,1.049246214361311047e+00,4.677448573250950030e-03
1.701551012324820533e+00,1.215843939186170587e-05,1.664506010716920725e+00,3.525483773249258723e-03
1.693974086566311321e+00,6.670750015101351081e-06,1.848521727820675364e+00,2.472455218388203060e-03
1.255131356992377656e+00,1.473968324754048367e-05,1.208379828399476663e+00,3.912793530564807713e-03
1.572552491399403118e+00,8.411530565637273364e-06,1.394422192797899029e+00,3.079944893327499905e-03
1.416304019314042817e+00,8.663243175231055275e-06,1.921826707596416606e+00,2.526744820565141048e-03
1.815995345333803357e+00,1.459731869860454080e-05,1.952340253082092136e+00,3.684818967836347384e-03
1.446458846306963197e+00,7.273128279572544790e-06,1.751228881579713237e+00,2.450993780180975648e-03
1.875244025698161732e+00,6.140524471841841750e-06,1.143706785638905377e+00,3.173030740685123339e-03
1.463162017877072341e+00,6.230503097975816270e-06,1.880207294687251451e+00,2.201937059627416884e-03
1.929836003592765303e+00,1.332057796331047208e-05,1.023317924733971873e+00,5.012062129794868717e-03
1.722766006050276300e+00,1.288025949977112682e-05,1.263148149613061211e+00,4.191295760972708721e-03
1.961482525832678014e+00,6.706846871848555256e-06,1.016833255343474240e+00,3.596884948461663654e-03
1.619241879341663637e+00,1.496197836900791791e-05,1.956409252369812890e+00,3.519010163029049829e-03
1.746103433865748622e+00,1.373107009202271240e-05,1.196081438303245204e+00,4.477203142132812376e-03
1.071769244172651625e+00,5.934674832278014300e-06,1.900051649101604401e+00,1.829643200644947643e-03
1.656725674835608730e+00,6.116765486286722330e-06,1.397745690343844327e+00,2.692601823096186456e-03
1.006063082869215419e+00,1.199306462210913362e-05,1.104174291909689298e+00,3.305665290389670809e-03
1.050800956764029959e+00,1.260055370177864412e-05,1.131635997343325872e+00,3.420595086989475751e-03
1.182721208638930932e+00,9.910214820920388939e-06,1.073223955236323413e+00,3.304741907020768317e-03
1.339908349772058749e+00,1.081725510922435898e-05,1.205584403143604710e+00,3.467346727318123319e-03
1.787413864935137875e+00,1.044860801249764631e-05,1.766292146592606471e+00,3.251700295956321679e-03
1.192897171556801084e+00,1.457781925463238820e-05,1.400325505043042096e+00,3.523978787825915709e-03
1.087531282593535931e+00,1.055666746705558136e-05,1.167683599439421460e+00,3.135607609151849079e-03
1.151060932291039673e+00,9.297112318473816148e-06,1.369985026942410533e+00,2.794893640679693442e-03
1.767198327640353117e+00,5.157630540312991169e-06,1.861901376030063116e+00,2.212531303380415627e-03
1.225126107251408580e+00,1.299785521560908229e-05,1.642053267966157026e+00,3.114100499114846963e-03
1.199343193145925968e+00,1.437436582712129320e-05,1.537521803370850870e+00,3.348539624461661837e-03
1.309573282906946190e+00,9.732097401961060267e-06,1.166197152405742621e+00,3.305842344543537172e-03
1.824689190200684319e+00,1.449907734865011664e-05,1.585933073668564619e+00,4.084342983269019511e-03
1.868309486091167759e+00,1.356242113352977533e-05,1.781736851930020293e+00,3.771127717416451319e-03
1.989530121362228510e+00,1.194151339176158756e-05,1.847282258559685530e+00,3.586231449129022222e-03
1.547335908484730016e+00,1.062617470295549629e-05,1.135699872804716737e+00,3.804950308671629141e-03
1.856374316620418075e+00,7.544161604601984376e-06,1.871931604905131774e+00,2.735226394423122525e-03
1.155633190056411852e+00,6.782522751380247399e-06,1.769761736017386067e+00,2.104496618770120182e-03
1.133818214895319532e+00,9.013524846992364211e-06,1.029122360712303674e+00,3.151269438780671030e-03
1.293891559234770172e+00,9.311315137999356010e-06,1.417772280439032695e+00,2.915084928559314153e-03
1.158217834179816608e+00,5.257057095469305311e-06,1.398346360988022674e+00,2.086695562868304873e-03
1.179924777081987397e+00,1.168405201247294388e-05,1.086029307621773521e+00,3.562895860676297110e-03
1.846827027521158904e+00,1.139457860585515295e-05,1.825605995073248833e+00,3.395148062048542695e-03
1.656597549048301588e+00,1.211366675331870689e-05,1.050615234844659129e+00,4.370433044531423644e-03
1.022656892939479256e+00,1.093802667289084775e-05,1.249631688657590445e+00,2.991875029939818163e-03
1.101249950267795930e+00,1.231811307249936980e-05,1.387708827568881809e+00,3.126553529364923222e-03
1.160884285096426272e+00,1.151618535852680578e-05,1.785367330186170109e+00,2.736434124095599510e-03
1.250657143784597025e+00,1.379983909366184341e-05,1.372111986975327991e+00,3.546593110971529503e-03
1.932659862521663996e+00,1.111904217596351180e-05,1.517515632236871692e+00,3.763091823311823757e-03
1.652292392334212767e+00,1.207438800123536331e-05,1.875949049640435629e+00,3.261110358531142499e-03
1.244067236469710291e+00,1.234792519803139962e-05,1.571945806443941773e+00,3.126080350372849054e-03
1.052836338144380157e+00,1.091893267946901425e-05,1.348017008466100508e+00,2.920268885607118624e-03
1.573062906139940154e+00,1.025274872741900554e-05,1.561753766650177289e+00,3.213563759311340376e-03
1.079743893394524257e+00,6.939551055011742022e-06,1.231635370403639573e+00,2.466521977980778556e-03
1.648092306009513619e+00,1.224122713441455673e-05,1.467275322941513416e+00,3.708065844454772140e-03
1.109024978310587439e+00,1.467231471876436627e-05,1.376547024767560856e+00,3.438147107378099806e-03
1.704653095751190950e+00,8.332384449858355941e-06,1.516927588328813803e+00,3.059991574521753275e-03
1.693876109536802899e+00,1.490070888907238814e-05,1.989597650259586459e+00,3.561735432884496812e-03
1.537315609671646266e+00,1.205102545875429653e-05,1.827945421398502690e+00,3.183551708310381444e-03
1.778871499716021098e+00,1.208878996481603133e-05,1.790217799069312887e+00,3.465858031776152936e-03
1.368699792299389761e+00,9.196668725821423247e-06,1.028680273987975013e+00,3.498075399248731093e-03
1.731015801884086436e+00,7.779092449996945723e-06,1.641881649841744117e+00,2.863809056082026756e-03
1.745605823848448424e+00,7.698984345403378016e-06,1.708708245508828272e+00,2.804502631129383080e-03
1.052736579927121330e+00,5.111029401398281766e-06,1.577808280385958550e+00,1.846659952919430057e-03
1.548065739198204005e+00,5.347254211476120241e-06,1.546108573838281819e+00,2.313876210087252583e-03
1.287507719315511778e+00,7.168125854885589047e-06,1.773305886121597563e+00,2.281318403176822718e-03
1.211524118202322864e+00,6.955135518492695351e-06,1.903186143401601083e+00,2.104157269336908841e-03
1.268860617489120823e+00,5.777711263913825368e-06,1.011963103626996041e+00,2.691550528001138923e-03
1.376176054866537157e+00,9.089031081949660429e-06,1.072751999119616162e+00,3.414649458954966982e-03
1.899625525037111906e+00,7.523613100503356037e-06,1.425628517452589783e+00,3.166241509241026712e-03
1.937130566803289877e+00,7.063075372482970776e-06,1.985306569601130278e+00,2.625201100113471516e-03
1.275623431209650160e+00,1.486944491450925947e-05,1.985773588883285701e+00,3.090606808816787933e-03
1.603199800236776440e+00,1.166300123765603476e-05,1.373255190576747164e+00,3.689974469013013701e-03
1.478241762804969328e+00,1.063893377623809379e-05,1.278131759867892958e+00,3.507793130894487025e-03
1.609621098435023434e+00,1.304581419121542929e-05,1.022065857745729112e+00,4.532710499478484305e-03
1.451442819287203978e+00,1.270673494878779905e-05,1.036434873785154975e+00,4.218382360252247859e-03
1.875688692746496855e+00,7.060203706484797052e-06,1.396446336018588141e+00,3.079476332608058978e-03
1.494185603667077311e+00,1.252786873352012050e-05,1.068980322955808138e+00,4.184619894248699928e-03
1.385073693110139725e+00,1.332616421768929646e-05,1.789507830457792936e+00,3.211605693792112925e-03
1.773502827271213000e+00,1.439426972157988738e-05,1.471119461670013839e+00,4.165688489818218827e-03
1.357101382369730658e+00,1.135904261635644714e-05,1.686143782525350687e+00,3.023637397110789590e-03
1.076073970851648465e+00,1.360216060719185541e-05,1.211316433939501058e+00,3.476131584513989653e-03
1.972392158791051342e+00,5.868963641170551545e-06,1.205401005628879751e+00,3.098928588148120410e-03
1.509662026894850850e+00,5.390924975591141742e-06,1.609060638941758770e+00,2.248978501567445564e-03
1.340256743672950446e+00,9.449580259997691927e-06,1.810588392962295234e+00,2.644785124825279211e-03
1.284969303918521932e+00,5.506913424762500908e-06,1.925064237739012807e+00,1.917246210090364431e-03
1.885548816767028457e+00,9.089812922053247730e-06,1.799684839613683529e+00,3.086015718577104616e-03
1.249409689915354615e+00,6.325744510275283324e-06,1.377348045312526192e+00,2.395446137564938901e-03
1.286313730410093559e+00,5.973577373912415260e-06,1.568128397716956890e+00,2.213603789228772798e-03
1.739094788279963666e+00,1.227453319168524942e-05,1.392623043975197650e+00,3.915140306875212854e-03
1.582914010668373894e+00,6.096589088987670500e-06,1.246435786843673288e+00,2.782512788066642331e-03
1.331071180178131419e+00,7.426991924013694120e-06,1.288345269851652652e+00,2.770071521210780516e-03
1.241558856198122562e+00,6.659578525098097080e-06,1.914512249866801685e+00,2.078155081174609935e-03
1.212721432292807044e+00,8.590284522288534272e-06,1.366733079313268373e+00,2.760847687147044861e-03
1.495942568241123816e+00,1.021066259148180744e-05,1.016956376881620994e+00,3.875549256551624397e-03
1.852950510739769019e+00,7.349528573451169446e-06,1.399433143101393107e+00,3.119504193898114518e-03
1.696199350973947695e+00,7.950642064675571315e-06,1.852690377954362866e+00,2.697976263049108037e-03
1.972692086952466450e+00,1.423536380360038563e-05,1.655273684256312272e+00,4.118878974578530153e-03
1.146211367492262490e+00,1.386399504144524526e-05,1.912720617237830378e+00,2.882376997101481972e-03
1.319897601290783262e+00,8.581994653237577639e-06,1.104012053778460789e+00,3.203150408453746181e-03
1.072205321501317865e+00,1.131545920144058761e-05,1.261968784752371731e+00,3.100635852254555146e-03
1.808729971855484564e+00,9.293948775451826513e-06,1.268405149948263588e+00,3.640474610306220372e-03
1.755214749798740037e+00,6.963091759866490722e-06,1.502879227757810909e+00,2.851702052215919318e-03
1.451735861759187785e+00,1.259795531824864762e-05,1.684436524199222296e+00,3.295084145722950407e-03
1.481915886667282134e+00,1.058621919201739098e-05,1.340416434310592653e+00,3.421073035950885667e-03
1.795996711476293584e+00,9.066140719123125886e-06,1.543192947610246168e+00,3.248283165939088238e-03
1.004505796755021496e+00,1.215882175274450435e-05,1.530932140248336903e+00,2.824515739714175428e-03
1.534417957049644565e+00,1.147452025205509376e-05,1.483897761756106437e+00,3.444586654808343747e-03
1.619437342640016819e+00,7.162533736900616266e-06,1.041583328066704173e+00,3.337093730968207581e-03
1.373657533249952767e+00,9.043854925808560499e-06,1.148943468214377095e+00,3.288264163439066912e-03
1.750742781093270084e+00,7.424263329028130462e-06,1.306574084107823053e+00,3.154066429201874636e-03
1.961697653210909609e+00,1.012956911120330722e-05,1.302496385557011749e+00,3.905919234218365507e-03
1.999951430966094179e+00,5.523207989674645630e-06,1.936767820585988176e+00,2.388177723899482900e-03
1.275605528025362201e+00,6.647907212882431116e-06,1.333207426043843569e+00,2.522039062940084359e-03
1.855502732644878749e+00,8.858294062476790840e-06,1.267653670202221416e+00,3.600854197197475483e-03
1.252025157053879179e+00,1.383714939310894026e-05,1.331913416456867338e+00,3.606549072122001640e-03
1.271723388497186580e+00,1.204645747738467874e-05,1.801569260473512735e+00,2.916087315196299982e-03
1.388897719829142563e+00,1.032816197011883064e-05,1.699444588140577084e+00,2.905314477232256304e-03
1.502036204662472674e+00,1.081282417768463384e-05,1.697011410007333243e+00,3.093623014038201363e-03
1.768241361098366049e+00,8.495711046930384670e-06,1.267097519786943849e+00,3.443226709480689662e-03
1.272984800597906752e+00,5.724570324321095505e-06,1.432804074044225384e+00,2.255223834171343322e-03
1.476198808107427984e+00,6.180767664859117341e-06,1.563881004647888151e+00,2.415415129334546728e-03
1.045136151206233155e+00,1.401736111986174414e-05,1.508565802457289440e+00,3.116286920008509275e-03
1.916903121434953672e+00,5.651907108666071130e-06,1.984726946385270141e+00,2.336400050523501810e-03
1.857234383548892254e+00,5.828316563623610862e-06,1.659844469588894977e+00,2.553707934913977077e-03
1.349850158087591012e+00,1.361642850960844214e-05,1.365174678322460977e+00,3.669275100904976269e-03
1.021578611324881258e+00,9.956060441990087734e-06,1.273281025465886174e+00,2.826295222647514076e-03
1.455024631430975379e+00,1.205950266068406658e-05,1.993860291085459258e+00,2.966555716037647204e-03
1.899373372133760007e+00,9.048172005070180939e-06,1.413766842935848089e+00,3.486556445427456668e-03
1.120278725704837441e+00,1.264376494207155910e-05,1.545784714157072859e+00,3.027099852083812905e-03
1.282452752095179171e+00,8.266814469773231031e-06,1.782034427636423057e+00,2.439111969343985171e-03
1.774018691419307014e+00,8.469751346220582734e-06,1.188903658043714895e+00,3.555012190401568399e-03
1.799794429689494324e+00,1.088792805235772328e-05,1.961381417728040200e+00,3.160843871933535776e-03
1.399083537662737076e+00,6.919763245314251537e-06,1.625677135414198338e+00,2.440339739893624803e-03
1.946415001946665946e+00,8.482024940593613083e-06,1.385051510291896770e+00,3.452506712284939081e-03
1.663384091399537468e+00,7.817277790724056258e-06,1.216065872286647309e+00,3.269982993866446010e-03
1.605866554321902395e+00,1.291623905223662701e-05,1.703968507137926913e+00,3.488927796152352986e-03
1.027838355641646384e+00,1.045282789570007376e-05,1.416694841658772352e+00,2.753855534447716049e-03
1.214379290632028763e+00,6.499450244178090074e-06,1.130392931287601543e+00,2.642413450613575673e-03
1.972860026145652590e+00,9.129104015298525996e-06,1.302104360934221772e+00,3.719112517288047145e-03
1.159713286998818926e+00,1.042859473732465106e-05,1.363334900032179053e+00,2.978426832016066016e-03
1.092879592410515466e+00,9.682676328281746193e-06,1.820048180994035203e+00,2.411251012277750537e-03
1.176753458762183069e+00,6.111735395282541429e-06,1.071579889230406923e+00,2.590673819063558665e-03
1.385459072787126988e+00,7.596062936694330075e-06,1.739300452958933541e+00,2.459822800145295037e-03
1.945322312461377878e+00,1.186953254423007609e-05,1.090894224902024146e+00,4.600671986128683673e-03
1.021768132439661692e+00,5.860540683838350360e-06,1.755122727879581568e+00,1.847103682994980347e-03
1.168771229739882234e+00,1.445507722864124701e-05,1.844766424487155332e+00,3.026246300809081868e-03
1.597568940708482987e+00,1.316947007844796773e-05,1.263661554806057463e+00,4.080360810776297552e-03
1.800337154658262051e+00,7.456653108367444430e-06,1.269610618841925831e+00,3.251723569905164059e-03
1.615536289379508439e+00,1.286131819569977716e-05,1.876520644687028172e+00,3.327548752532097451e-03
1.896651365859435945e+00,8.889079033449582019e-06,1.437706905897554677e+00,3.424419476259329877e-03
1.473270233229467818e+00,1.449878925392441520e-05,1.139425799266150285e+00,4.329762267662754828e-03
1.443837071147941575e+00,8.343362846374033373e-06,1.158265608039600991e+00,3.224969258356088966e-03
1.728302096880588223e+00,1.485137289294004748e-05,1.217310261491372003e+00,4.591900704164044236e-03
1.931867571556669105e+00,6.990489132232875819e-06,1.176173264794819318e+00,3.388494671034750043e-03
1.037390554880556870e+00,9.874184453634848315e-06,1.950518646425116076e+00,2.291641663784273284e-03
1.104763217153856836e+00,1.259389094719204621e-05,1.127651219273881456e+00,3.512587652016634001e-03
1.782777887479709111e+00,8.274784721438364866e-06,1.102996602221874234e+00,3.657125667714517577e-03
1.915373624626163007e+00,8.671729886267045466e-06,1.466128421621110789e+00,3.365841150557159680e-03
1.615263116145126965e+00,7.695079665400461565e-06,1.447952437893727851e+00,2.929888209463101228e-03
1.337790276584471805e+00,1.378552606198888976e-05,1.852863634687944572e+00,3.154888103890634600e-03
1.531600121164867101e+00,1.008994233916338261e-05,1.916296727018041324e+00,2.839786297417029332e-03
1.941357085959223738e+00,1.457220088413480893e-05,1.833111252270068992e+00,3.928446796028344304e-03
1.901996087302698868e+00,5.405555172179496428e-06,1.792410211108570239e+00,2.395004077268603031e-03
1.415174604124315394e+00,8.085803208984017166e-06,1.811242855510557526e+00,2.513496322571284400e-03
1.169157098033028586e+00,1.132596074952922310e-05,1.106379544075644983e+00,3.459568169987514621e-03
1.202966625320524008e+00,7.389851426212067350e-06,1.247032937545900166e+00,2.669965689626060956e-03
1.014866032508905835e+00,1.190046497195516932e-05,1.842742380459185148e+00,2.560082798839942095e-03
1.878259005914712398e+00,9.469790609213168205e-06,1.958001118794706175e+00,3.013987593165253550e-03
1.962391567277287585e+00,1.204864466522747140e-05,1.307799040469105556e+00,4.251982080186883679e-03
1.979106539203520088e+00,7.656001567768678501e-06,1.730447085822928610e+00,2.959078127355378382e-03
1.739555121052872355e+00,6.896601727792638377e-06,1.352457381661770652e+00,2.978344129367883116e-03
1.634854081039835538e+00,9.477084842150677142e-06,1.098084207834060022e+00,3.756289526109492672e-03
1.568540433110972687e+00,6.393189279954797363e-06,1.503402038661503459e+00,2.582670922509419133e-03
1.800710300046082235e+00,8.432797614960974966e-06,1.763023319038752312e+00,2.934801516380243589e-03
1.989197414543458997e+00,8.066386646041345815e-06,1.185953314023290073e+00,3.678278969899648546e-03
1.287016451270704964e+00,1.056777826744746369e-05,1.986126140305461973e+00,2.616859956586673613e-03
1.171601223479552978e+00,5.194232756837132816e-06,1.086663074683216434e+00,2.366481734474895973e-03
1.511278601333177374e+00,5.993190406685573847e-06,1.368046046652793279e+00,2.573066121546069805e-03
1.221833514271588594e+00,1.335664840142111585e-05,1.526383160374876979e+00,3.269813485107091102e-03
1.586740258561631922e+00,6.606807876663741989e-06,1.964070127428311885e+00,2.310310033225699850e-03
1.649447714216144334e+00,1.071022370651634852e-05,1.184278570492438565e+00,3.862260943229776575e-03
1.293485819420443494e+00,6.547612510587709215e-06,1.518837486938884318e+00,2.361384276236549052e-03
1.477181298391687658e+00,6.104070864638446752e-06,1.967048768790370161e+00,2.141012091755585631e-03
1.257973666765043630e+00,7.018932856932246589e-06,1.056958871492861718e+00,2.890295687359897923e-03
1.390857477968542755e+00,1.220144824040202074e-05,1.749904695491048656e+00,3.114152008848764409e-03
1.252072521054238052e+00,6.247109445359989147e-06,1.268067231065200140e+00,2.483608625829297669e-03
1.519753437132646656e+00,7.096665146829978521e-06,1.883351524537164590e+00,2.393029376672787655e-03
1.317050713530116379e+00,1.323247803027383397e-05,1.350505817542986264e+00,3.592308369414771128e-03
1.345817344275355376e+00,1.100939132331306419e-05,1.077171263062446593e+00,3.708790787591396184e-03
1.420624644988230267e+00,5.458465622541253565e-06,1.771659329675074668e+00,2.092111632357224107e-03
1.405180585629271839e+00,1.441652423928462456e-05,1.933941895292254687e+00,3.236492782193838447e-03
1.194478307576943621e+00,7.563040946628146434e-06,1.209521822229810306e+00,2.732942568170815441e-03
1.428097979046691446e+00,1.277974732577311773e-05,1.596824786069841906e+00,3.380737907913120531e-03
1.364303799252550187e+00,9.548848191033814363e-06,1.153902615658016551e+00,3.360055568697754066e-03
1.124350219698192266e+00,1.271249413525262954e-05,1.910089843127058540e+00,2.735516191549286318e-03
1.874966288061875375e+00,9.902712135329646317e-06,1.215058472481912233e+00,3.909085954950378833e-03
1.913576553781006773e+00,1.228841865926986298e-05,1.222234339661842695e+00,4.386253011548769433e-03
1.358428237476045464e+00,9.963918532991062750e-06,1.390796659670961777e+00,3.119619417279296310e-03
1.520124672363690310e+00,1.387113707547534301e-05,1.137215128740098891e+00,4.306002933659052595e-03
1.014926235420883893e+00,8.610157239757956161e-06,1.514710862073278097e+00,2.401916529758320578e-03
1.130564575647097003e+00,9.317996136481622872e-06,1.385635603266406779e+00,2.757302615839166658e-03
1.898841237484183875e+00,6.715338254569486466e-06,1.453271985293332014e+00,2.962134832218012766e-03
1.788229792225661363e+00,5.305232872138063262e-06,1.651057370260723633e+00,2.397081537057066912e-03
1.178778189005624366e+00,8.674228508362363625e-06,1.393199927929966053e+00,2.709098235727591154e-03
1.763223970542377561e+00,8.633338471831093799e-06,1.169760202656494164e+00,3.607403345333656548e-03
1.697546028154711006e+00,1.299876965186886870e-05,1.833962525800439280e+00,3.468699475516168976e-03
1.054395740241460100e+00,1.278651943359251900e-05,1.335862124828841146e+00,3.176853402451607512e-03
1.911680655590001887e+00,5.757272437001266938e-06,1.996332665511053595e+00,2.348008186122570867e-03
1.020497446039589251e+00,9.105976655925819140e-06,1.253824782329005405e+00,2.722392894652289012e-03
1.002279885279268923e+00,1.319727981762505674e-05,1.553514591652594756e+00,2.917958099936379928e-03
1.869812045979404758e+00,1.288434217337761832e-05,1.236143874772773099e+00,4.414643019425196907e-03
1.748286589614792330e+00,9.541795744553577195e-06,1.298695110062259683e+00,3.583998079864133234e-03
1.067065968832358713e+00,5.909712885818661135e-06,1.146516091443217311e+00,2.345247860529792346e-03
1.676762232058910840e+00,7.307004082900429767e-06,1.428227763499117398e+00,2.928914412219306342e-03
1.396597701415026371e+00,1.210892094244849480e-05,1.640005086316153271e+00,3.211188396585226701e-03
1.792457302382433060e+00,8.598157021818559888e-06,1.915705137346343623e+00,2.836369219378710119e-03
1.220346931741308483e+00,1.274180500626948128e-05,1.704347240406198338e+00,3.020494805540834861e-03
1.376029014140878859e+00,8.331665182760722308e-06,1.421030954396454771e+00,2.840389712346292651e-03
1.584883955480216544e+00,1.426308981493513747e-05,1.676641642499193896e+00,3.671854120070277509e-03
1.423508800919918160e+00,7.455244448812048456e-06,1.244253793440304623e+00,2.920495460637652536e-03
1.604233775850096189e+00,1.464998110644864814e-05,1.286404566795033233e+00,4.274285954864844375e-03
1.165517997654665017e+00,8.702227086847692450e-06,1.744496341158387587e+00,2.411235709182417072e-03
1.073118438301128297e+00,1.400908916239076226e-05,1.907845730104612336e+00,2.807095260881442220e-03
1.245159889878635795e+00,1.204921680594393993e-05,1.076978020757418442e+00,3.732403177879945171e-03
1.496816298490494246e+00,6.620850193063166274e-06,1.308631923891146798e+00,2.751898282062566897e-03
1.919237532538867086e+00,8.890427568857257152e-06,1.442244723119095795e+00,3.439586286476451187e-03
1.171536005751355525e+00,1.112212537760259685e-05,1.548670925403539123e+00,2.900628708791233318e-03
1.091354533904570046e+00,1.165911997197824896e-05,1.600716830486407449e+00,2.819412094812927781e-03
1.324221878469840519e+00,1.331621383067880973e-05,1.779099046577404808e+00,3.148260758842155727e-03
1.251713272326953952e+00,1.203561557653200464e-05,1.342032696974436057e+00,3.350464602232072851e-03
1.347535368135293066e+00,1.389071211519153602e-05,1.971807814298562445e+00,3.081059249613413847e-03
1.993877687469593152e+00,7.497062477296633392e-06,1.323141755660705687e+00,3.361178943535136562e-03
1.342817088253074775e+00,9.655826503498333253e-06,1.248914867229933501e+00,3.222083112863528137e-03
1.027533944443879577e+00,9.998923628564039076e-06,1.606170210245256413e+00,2.529175295626139713e-03
1.671471819079189292e+00,1.150985008259036215e-05,1.301464412347477895e+00,3.844750962278713820e-03
1.877134609727117098e+00,6.303574573479147979e-06,1.671153375277102393e+00,2.660927248701544165e-03
1.583668549045508911e+00,6.072857720212435717e-06,1.588471423729119980e+00,2.460588533825749328e-03
1.679178826177895933e+00,1.441944470972960097e-05,1.382192820547749168e+00,4.185414035050928454e-03
1.105614726083233634e+00,8.422713145530968942e-06,1.527554074394165573e+00,2.469048471136269050e-03
1.562641337277634657e+00,1.179509448194761360e-05,1.120646575120827659e+00,4.055515189003849885e-03
1.249911718679572070e+00,7.867800692243347323e-06,1.166813576295710364e+00,2.903124146557523912e-03
1.157200173988194081e+00,8.832711889994699988e-06,1.551483513370096823e+00,2.566715273716746112e-03
1.462416243886281775e+00,1.098020075588101825e-05,1.600107467437536179e+00,3.167860622146988648e-03
1.621788973224073560e+00,9.686953994104265884e-06,1.956848929252712477e+00,2.833427735306905115e-03
1.052274954147935038e+00,5.190461276508097195e-06,1.092542359672361796e+00,2.235879799913297571e-03
1.551902076296304056e+00,1.431843282896953177e-05,1.217551956309180561e+00,4.272048247941176782e-03
1.063159784691054099e+00,5.002690598811321579e-06,1.190295349806891334e+00,2.113847846141127078e-03
1.981592899003091990e+00,1.265798208232505375e-05,1.593935053516806200e+00,3.966926429278421797e-03
1.445857107779069839e+00,1.481336240954580922e-05,1.294591712998419464e+00,4.067458212158957427e-03
1.703244356893126588e+00,1.400772157722026708e-05,1.136807717054008515e+00,4.581194422544582028e-03
1.692220713598447723e+00,9.654564544638182563e-06,1.751783650003527981e+00,3.053898609416068593e-03
1.145651287660536255e+00,6.710343735600026158e-06,1.529252645447634062e+00,2.242120694788592335e-03
1.924264787438915603e+00,1.261261587806737338e-05,1.924730139137071472e+00,3.550995136917654664e-03
1.036520193871298456e+00,1.186109687282794624e-05,1.010707177667288459e+00,3.487696096759917985e-03
1.364994689137209782e+00,1.287013034993171221e-05,1.512007189495224724e+00,3.408631283120127243e-03
1.142084552748001247e+00,1.280666665584285325e-05,1.254857693324392898e+00,3.414050514563901108e-03
1.736835148848527854e+00,1.054892480227892699e-05,1.546802185608921576e+00,3.441644507981404550e-03
1.348941841266607211e+00,1.277446819764264642e-05,1.572999462379017110e+00,3.309815157554591575e-03
1.025069812698744975e+00,1.279095311317859910e-05,1.774358475479021369e+00,2.718363266531948538e-03
1.041947558192667822e+00,7.208688574481423419e-06,1.121289105080011339e+00,2.588166796272828307e-03
1.870594178590980983e+00,1.203566104862276485e-05,1.866045132444855259e+00,3.473471115707655373e-03
1.483158904078482276e+00,5.334094704011826008e-06,1.059075354786625844e+00,2.733133037061662770e-03
1.996809956067559622e+00,6.626143672355582730e-06,1.235042861858226537e+00,3.273088708471890047e-03
1.630338333177688170e+00,1.189379271253307784e-05,1.446871495032671984e+00,3.660868021042349135e-03
1.802026435385117420e+00,9.601712771960591017e-06,1.425010714281421009e+00,3.484543328511520172e-03
1.186383416105129207e+00,1.289018988326280689e-05,1.545774408751695361e+00,3.145351128640703348e-03
1.243599467866932873e+00,9.262025616507887910e-06,1.420681049458635492e+00,2.847376910239742941e-03
1.305925686337957803e+00,9.595336007938434704e-06,1.964940825417185621e+00,2.525309355922529617e-03
1.093803002573969341e+00,1.441430283898720559e-05,1.018389363862438390e+00,3.934680285139998714e-03
1.121299806684166178e+00,1.171981814914076722e-05,1.571347391968488827e+00,2.891912880505835733e-03
1.221364856249681718e+00,8.544029097186162433e-06,1.529642438222651890e+00,2.611915405778805332e-03
1.674469240572465267e+00,1.155942667019944852e-05,1.113875038881023460e+00,4.168583433736776540e-03
1.808976970703992215e+00,1.152907106889181722e-05,1.669478708979496906e+00,3.534461332561780224e-03
1.107686573282140596e+00,1.214605000262042893e-05,1.885901868545081461e+00,2.670954148517560352e-03
1.814460395974263562e+00,7.679647231134373349e-06,1.107859880804796804e+00,3.546516334149179238e-03
1.692759040662736858e+00,1.238873946459918992e-05,1.826969418133738365e+00,3.388016307378888606e-03
1.447035335151801050e+00,1.486876414870136765e-05,1.947427743320939708e+00,3.323887590535954100e-03
1.697490843083081513e+00,6.306880652016270055e-06,1.641634749279807348e+00,2.553716945089427436e-03
1.338106921061107180e+00,7.098768569630649409e-06,1.042476424515063282e+00,3.018587687427965339e-03
1.193141435859664590e+00,5.025958502269402488e-06,1.492921462659583254e+00,2.004180962799462055e-03
1.688689815957420848e+00,7.512731057285070192e-06,1.859225151078931937e+00,2.612208692623767346e-03
1.007355304531169393e+00,5.741586359535968963e-06,1.264350282617805243e+00,2.138816789385456288e-03
1.049725210334012893e+00,1.060804500139340529e-05,1.127103070168801402e+00,3.143212001360438500e-03
1.926759466680380672e+00,1.267334292988643485e-05,1.900097267959542480e+00,3.584853623747866116e-03
1.016395085189511382e+00,6.812699980162398601e-06,1.179482343672797029e+00,2.422954105541821543e-03
1.425013094245008549e+00,5.004331109861381445e-06,1.940789007711706038e+00,1.916872752372348037e-03
1.652782534577409645e+00,1.263847366356277892e-05,1.084430095076187150e+00,4.388886911637340967e-03
1.073333030487656270e+00,1.418813519338167032e-05,1.576526925194322581e+00,3.107987117909506800e-03
1.137925656010327469e+00,1.484645113737018745e-05,1.332542104494328417e+00,3.560637825018698934e-03
1.562108276614795788e+00,5.863758809762659631e-06,1.677032842652608435e+00,2.337075981041357615e-03
1.982689885462291857e+00,6.006198768215177669e-06,1.899248904137038840e+00,2.504011410539761472e-03
1.587059194189310851e+00,1.118981801659235737e-05,1.670113653188499026e+00,3.260881833118475012e-03
1.411658941399610789e+00,8.312068458707386160e-06,1.115092056483965255e+00,3.243874818060707606e-03
1.079519452140121683e+00,1.443998338296230554e-05,1.372808053980862919e+00,3.369718899472066986e-03
1.496777256966535186e+00,7.712158701364326281e-06,1.993887950824182465e+00,2.406113957017751159e-03
1.349945877165424468e+00,9.492683260844980188e-06,1.003731969904782417e+00,3.573088679364600905e-03
1.477328396512088471e+00,1.386436327171438763e-05,1.580082815668750307e+00,3.600381839990876489e-03
1.926456601579268568e+00,1.492042671341835649e-05,1.425910808326424473e+00,4.489769613735120242e-03
1.227970519538513550e+00,8.352669644998690049e-06,1.112720052302037299e+00,3.036083178259611250e-03
1.925061865949648787e+00,7.537201244990809464e-06,1.461724381252664129e+00,3.150610061780205820e-03
1.882856299984155379e+00,1.454596831008022394e-05,1.614464919525403275e+00,4.118751594693674002e-03
1.711596752237682928e+00,8.209603082877208591e-06,1.058166606804627374e+00,3.644053806972877372e-03
1.255677981407892219e+00,1.017961174943798048e-05,1.504804986964103364e+00,2.914503865698636620e-03
1.092883938339214378e+00,7.105015023648524552e-06,1.256686953294695375e+00,2.485741533134741294e-03
1.871473553535015544e+00,1.255933100982633264e-05,1.760785239754689702e+00,3.653607634015316498e-03
1.385312558602890931e+00,1.125303690632626219e-05,1.780620350848657552e+00,2.958850967169522703e-03
1.951161238340877180e+00,1.150298404488762780e-05,1.734031530509801744e+00,3.597686723388169357e-03
1.819843515046702720e+00,8.136025741699690506e-06,1.287768795431501800e+00,3.390816056993359306e-03
1.647841350992623521e+00,7.189559579175680318e-06,1.065409318406784767e+00,3.334652600945534236e-03
1.763902408287735257e+00,1.113316265550762529e-05,1.584377341321304922e+00,3.520604520444190876e-03
1.723511708163003142e+00,1.414701653021322177e-05,1.396836316957263069e+00,4.177984173745098208e-03
1.020999154600431780e+00,1.443263886420632203e-05,1.413319568458507369e+00,3.228980167425550638e-03
1.679512693066173679e+00,7.158571255642705701e-06,1.634226475019375791e+00,2.712368551742348147e-03
1.058729812116405489e+00,8.314350616173229222e-06,1.729874376706202810e+00,2.255794095636720967e-03
1.687559577407893086e+00,1.003459098823781843e-05,1.048819526217943388e+00,4.018176529511049630e-03
1.823331528548488123e+00,1.047953606716710590e-05,1.110772104513557901e+00,4.147547485249019478e-03
1.260080283372550625e+00,7.497941625156905591e-06,1.499417505818527063e+00,2.510203016092368671e-03
1.113845274747843561e+00,6.313694238656347897e-06,1.204438250233286878e+00,2.416361662726383003e-03
1.203079158646357172e+00,7.106092608737015124e-06,1.487689825233195595e+00,2.397211413991457221e-03
1.329097339674191192e+00,6.039209729673756007e-06,1.766378285999250952e+00,2.131702486237747624e-03
1.336049890805660834e+00,5.546991405166498358e-06,1.833738605449797943e+00,2.010348593017463603e-03
1.332344471586285994e+00,7.503498299285158830e-06,1.231628580128973915e+00,2.849051352494128084e-03
1.188004963247231593e+00,5.555256148299575806e-06,1.985001679332537794e+00,1.823394886824635745e-03
1.883219609390158311e+00,9.106837932026989595e-06,1.769342821444543468e+00,3.113352488571381055e-03
1.564852107479322019e+00,7.027523695432284252e-06,1.167702445588162163e+00,3.068822106559387745e-03
1.996392487481732259e+00,1.266132876267013621e-05,1.250719744825383284e+00,4.495547630042971698e-03
1.651345502240654906e+00,5.250710218325485097e-06,1.952351280014717361e+00,2.107409912660507690e-03
1.335785262559209485e+00,5.731349396451806222e-06,1.499980917950628712e+00,2.259195941405540628e-03
1.965136685264490479e+00,1.001685914724045561e-05,1.987481294256309816e+00,3.147100704070090755e-03
1.229120952132470634e+00,1.083963202681382700e-05,1.198105600554799643e+00,3.334702011840570343e-03
1.860226516143774322e+00,1.422410846640913460e-05,1.081822867774699048e+00,4.945581513033672078e-03
1.175751103280477494e+00,8.184458216101741569e-06,1.288761460110239732e+00,2.732539164762933740e-03
1.650366363366096101e+00,1.472692804300395708e-05,1.086208260090407940e+00,4.730311204431198596e-03
1.972876589518604895e+00,1.096183377825728811e-05,1.495737053269134087e+00,3.802453744022565689e-03
1.239453845552195066e+00,9.522539271692389862e-06,1.886310740252506335e+00,2.501410376422285187e-03
1.190137441562166831e+00,1.274440689417698089e-05,1.281098645981433304e+00,3.440860672198100146e-03
1.574860014496167304e+00,8.801199660004632152e-06,1.242914086761375492e+00,3.339422429289547797e-03
1.766900725540221817e+00,1.298640046820449353e-05,1.904686336704648264e+00,3.470873111591761626e-03
1.431611893462887419e+00,1.286052366602735242e-05,1.757908934884328644e+00,3.236262855246413352e-03
1.396752029557167596e+00,8.871348437641156858e-06,1.902650617722519755e+00,2.551966393648259952e-03
1.749565363780506644e+00,1.180784591023369273e-05,1.711101395617026455e+00,3.474661898053946294e-03
1.037471943105162220e+00,6.241507526784972394e-06,1.379806060907805110e+00,2.166326465843910858e-03
1.698202744010587129e+00,1.124049958263138827e-05,1.006049249928848699e+00,4.355900544802599958e-03
1.548756714142875968e+00,5.298263614007065199e-06,1.352503956816623942e+00,2.463140075365278202e-03
1.700829970017436743e+00,5.764050697395870789e-06,1.319752158126384689e+00,2.725512357694746899e-03
1.286114967192852898e+00,1.299746551716866102e-05,1.174270581149286841e+00,3.772985557591997281e-03
1.087851941988005722e+00,1.289807460519763768e-05,1.368496326725910706e+00,3.202030910297124812e-03
1.653391675111539616e+00,6.024597893105850076e-06,1.454615687357994069e+00,2.616843633422931501e-03
1.891987809538216769e+00,5.954777054475191541e-06,1.358909888076306860e+00,2.879364133712404138e-03
1.596517334033424440e+00,8.257400007272773881e-06,1.580532413981026174e+00,2.888063762416524620e-03
1.686539634991956804e+00,1.383082416145645893e-05,1.290325892791442053e+00,4.251797769637208867e-03
1.973206163307845928e+00,8.558674016194721523e-06,1.177751594919265399e+00,3.786715032801269039e-03
1.582165625425430378e+00,9.116711245761087396e-06,1.152329115869070719e+00,3.537991657031831164e-03
1.773223721836924227e+00,1.460246269951215493e-05,1.515982695262840352e+00,4.132831482095323736e-03
1.826349818724916751e+00,6.509946532514654621e-06,1.932538776076330400e+00,2.480370659390531730e-03
1.791019811031202114e+00,1.129583176872542142e-05,1.295685467548969516e+00,3.951477458909322116e-03
1.727815245991507709e+00,1.136838651854634798e-05,1.088170476949978926e+00,4.248636706553383588e-03
1.898300362474285130e+00,1.461285997769632574e-05,1.427830925366530668e+00,4.407696520011897268e-03
1.186634460363287236e+00,7.915388719167658213e-06,1.201507306687012999e+00,2.795962832034688469e-03
1.268397676338369084e+00,9.559808319690777962e-06,1.300629853845384210e+00,3.053342002080548095e-03
1.932955675728210476e+00,1.480334492464451427e-05,1.285242723813049714e+00,4.718438512974026250e-03
1.285727096734686548e+00,6.314625177783274051e-06,1.539770149149994882e+00,2.296255655150755779e-03
1.282371131329670622e+00,6.480953818170498681e-06,1.800247043038297523e+00,2.148623278269756742e-03
1.445086826582708817e+00,1.249422500305320967e-05,1.710325471191392666e+00,3.249093808675510443e-03
1.661266279872540608e+00,5.173016748639628928e-06,1.723443808434283131e+00,2.233022006883445508e-03
1.293160154438656395e+00,9.290630461570252964e-06,1.461564315773982825e+00,2.867079825222816538e-03
1.775633681359467086e+00,1.337402613165034195e-05,1.222882938815447185e+00,4.406718694573217958e-03
1.620573364134750838e+00,8.476815749684108857e-06,1.467601512225454652e+00,3.059473139891215419e-03
1.538804623283627659e+00,7.669014669117783667e-06,1.494197984929742429e+00,2.810330859423310502e-03
1.054196618002580355e+00,1.103985599021413563e-05,1.851195371001858492e+00,2.507358223805709104e-03
1.710267574964451143e+00,1.271843250344639306e-05,1.230598018621233525e+00,4.204271173171995717e-03
1.431127227053577311e+00,8.107661470884675614e-06,1.063676656314731073e+00,3.302798748632508000e-03
1.829937646354892644e+00,6.015013512748428043e-06,1.731913143959018964e+00,2.521003191223236423e-03
1.003694633922551871e+00,1.392112945815602551e-05,1.510102846242213026e+00,3.041828846839168560e-03
1.949652992816783392e+00,1.316928032326022900e-05,1.294093839208498409e+00,4.454272645732944118e-03
1.872341169502127700e+00,1.152577077954392541e-05,1.343682483047188070e+00,4.007551893896247643e-03
1.530274684825246645e+00,5.573775531175778150e-06,1.316456220185648451e+00,2.545401078694287719e-03
1.754008449347359555e+00,5.771040280895554273e-06,1.058363389159937995e+00,3.092612373693805292e-03
1.760536096356368096e+00,6.191180261360614519e-06,1.200164700316698196e+00,3.013621925876710118e-03
1.269806297855133437e+00,5.122655492278995718e-06,1.904564792341952639e+00,1.848070086215376686e-03
1.107771117641871417e+00,1.122296723752930115e-05,1.851203791617789252e+00,2.591503208693320646e-03
1.727543748066858287e+00,5.142956887053976883e-06,1.204264558943192398e+00,2.716189188576814250e-03
1.502692204791141073e+00,1.499685294586447444e-05,1.852731098120363296e+00,3.487617816756339358e-03
1.682969583691365401e+00,1.496716633350443542e-05,1.199516534940249457e+00,4.582524616524472245e-03
1.365602028492431508e+00,1.416786964898306679e-05,1.185202674949181745e+00,4.040341193121722851e-03
1.539790667876639096e+00,5.128827323309986992e-06,1.292511160138186010e+00,2.471853510221392897e-03
1.260503887120891120e+00,1.392967832005727376e-05,1.403618144408434354e+00,3.536862297042359018e-03
1.726443356380786831e+00,1.239105158261664396e-05,1.195188020684844865e+00,4.230699056554192844e-03
1.225333418392246632e+00,1.214610200850514518e-05,1.044458670912798315e+00,3.774852368060436277e-03
1.280922625435149786e+00,7.742270988916895140e-06,1.248964305908082828e+00,2.817867830212642064e-03
1.932935098714343436e+00,9.200412638248216582e-06,1.267423924327088613e+00,3.745858248057619064e-03
1.974921617435430043e+00,9.382955944044293103e-06,1.027300827979266806e+00,4.247133880959028975e-03
1.519157421204848202e+00,8.314328748360391187e-06,1.631574939368818811e+00,2.782348159584625922e-03
1.409351808707921982e+00,1.002660839774771042e-05,1.377316705643339523e+00,3.203095060308985224e-03
1.938570108699409378e+00,1.128348907530568055e-05,1.130096386771775929e+00,4.399514153324958834e-03
1.928426045765686769e+00,7.971772444233128082e-06,1.411403199687446541e+00,3.300299792018117784e-03
1.528835868931898379e+00,9.035066776802065533e-06,1.978187009458807433e+00,2.642484461826698910e-03
1.960249313049016173e+00,6.264995710528667196e-06,1.093011921604996939e+00,3.351996795082191807e-03
1.810811527716611025e+00,6.889911888598827537e-06,1.213646114795463582e+00,3.206250308985014990e-03
1.667596975950364602e+00,6.877408478669728673e-06,1.035368945940345231e+00,3.328207476249258473e-03
1.499391908552812680e+00,1.003361600423418766e-05,1.855252998682200616e+00,2.847637794737776975e-03
1.074213924434055167e+00,7.203385517469966293e-06,1.116550683359851970e+00,2.632537080474753495e-03
1.522898283748425285e+00,1.420526974882968161e-05,1.469249791787429649e+00,3.837181767640262826e-03
1.450555047344226800e+00,1.287441650934027812e-05,1.383868295773543533e+00,3.673529273334596740e-03
1.885465970363204402e+00,9.036836013226297250e-06,1.296630503014237323e+00,3.625011869367828626e-03
1.374253172745070639e+00,1.421435654862038741e-05,1.677828737728729314e+00,3.412111089909332807e-03
1.971819970474432582e+00,1.256516424006680747e-05,1.015747828667988628e+00,4.938837805801007258e-03
1.626066175971640160e+00,1.287636715748940574e-05,1.858604173763398926e+00,3.356389314940432661e-03
1.643258398423438571e+00,1.301809647644053787e-05,1.067509225330276035e+00,4.476523355915727059e-03
1.706158051484290450e+00,6.231093031383659514e-06,1.127127419318399104e+00,3.071179783008297359e-03
1.871049030443334704e+00,8.794514964713403231e-06,1.839732174436044865e+00,2.990688828301921870e-03
1.972187706271705920e+00,1.082357919853612881e-05,1.791547723479180343e+00,3.451798077894648042e-03
1.385078387931019783e+00,1.461447284583430127e-05,1.166002265252059855e+00,4.166573589333260816e-03
1.669380933979979664e+00,7.290328934270923943e-06,1.133618465550401355e+00,3.276557778691965763e-03
1.243876096303931256e+00,9.428889964781525182e-06,1.792653988068726445e+00,2.557823711107945833e-03
1.927626871652482254e+00,1.029943323539112210e-05,1.565450074616609122e+00,3.561217824729662803e-03
1.624109555974029284e+00,9.515761078605824291e-06,1.781338372833404016e+00,2.945480919478437286e-03
1.671572244358639603e+00,7.133736376132191154e-06,1.344948487942451809e+00,2.977613180529603901e-03
1.183382908270139922e+00,9.741754942271246080e-06,1.812174604598564276e+00,2.522209902611900669e-03
1.438468490015827550e+00,5.991454674088351307e-06,1.228237902969423478e+00,2.648957971953380154e-03
1.978030123098427850e+00,5.610874262995557585e-06,1.378581922156488559e+00,2.837366450308883084e-03
1.400259089474972907e+00,1.445957298135823029e-05,1.722456684788589598e+00,3.428528621778829076e-03
1.144870189409560535e+00,1.228557840530838020e-05,1.184830946806128882e+00,3.445464130587108913e-03
1.745750011959355863e+00,9.984050044621805501e-06,1.606655939148155188e+00,3.293691807498840864e-03
1.365921743500277952e+00,7.414061435737250550e-06,1.888060915195768796e+00,2.315970367922898406e-03
1.836892230029901762e+00,7.757510661810960648e-06,1.880546160453548943e+00,2.752713609432101520e-03
1.721821575923645931e+00,1.485080951860376358e-05,1.882574052660139774e+00,3.685471884120833895e-03
1.852958596691880899e+00,8.283991374015515162e-06,1.025980560525241891e+00,3.867970120736031938e-03
1.687936199791601144e+00,7.779806949980997286e-06,1.350129092139721321e+00,3.118708443964690949e-03
1.705601848605972082e+00,1.006165483485174246e-05,1.513662133103243157e+00,3.367123634754603557e-03
1.072930467954667844e+00,6.358566353299653799e-06,1.473610222246400259e+00,2.151662149390349416e-03
1.301628090938012239e+00,9.366838563448422696e-06,1.931568877648140559e+00,2.512377378633350467e-03
1.300940888567607923e+00,1.463677115561444941e-05,1.720166627319459351e+00,3.327102375511230368e-03
1.575609238770197429e+00,6.222047934988035474e-06,1.500954102123814415e+00,2.555684444591559655e-03
1.554867098056712749e+00,9.166405561394793772e-06,1.805152128032034620e+00,2.809889666807172722e-03
1.451461511080341049e+00,5.231189785723506421e-06,1.924769430371896295e+00,1.986157314104878505e-03
1.070860146414076342e+00,7.763348685330544613e-06,1.015090903654053189e+00,2.861794576471615639e-03
1.021717697928729240e+00,6.842373556194450092e-06,1.126327843804810325e+00,2.491359717997562295e-03
1.948025800554452847e+00,7.835504451066649566e-06,1.189067094434136163e+00,3.582841967667716593e-03
1.568583175781280481e+00,9.520412418612058688e-06,1.398501700925763647e+00,3.267760041783738991e-03
1.453473759148145028e+00,7.823587588810682758e-06,1.631143980733533283e+00,2.640343454598993722e-03
1.846451526122723230e+00,6.670930662363393650e-06,1.645102515876507798e+00,2.736312443745194962e-03
1.473439558635937008e+00,1.060212415272945804e-05,1.503683639775719838e+00,3.223178580223616703e-03
1.269769246475862534e+00,1.340241479495311015e-05,1.776478675074420810e+00,3.095094619916644117e-03
1.518822445230069818e+00,8.686153634681278865e-06,1.118905276660703496e+00,3.433765205535170995e-03
1.731558456293737613e+00,1.007647864881217463e-05,1.556954386708681914e+00,3.347611326370539438e-03
1.845279275655965501e+00,6.561216234408572466e-06,1.316982787796835419e+00,3.032027793454480577e-03
1.620674428492601127e+00,1.188956221130382551e-05,1.881700397896253651e+00,3.200041299428353896e-03
1.285480937146865177e+00,1.113835404575915159e-05,1.342697163302126295e+00,3.265534631138900315e-03
1.074682283131376703e+00,1.355193967841468271e-05,1.096223571642524153e+00,3.644946905003277216e-03
1.175680630418689088e+00,7.968511002445943277e-06,1.638296785908577746e+00,2.391316058402543319e-03
1.506324069282971134e+00,9.078987788888374065e-06,1.628976338370582866e+00,2.897480593117500447e-03
1.319330995475862522e+00,1.044985534436942696e-05,1.288479274053448531e+00,3.271096102440247504e-03
1.739617414636652093e+00,1.450603200802463147e-05,1.272282266175213117e+00,4.453581990647180466e-03
1.840747764665523478e+00,6.080224700292849845e-06,1.440108224197624853e+00,2.787785727060143083e-03
1.781454803790714969e+00,1.144434672864190269e-05,1.105208852540512598e+00,4.294975891735463604e-03
1.211162757804859158e+00,7.322554207420712373e-06,1.916963498765651863e+00,2.150926796214829365e-03
1.767037439548175826e+00,1.233400615428310136e-05,1.019867539795330291e+00,4.622778357706862525e-03
1.728481837465710491e+00,1.044966390913595422e-05,1.554378694751367140e+00,3.408828514298715626e-03
1.811756989165543619e+00,1.065360489215036731e-05,1.335194863191650594e+00,3.802121047767973924e-03
1.127050836519966293e+00,9.906924559180909940e-06,1.934021486683030533e+00,2.402760774610317174e-03
1.118089473039305837e+00,6.033149369513835315e-06,1.669766299991825687e+00,2.009937126502433363e-03
1.073861608635546583e+00,1.154177519752758199e-05,1.334662614079795251e+00,3.047366689773839312e-03
1.840885145261116573e+00,1.366182639748502307e-05,1.717867121269731179e+00,3.826246488097288442e-03
1.624936737719430369e+00,1.033038217443799496e-05,1.351429317048023382e+00,3.524355874150703494e-03
1.342259853468875663e+00,1.048394718497964756e-05,1.484472785016972329e+00,3.078892974118256284e-03
1.197483873092497264e+00,9.347683613577621460e-06,1.972993154090060486e+00,2.381902881535727205e-03
1.423303017989942632e+00,1.466697252707490514e-05,1.673575295201981561e+00,3.531801577582564453e-03
1.510246292161808723e+00,8.612060706429541066e-06,1.830771263287947592e+00,2.665387685487545164e-03
1.446496108857738161e+00,9.082936176602064072e-06,1.343257472984864975e+00,3.127462661796209537e-03
1.833022609359793442e+00,1.063597093684100708e-05,1.112811101215883003e+00,4.185638886628240650e-03
1.615859741577396091e+00,1.139153239198205888e-05,1.885660244163872790e+00,3.124360817602066850e-03
1.130651437327924169e+00,7.366169414586355271e-06,1.022791052774516984e+00,2.853591225729749069e-03
1.799162765158861532e+00,1.305962169418069203e-05,1.135181726190192197e+00,4.549543584361817258e-03
1.094426055506934059e+00,1.304999468391815478e-05,1.047090094079180744e+00,3.693229993111276938e-03
1.631503759627211059e+00,1.010379609914514764e-05,1.445962820424498307e+00,3.376430098100471899e-03
1.685038032037953659e+00,1.243746744937296460e-05,1.115121483364254651e+00,4.335206018629416888e-03
1.778267149694024774e+00,1.396845341996699047e-05,1.959498369326084344e+00,3.560411635336210162e-03
1.198288964283287239e+00,1.024205456192900157e-05,1.346010026571102802e+00,3.019605271566247213e-03
1.147937017696715412e+00,1.377122582997110121e-05,1.828458178775849818e+00,2.940375631264963326e-03
1.131673497778255655e+00,1.495179239756556897e-05,1.831604808289375441e+00,3.039424181713321679e-03
1.710126399957953902e+00,1.011128291000563035e-05,1.384576991178616767e+00,3.533936011802950652e-03
1.439222687187319050e+00,1.052718145395578619e-05,1.614810665344352358e+00,3.063086406890237669e-03
1.075434823428920827e+00,9.905496193247169639e-06,1.622390357214734902e+00,2.562432813460602601e-03
1.155192252732129887e+00,7.744175934629185873e-06,1.474094152082460862e+00,2.463497509766036063e-03
1.332395438963613010e+00,9.569515442292339373e-06,1.181923951798394601e+00,3.284481163966851934e-03
1.569555111369724143e+00,1.057006612442377245e-05,1.920537237051154200e+00,2.939109529214382899e-03
1.982129688883956353e+00,1.121130950433906674e-05,1.376796718025006694e+00,4.017531524844085260e-03
1.444189873952973047e+00,1.497475792112797430e-05,1.589281641873973250e+00,3.688855298149811262e-03
1.922053479298839518e+00,1.132292225454677002e-05,1.072649982041407934e+00,4.504358841264115634e-03
1.655062241161382453e+00,1.292687297700810989e-05,1.465861795982400295e+00,3.820387302227671450e-03
1.810304113783451019e+00,9.848919210931654785e-06,1.775611098270552413e+00,3.168809498763223726e-03
1.052325515198407668e+00,6.591421781338848152e-06,1.622606837685035108e+00,2.067559187444756828e-03
1.225531361950309428e+00,8.121116487011555474e-06,1.771281107792748610e+00,2.370425658395180178e-03
1.737585339345435909e+00,7.442631067698526731e-06,1.200405649638787819e+00,3.282254876083558204e-03
1.437128310374343965e+00,9.133631472797550045e-06,1.556012783743247585e+00,2.904443511455487379e-03
1.640139048749658768e+00,5.005349263070744870e-06,1.878594297528973334e+00,2.090455985525052802e-03
1.174476517824168731e+00,9.546188329503298175e-06,1.663809018059816403e+00,2.595884893189685967e-03
1.127212227050037541e+00,9.013804518278473594e-06,1.239227338873194473e+00,2.863396041236828445e-03
1.908762930186551632e+00,1.371903641310774017e-05,1.508441907467050314e+00,4.166520334274515999e-03
1.402074582850760143e+00,1.307363943549159132e-05,1.914142072029988650e+00,3.094544450104048505e-03
1.483709954267411701e+00,9.346642346107106140e-06,1.248861719077197563e+00,3.332308037910918300e-03
1.170732397431808014e+00,8.912163654008217555e-06,1.211364683659766683e+00,2.934829938775004692e-03
1.138102117401160296e+00,8.561401224200081980e-06,1.420055882245253809e+00,2.619451268168977980e-03
1.095159015553436976e+00,7.533773106028941673e-06,1.868719122196483173e+00,2.101226380989030564e-03
1.289954929116627236e+00,1.340703118622513031e-05,1.817560358077524585e+00,3.084673176742344734e-03
1.835663394832400597e+00,1.193716138142226479e-05,1.263297602823023169e+00,4.164800668191952909e-03
1.184908338101956282e+00,7.049914443770490841e-06,1.058842664850036197e+00,2.808785567184784223e-03
1.090382809995037672e+00,1.341796589152889938e-05,1.823840222975365633e+00,2.832301257466460220e-03
1.457430578866763637e+00,5.869110910367806517e-06,1.074521251308102388e+00,2.821451520372587462e-03
1.152965388345680964e+00,1.464733662965507678e-05,1.256465470530893747e+00,3.666166523004636777e-03
1.549233825610138338e+00,1.451061517082577687e-05,1.678861076541648067e+00,3.659266311776734198e-03
1.234760649747446593e+00,5.700093665350308326e-06,1.785290292608522122e+00,1.985536909346686911e-03
1.470753541263555952e+00,7.898959571576343324e-06,1.648290000964345747e+00,2.654838364140096191e-03
1.178602655006459221e+00,1.276704711218927684e-05,1.852231099419842764e+00,2.850239484699809873e-03
1.528564347148928970e+00,1.295918030874946712e-05,1.547295259655150801e+00,3.578030444937081809e-03
1.179767810659020588e+00,1.326383442057473461e-05,1.785667893841666132e+00,2.960277825752087241e-03
1.013577780648727167e+00,9.867998014626675634e-06,1.821332955408412335e+00,2.343410624332670396e-03
1.875807104975308892e+00,9.520879856808637327e-06,1.262968686185372391e+00,3.760419873677766939e-03
1.940003670694434135e+00,1.158748470900388696e-05,1.369760862641881349e+00,4.051104874121256097e-03
1.258537713359656696e+00,1.377121881245570756e-05,1.347034297431839001e+00,3.586988461983978572e-03
1.039173682029312040e+00,1.422099113726327162e-05,1.631680607590847654e+00,3.009479757779721151e-03
1.365813478128437009e+00,5.022291444580830032e-06,1.739109021345969674e+00,1.986018312782300479e-03
1.552375865560104984e+00,6.287752410769565980e-06,1.364863867438553591e+00,2.674246825766189717e-03
1.857576777736980933e+00,8.716965668604734208e-06,1.961359112025006013e+00,2.873276994704836423e-03
1.468793136534717547e+00,1.482904323554795075e-05,1.142941561509013049e+00,4.365408303366426039e-03
1.681948567217002477e+00,1.396831592063945386e-05,1.300899492122988388e+00,4.249682730088586227e-03
1.289731167093911557e+00,1.241747885620912362e-05,1.497496510556554306e+00,3.270268434962728815e-03
1.913517595020378437e+00,6.702215920853616207e-06,1.214991763561131588e+00,3.248918152279362242e-03
1.820803522157981469e+00,7.358136706349206133e-06,1.367236290118247100e+00,3.130355635438052900e-03
1.458397390546130046e+00,1.386471598090850080e-05,1.245160456705484808e+00,4.029774719131596142e-03
1.535777355243035380e+00,1.371275482915701764e-05,1.423906634044686870e+00,3.845791443138091639e-03
1.533717497126380280e+00,1.474193565441788646e-05,1.027323908834131716e+00,4.691332814562167164e-03
1.707345176350522742e+00,1.270087313328807979e-05,1.659398462924797313e+00,3.614948488807753161e-03
1.746994301541421102e+00,5.445198959768492781e-06,1.379978426516387913e+00,2.625526899216551035e-03
1.353587839561527950e+00,9.300775342535081385e-06,1.266053851615652759e+00,3.153382911175956014e-03
1.080371999532445226e+00,1.174135390426917988e-05,1.017621257094321052e+00,3.530633714677077102e-03
1.201737499075302917e+00,7.494429575529917373e-06,1.993868483172229533e+00,2.125327412240766902e-03
1.018880139318670830e+00,6.036325412430105101e-06,1.680625396029967300e+00,1.912988721286552635e-03
1.579546067424367983e+00,9.923065188320610703e-06,1.061920594453727551e+00,3.841873392990394990e-03
1.775641136075490012e+00,1.387180394586131236e-05,1.216895835556134120e+00,4.499014237305693290e-03
1.180312384316393626e+00,1.264787845965763253e-05,1.659643949256236484e+00,2.999161554223452042e-03
1.246829955996810568e+00,1.463110704421909959e-05,1.506286959993561991e+00,3.480072964661946530e-03
1.899456686867263766e+00,1.005681193077311818e-05,1.787963694417809002e+00,3.268628128373122447e-03
1.305646602418482960e+00,8.758187320752704833e-06,1.474769905275519211e+00,2.784567839922104902e-03
1.201289353328180987e+00,7.400657720245785328e-06,1.189512369574613482e+00,2.733848803284360564e-03
1.812578750296892416e+00,1.201780347581220502e-05,1.024106577048235378e+00,4.611990599300490150e-03
1.060625500654578168e+00,5.113815685706068135e-06,1.311111597553332508e+00,2.033919397979131773e-03
1.754604252794526031e+00,9.173214980653398068e-06,1.466871037494606345e+00,3.312488717780375652e-03
1.978120407857742791e+00,9.968881285457591071e-06,1.809784089831779186e+00,3.300929058915644688e-03
1.213519084844695062e+00,1.066050892619450441e-05,1.345498766455354378e+00,3.100777631863353614e-03
1.151735376051120863e+00,1.229810325748249993e-05,1.785309849627193746e+00,2.816687201060621721e-03
1.993984760827540725e+00,1.389298773471590249e-05,1.985752139031946806e+00,3.735048315213300267e-03
1.306047023023730436e+00,7.398265799019037159e-06,1.422823363479422731e+00,2.605966796784448241e-03
1.517964375033998614e+00,9.094845343044797445e-06,1.793461088157900285e+00,2.774485564685684209e-03
1.559302813160225121e+00,1.494901824136181598e-05,1.842608407326005171e+00,3.556763944974524957e-03
1.974747120210565976e+00,5.315973791769278621e-06,1.596230160587795766e+00,2.564480516681687510e-03
1.816671192044338135e+00,6.424680196426610928e-06,1.007972188729260310e+00,3.402825253537315221e-03
1.779159136457991508e+00,1.126353983732918687e-05,1.200792539325941544e+00,4.085176799884475754e-03
1.329800180367834983e+00,6.623925893796998738e-06,1.625539386979777845e+00,2.327834914824287484e-03
1.338000865196154576e+00,1.072973265454748909e-05,1.789242451402040412e+00,2.832618262695362713e-03
1.287392428065118333e+00,9.112551919686604458e-06,1.211431586039296349e+00,3.111902894894921345e-03
1.169974302760930840e+00,1.265996201237695059e-05,1.326282503238826127e+00,3.341845306757643998e-03
1.378803694247930700e+00,5.010042872497000794e-06,1.181132172001402081e+00,2.418369688177540201e-03
1.227034560418660547e+00,8.841287240193416414e-06,1.246304923122287800e+00,2.950353078088626887e-03
1.239985376785263327e+00,7.088705802731581587e-06,1.756327143638165111e+00,2.237118820021293236e-03
1.798509342926154053e+00,1.391867168676906211e-05,1.362219262367071693e+00,4.286785331595211780e-03
1.087619946299258844e+00,1.131329660322384902e-05,1.090056414141101104e+00,3.359763294511658969e-03
1.540882119873830725e+00,1.264099555014251491e-05,1.261772980789204190e+00,3.929024486377377320e-03
1.191450154227432723e+00,9.264347675883791432e-06,1.069994153142127979e+00,3.211845596193722927e-03
1.131068189159776249e+00,1.041464052071055287e-05,1.648021496206247605e+00,2.673530235990692182e-03
1.596438152871763050e+00,7.135110910852784794e-06,1.216337725308098250e+00,3.060196576294916572e-03
1.597820661399148356e+00,8.241162174521295605e-06,1.453393112357988404e+00,3.010001401133405134e-03
1.448572971390266417e+00,7.304589587080695070e-06,1.635640024244414903e+00,2.543456029467005153e-03
1.477868016649059868e+00,1.343021921390649624e-05,1.498508408072170672e+00,3.639399942652255925e-03
1.817027846963129356e+00,8.938374942408295920e-06,1.865524332992408940e+00,2.950595098600421098e-03
1.066090425103669581e+00,9.103395315977585290e-06,1.854692290982874914e+00,2.287508882967935475e-03
1.750308774416022839e+00,5.260622379739240434e-06,1.063823478094104935e+00,2.941989468131911596e-03
1.558388225320847198e+00,7.174474432253219743e-06,1.642163550942637773e+00,2.609303945677013143e-03
1.483603157132344252e+00,1.417823841386778563e-05,1.865645126239513729e+00,3.357805165962966191e-03
1.459444820941560472e+00,9.026544779810934745e-06,1.851586394605923669e+00,2.667366054130882510e-03
1.451427260708225031e+00,8.112887579203300416e-06,1.114012205245784815e+00,3.251175341173484241e-03
1.497548164334604248e+00,6.110100954560841716e-06,1.416739140925472151e+00,2.541380225067026849e-03
1.070816532461040582e+00,6.193235358635426320e-06,1.502736557642771364e+00,2.100752554233980326e-03
1.993284236738241955e+00,9.849526562699347561e-06,1.479055426233661930e+00,3.643343083588051687e-03
1.181411481500643124e+00,1.174308340465710169e-05,1.311659996920437887e+00,3.252228336849236675e-03
1.541857077129022091e+00,6.117067140952419169e-06,1.952781288690559336e+00,2.197692268853649634e-03
1.558287335897580839e+00,1.379314166525337886e-05,1.925066220905357728e+00,3.341431267485431116e-03
1.802929387392594229e+00,1.140252279897005643e-05,1.211394984536448671e+00,4.119523151020178069e-03
1.016050311934456829e+00,7.292649186905675344e-06,1.094756556096354361e+00,2.601605790631726645e-03
1.383048053613396444e+00,6.866617593943754168e-06,1.578756870788375011e+00,2.452632275427978330e-03
1.229187369866910018e+00,9.216710574256203558e-06,1.558460393874125050e+00,2.696181563293723049e-03
1.190586572172235957e+00,8.763834982551908781e-06,1.031918793511672483e+00,3.179836754003965288e-03
1.176854552611716898e+00,1.014460498965040740e-05,1.759022687696712106e+00,2.605213055883668673e-03
1.130455422850574765e+00,8.008593880657077869e-06,1.405115599776712632e+00,2.538334359588325859e-03
1.310011941672402980e+00,1.353678694369846199e-05,1.514271736578259198e+00,3.422106458058515877e-03
1.121181683057772549e+00,9.374265638481682489e-06,1.249720922002434120e+00,2.900014068202380179e-03
1.045627192530568239e+00,7.057036293133738654e-06,1.974507178549701480e+00,1.933170910522044161e-03
1.570931451358192010e+00,1.169692729423929855e-05,1.540142359140324491e+00,3.454093423058986808e-03
1.035496371681440930e+00,1.274118316673596512e-05,1.837439212193512583e+00,2.679616727345937501e-03
1.638811717095461029e+00,1.499699647042873065e-05,1.610265990779664591e+00,3.906770183450350778e-03
1.967909918418455195e+00,7.077864075674611605e-06,1.664634347235556033e+00,2.892639355572819686e-03
1.021446452078425216e+00,1.223699628774064527e-05,1.204813183195131199e+00,3.220960217255777747e-03
1.633014208110827425e+00,1.436136213402367914e-05,1.219517005814798605e+00,4.385295547313527824e-03
1.589328940618812913e+00,6.399637378733447055e-06,1.809705163913961190e+00,2.370722198020741318e-03
1.217574619031173366e+00,9.336792654432166317e-06,1.785738831095516677e+00,2.523118681332333409e-03
1.595466644816053048e+00,5.378669867687445926e-06,1.750513765465947058e+00,2.214106688763632907e-03
1.819371870989928919e+00,9.515280810290682896e-06,1.297592553024003337e+00,3.652602150479006011e-03
1.568665817331610368e+00,6.416673631844017160e-06,1.385856911443161588e+00,2.695013814717864796e-03
1.231440963015320911e+00,1.382824682566852323e-05,1.357579190193463514e+00,3.541667394864742111e-03
1.891578369635746437e+00,1.466656286368287962e-05,1.236242393650706539e+00,4.737230615693775737e-03
1.965490689564562965e+00,1.352441723470750216e-05,1.540573095204588849e+00,4.153876891567306016e-03
1.894975219243779208e+00,1.122363351607873216e-05,1.147510333511270186e+00,4.305168991957370253e-03
1.646718207475908136e+00,1.269524123762433147e-05,1.846233997548864414e+00,3.365013033003507077e-03
1.036391915250292950e+00,1.238516308061605927e-05,1.724708951324323891e+00,2.728066573533378253e-03
1.021544304440793027e+00,9.061122067567415570e-06,1.969459483515343390e+00,2.167934059955389445e-03
1.952720692899957200e+00,5.073564909489200157e-06,1.561523477500276202e+00,2.518850638019636250e-03
1.056340009130917412e+00,1.373278727938694938e-05,1.311016751957511772e+00,3.326420055837907286e-03
1.530631108840062371e+00,1.015091992714285851e-05,1.718504049468188910e+00,3.006856408164032546e-03
1.830057325559759640e+00,9.620877887139535562e-06,1.734271291185557118e+00,3.186259774267980772e-03
1.870849875101032289e+00,6.746306840273556419e-06,1.505327279309201183e+00,2.895589871056949722e-03
1.584700705109131968e+00,7.852682937633936872e-06,1.461322649507702520e+00,2.918163352274134002e-03
1.131834804370919656e+00,9.499329474079637852e-06,1.235653939878703866e+00,2.949779605499366388e-03
1.738360024084150801e+00,8.833928531918039379e-06,1.782758209656792214e+00,2.934949150661165032e-03
1.721306279497899272e+00,5.980849059280291419e-06,1.881060771552765409e+00,2.339424772117967323e-03
1.178708108195208215e+00,9.325735104554794505e-06,1.033374995677633024e+00,3.261487352337814286e-03
1.980389072285847707e+00,1.238832188950186335e-05,1.641248142836330803e+00,3.866289565844802621e-03
1.842072889177187367e+00,1.421727090121631488e-05,1.267640464309237380e+00,4.545309680403526904e-03
1.295939999466782400e+00,6.885362776463745284e-06,1.121160225523442300e+00,2.821122988386583208e-03
1.470447206879379687e+00,1.456857202151603427e-05,1.244928559317007188e+00,4.148212501744604278e-03
1.971448470696028687e+00,1.156685593006423577e-05,1.616293141882132467e+00,3.756127390373209182e-03
1.433533632290917570e+00,8.582534267602970877e-06,1.783939353558781526e+00,2.626162969494979984e-03
1.865035394814388736e+00,1.310805654437019981e-05,1.091227951314605038e+00,4.733201041025594628e-03
1.683479418046807563e+00,7.174395335990072241e-06,1.421953869749093435e+00,2.914431175997367601e-03
1.451092152428008930e+00,1.020767547183620890e-05,1.062303420879119997e+00,3.734105928985767368e-03
1.387521575613122060e+00,6.725807106158875630e-06,1.366579024799956965e+00,2.613212344552948846e-03
1.942863939311617383e+00,8.997537443155262220e-06,1.591452912498163119e+00,3.314256589560060726e-03
1.328933959420513844e+00,1.113502053736310817e-05,1.648352313796239255e+00,2.996209591126026712e-03
1.293130832411514275e+00,1.224873979973133099e-05,1.664860362014493056e+00,3.084452106485285981e-03
1.734142257113060914e+00,5.453368573021110165e-06,1.250271301139350255e+00,2.750253049247000821e-03
1.053535112896196502e+00,6.262422175667719498e-06,1.837113050588562224e+00,1.895080823920645193e-03
1.284547839238934230e+00,1.346099119204425046e-05,1.220963329982091450e+00,3.763243768544997491e-03
1.643790448356721834e+00,5.843821342759445907e-06,1.366664483006543751e+00,2.651189294147744333e-03
1.641443285811433839e+00,1.262084417660651507e-05,1.497506979045231557e+00,3.719398535699012121e-03
1.503159869659993930e+00,1.171672560865543719e-05,1.803864659509449631e+00,3.124667001465481625e-03
1.874871752159870342e+00,9.501596254453508188e-06,1.980857087455297538e+00,2.998869016258822340e-03
1.270290750111014777e+00,1.024807388615485510e-05,1.364265128551803485e+00,3.089038368039317885e-03
1.826847648536487734e+00,1.254085927971398594e-05,1.918124490914939528e+00,3.456021354936180800e-03
1.719917628070379401e+00,1.306550632599966962e-05,1.483063737098147872e+00,3.892575440208530333e-03
1.323273113200086559e+00,1.288866347129711724e-05,1.504968755416226323e+00,3.366394003120512946e-03
1.406926193275648274e+00,1.455697313885941264e-05,1.752246126949073668e+00,3.418799592493440738e-03
1.860173586542120505e+00,1.152221871349203042e-05,1.875644696457607674e+00,3.380411008355423391e-03
1.440120662818578090e+00,1.059929635728739544e-05,1.881907542068080641e+00,2.847992341254158323e-03
1.726231104599584398e+00,1.388218880627045009e-05,1.630488981070039145e+00,3.833712211430074807e-03
1.471163643625882589e+00,1.430550795887073880e-05,1.381520545263591249e+00,3.903044111230592056e-03
1.355133215741230801e+00,1.114614609786718357e-05,1.601178174698608014e+00,3.071379844831232265e-03
1.547931643466264440e+00,5.122798321683361245e-06,1.531196825316522903e+00,2.275694754548940237e-03
1.953783082664049431e+00,5.024867820536861025e-06,1.062093125012895101e+00,3.040319287592525843e-03
1.401895611639802253e+00,1.196597121950764058e-05,1.248917940931143722e+00,3.664923070663723189e-03
1.546236244545664995e+00,8.911597477011242243e-06,1.544904509235741186e+00,2.986516270402053436e-03
1.244021023590183184e+00,7.399982446590778738e-06,1.149353985055627136e+00,2.830103391089684554e-03
1.199091547876701247e+00,9.965305122610232879e-06,1.504179898750354072e+00,2.818522985379032664e-03
1.296720398697413623e+00,8.962178046664552952e-06,1.572260565152303613e+00,2.718740108939923360e-03
1.900637660139390173e+00,1.159025374815806583e-05,1.247798097239714021e+00,4.201689716127092293e-03
1.989208554947138108e+00,6.280078562955895496e-06,1.595234903545978078e+00,2.798403761143691566e-03
1.153875169349641627e+00,6.483735126838714247e-06,1.084064260775639443e+00,2.627026978162372902e-03
1.918713963601480277e+00,1.179353437212027740e-05,1.045030061401145405e+00,4.653317811003362253e-03
1.869736313074235934e+00,5.583777804459136926e-06,1.131076419946147160e+00,3.038143417342095438e-03
1.469425650919358617e+00,8.374038119763079800e-06,1.467943548249555974e+00,2.895253517410624304e-03
1.989592388162124914e+00,1.188601668858816165e-05,1.844884607622711226e+00,3.580268681235163064e-03
1.213714133228648517e+00,1.434320972555840369e-05,1.691026703847489987e+00,3.208530307971961537e-03
1.766200146106771118e+00,1.285351776230946063e-05,1.504183600132790843e+00,3.884906174890940308e-03
1.580234188781131976e+00,5.569920192273424993e-06,1.812378455485781359e+00,2.203742095808671180e-03
1.903142708716493381e+00,1.005141543427981553e-05,1.761460204421423814e+00,3.295435921388678666e-03
1.522866734376603581e+00,1.019857726882743195e-05,1.781097622692344506e+00,2.952955370766582530e-03
1.116631506225006287e+00,1.322331296874350320e-05,1.920322256809554595e+00,2.772924337240415676e-03
1.482737688395409759e+00,1.468287724191814431e-05,1.607833036438623076e+00,3.679741182188308538e-03
1.975967867385751253e+00,5.872381717330389807e-06,1.354588088352534081e+00,2.926802732124980481e-03
1.377564893403411039e+00,1.056190129235529270e-05,1.347999183261543443e+00,3.285354747753311839e-03
1.574416437520870016e+00,6.260771636861205791e-06,1.584803898301489156e+00,2.493939844483135469e-03
1.855243423500473554e+00,1.286931469846824101e-05,1.201622779479387448e+00,4.457528047310814652e-03
1.973830240296126970e+00,7.817171282101066380e-06,1.518211251148679386e+00,3.187965481637353334e-03
1.445164512076838381e+00,6.484454980280383238e-06,1.326016304455010619e+00,2.658403816935842913e-03
1.502323763402067192e+00,9.759076868668097054e-06,1.678902269748046017e+00,2.955108490527700617e-03
1.447924967461108103e+00,5.247387398372399058e-06,1.066119966227603744e+00,2.669571480692248949e-03
1.580243203873981095e+00,1.092225177515901487e-05,1.485088105658860957e+00,3.409117322847935588e-03
1.124664262540111093e+00,7.188830404314057226e-06,1.567936424539501772e+00,2.270786700398331678e-03
1.665962876610942445e+00,7.552954444994746877e-06,1.299281733052390475e+00,3.111998837843033602e-03
1.538626792517929331e+00,7.097404529867989208e-06,1.741810841294608281e+00,2.503893947301706353e-03
1.351925125152375617e+00,1.415108638815781419e-05,1.764244996303189206e+00,3.293000249363602604e-03
1.183664020914131587e+00,7.491405535841259817e-06,1.359647884600453382e+00,2.553775119880628743e-03
1.480683873747409507e+00,6.324597438850141345e-06,1.020441537733894899e+00,3.029378598092847055e-03
1.646168510892095593e+00,1.381067788814072691e-05,1.500045824189327970e+00,3.893071498774595095e-03
1.033454910608437416e+00,6.518890066179984050e-06,1.950506530791643822e+00,1.858484275106026809e-03
1.001546586231972125e+00,1.008867080073579510e-05,1.694764218371784814e+00,2.441731522404421307e-03
1.674191949788686351e+00,7.302758744793108332e-06,1.774132193215424369e+00,2.625143890192981749e-03
1.182586924501503489e+00,1.189236929191003731e-05,1.164682392165173219e+00,3.474937316963631548e-03
1.108939922678308321e+00,9.581016293387156698e-06,1.009537732225097795e+00,3.244132030118791407e-03
1.105294410394721982e+00,1.101458792256587602e-05,1.195493952797775705e+00,3.191166190045211393e-03
1.954693085197970470e+00,6.780564398954653309e-06,1.611475675399741014e+00,2.867875762889699094e-03
1.115270534092994481e+00,1.407711836119396830e-05,1.164260882601303670e+00,3.672162084248459420e-03
1.207931739913040925e+00,1.297533752307476331e-05,1.701720015295732580e+00,3.034844719690412383e-03
1.964570027287671161e+00,1.117860207665059194e-05,1.936697058743159117e+00,3.367415130186319095e-03
1.552200966297021978e+00,6.563768201578959623e-06,1.578988602497543248e+00,2.540160129000142240e-03
1.982897071311996662e+00,5.076281441422676975e-06,1.560077419977436541e+00,2.540094396022543870e-03
1.571837426808895932e+00,9.091879790347924602e-06,1.786048779297140232e+00,2.828681156102385783e-03
1.649777586465163370e+00,7.580762594588930104e-06,1.281854548057765220e+00,3.123559429172160628e-03
1.497637442506780436e+00,1.195214306649474902e-05,1.797590247518811246e+00,3.155592277367219069e-03
1.054858698560687813e+00,8.322156861547206814e-06,1.865883216694398161e+00,2.169066484153396503e-03
1.094706709566813263e+00,8.549820794160524297e-06,1.143068662209383302e+00,2.861483438490151042e-03
1.467454297233886873e+00,9.778967117514161632e-06,1.466334397709076587e+00,3.128327942284213955e-03
1.712518180233053577e+00,9.279392764448033895e-06,1.320785915134951027e+00,3.468655426481710800e-03
1.283899907645719374e+00,7.433813669997750827e-06,1.891078300473459706e+00,2.246552974089742645e-03
1.381843239317583016e+00,1.131268936660702265e-05,1.499195696197002103e+00,3.229112357858582739e-03
1.226926393308581442e+00,1.397139323362495879e-05,1.033973041947576332e+00,4.071688118818721745e-03
1.416382448355296919e+00,1.354421267825860117e-05,1.466786764380294095e+00,3.616459944953465556e-03
1.802129802528381619e+00,1.345853294942729166e-05,1.253825143925192620e+00,4.398184139087106710e-03
1.330928034676093663e+00,9.289938392998091236e-06,1.358145791811533165e+00,3.017244521367222054e-03
1.746113488566311656e+00,5.789932431693616483e-06,1.839085422859161989e+00,2.344617652097840364e-03
1.111740030278169700e+00,1.309276866071606689e-05,1.050114351419021208e+00,3.723051742244710364e-03
1.414679131510456767e+00,1.105853284947940214e-05,1.648939352467127861e+00,3.080174977054290966e-03
1.834508166545839813e+00,1.394990834562216024e-05,1.664394596029040052e+00,3.921185186431263431e-03
1.701459738754520945e+00,1.232032699674285859e-05,1.398459038983617564e+00,3.871658832509998916e-03
1.303103560232685698e+00,9.182090614629018292e-06,1.636425827902633579e+00,2.704033639477857170e-03
1.054730161789849241e+00,1.447254523785363516e-05,1.879350288774272570e+00,2.849963337193145430e-03
1.311967189847827786e+00,1.219972012418054846e-05,1.099820110802950390e+00,3.814833541898380014e-03
1.822811498802869190e+00,5.283750172216833880e-06,1.982334588436321265e+00,2.204212890692655580e-03
1.411492185908366448e+00,1.474538188474630742e-05,1.979684566380984778e+00,3.242419874527532712e-03
1.927144169397149387e+00,9.424476173606013114e-06,1.670190549139261460e+00,3.297635897836420377e-03
1.068068020897588344e+00,1.431395110123739967e-05,1.775569881097364355e+00,2.934339338242636375e-03
1.792580021756774222e+00,8.877012891665846833e-06,1.181390475999278156e+00,3.670083697154429871e-03
1.197019235543789417e+00,6.619984207445495421e-06,1.991092004211136413e+00,1.994956255970941478e-03
1.558864360709992791e+00,5.980083327044765595e-06,1.846577462507428713e+00,2.246849672392964639e-03
1.341084525758414747e+00,1.108405234641081017e-05,1.267653022578204780e+00,3.424342229228631226e-03
1.787730417001783367e+00,5.435662166037882363e-06,1.964744120117674075e+00,2.223946032932379996e-03
1.506898940671712595e+00,6.171668388384101301e-06,1.550264906800823628e+00,2.449291059201902203e-03
1.056246553510786335e+00,9.843047454400943906e-06,1.153085984903466477e+00,3.002732157943177778e-03
1.696028345185010444e+00,8.518973186781710633e-06,1.704143763392461874e+00,2.911769978677562418e-03
1.059044664545540471e+00,6.819927611879949514e-06,1.203408501156207677e+00,2.449855579713651997e-03
1.030562150037601654e+00,1.189193533264593660e-05,1.915289834837653915e+00,2.529566560702297112e-03
1.079086522576338414e+00,1.477941191981455436e-05,1.392821833474884086e+00,3.383833050793660664e-03
1.090475988264558271e+00,9.007900050759264820e-06,1.294934285368195104e+00,2.754203133639056625e-03
1.051742688703900752e+00,9.500978366003083036e-06,1.475630944824005475e+00,2.602256118874726309e-03
1.463383506100007114e+00,1.148145593361134457e-05,1.097359920425630575e+00,3.912938413122280662e-03
1.919017324094588695e+00,1.019375152365143116e-05,1.638308814633753663e+00,3.455481605086744429e-03
1.722052564353917736e+00,5.878760021125205946e-06,1.740037058965380634e+00,2.412052848272863443e-03
1.681903267276266378e+00,5.886548422431426054e-06,1.326372027655846608e+00,2.732110059747926058e-03
1.038909639816735675e+00,8.966109637476450662e-06,1.334143140819736173e+00,2.642346068936277104e-03
1.605678556074453311e+00,1.084020991278290530e-05,1.898897814807450013e+00,3.027592023484553235e-03
1.325278043459670929e+00,1.460456764766572381e-05,1.454009974527219029e+00,3.648498406181593587e-03
1.621538013573682768e+00,9.467993484037837278e-06,1.576685199224077572e+00,3.120470253319802389e-03
1.336253500441459963e+00,1.309764515578352260e-05,1.620770507044762665e+00,3.286096216913956918e-03
1.395838893119722091e+00,7.779720606030925833e-06,1.654543434342965025e+00,2.561890489776972712e-03
1.307466308739126504e+00,6.231609029701005538e-06,1.684837055986002863e+00,2.199056559016940825e-03
1.155598281942654459e+00,1.425425171098522510e-05,1.896373829478097850e+00,2.947227622436411620e-03
1.270442060318828226e+00,9.863993035920575058e-06,1.626244721885327538e+00,2.775945019357647578e-03
1.226243874952823720e+00,1.257054309472685762e-05,1.716887384445314080e+00,2.996363798986815662e-03
1.293266053473782318e+00,6.829786810415301561e-06,1.851382397714589123e+00,2.184235431159609834e-03
1.392391276654125098e+00,1.180211544200050224e-05,1.921200250908453588e+00,2.924652412685844506e-03
1.944670683948737544e+00,9.956961210147301808e-06,1.882563572222610393e+00,3.207093457483044772e-03
1.692137338365149457e+00,1.216633936449221334e-05,1.674165190609371745e+00,3.506700002060982209e-03
1.453123215812166968e+00,1.435001849027967735e-05,1.742017357375621245e+00,3.459801734049126800e-03
1.386453479328224159e+00,1.364514400010676974e-05,1.031348907725455177e+00,4.282909583589802893e-03
1.338827139575546221e+00,6.272700628934148851e-06,1.674108498041686044e+00,2.239740657286924588e-03
1.549890320078506134e+00,1.337622320636323869e-05,1.160351274926252119e+00,4.226905072814659235e-03
1.641143767168560919e+00,1.170478168887036257e-05,1.152145088927118088e+00,4.083206897300795980e-03
1.224540128843403020e+00,1.097475236646494797e-05,1.081290855784832416e+00,3.525434178074233777e-03
1.234389378481608013e+00,9.476521698928334097e-06,1.444866304146270375e+00,2.845356824657012656e-03
1.819830230309550378e+00,8.009367631444198399e-06,1.430945822735288253e+00,3.191559579007148713e-03
1.343016024109898954e+00,1.273588758486159531e-05,1.875473201221965258e+00,3.019950151092376869e-03
1.257974159583369111e+00,9.018603712585137404e-06,1.561019082673777092e+00,2.695885271510628945e-03
1.671639967619864331e+00,8.202295355966816534e-06,1.276897007827383135e+00,3.276884546924715459e-03
1.011547834702114290e+00,1.255238928950320013e-05,1.925329916620691861e+00,2.568052113579454791e-03
1.151677910690264817e+00,1.234035286661382821e-05,1.889613059569712927e+00,2.742476196745256573e-03
1.756360638875359648e+00,1.167946092020578523e-05,1.457596812724421209e+00,3.751453276698824522e-03
1.180191042605829299e+00,7.238653982579542460e-06,1.213324026951640988e+00,2.653485182318497237e-03
1.978873618257031008e+00,1.015427196238833079e-05,1.291936265831979291e+00,3.943781814740436945e-03
1.053652567306619714e+00,6.710625890933572045e-06,1.069095940691145774e+00,2.571709378327341824e-03
1.300014871322873855e+00,1.100048512475712442e-05,1.254001662911834902e+00,3.376999707644736098e-03
1.763818129939047186e+00,1.369588909511479876e-05,1.678206544084460461e+00,3.794017338894201986e-03
1.048830516058558260e+00,1.212359790735153602e-05,1.036802409624377086e+00,3.502034502577345415e-03
1.464708324789246507e+00,5.147688061306212218e-06,1.403006175399268196e+00,2.318205300643116137e-03
1.320596547522151054e+00,1.362958745619887756e-05,1.838732774378361245e+00,3.128723077317569802e-03
1.908877220056817370e+00,9.673019071192405025e-06,1.155390216422522709e+00,3.997658362128168885e-03
1.406522401712201553e+00,7.184691236373305187e-06,1.694838279478266596e+00,2.441817765246359975e-03
1.960044477080134184e+00,1.003835136399955919e-05,1.009309807625562883e+00,4.415215573813509840e-03
1.982175710822213777e+00,1.439094226424573753e-05,1.514280536942742117e+00,4.340227758831210862e-03
1.476140160897875919e+00,1.488811897229356173e-05,1.749721164328593703e+00,3.544045515942256374e-03
1.289599616372087088e+00,1.027960708791724075e-05,1.875308671315587095e+00,2.658761150726942149e-03
1.175814807552433727e+00,1.225948105399415059e-05,1.544808428063333183e+00,3.054697369282315979e-03
1.761791696384707340e+00,6.012666507987008313e-06,1.837306059542416881e+00,2.401154382106332214e-03
1.021308701282427123e+00,1.441933804952360741e-05,1.581787246159422899e+00,3.051245437618545740e-03
1.298143242776002459e+00,1.404166017053431759e-05,1.479453133660068254e+00,3.510103574486234720e-03
1.471654977107025530e+00,1.210603248854709595e-05,1.297215352385867160e+00,3.705935696443559118e-03
1.163173418600862874e+00,6.300197750852747811e-06,1.440015920410615546e+00,2.255878360736948782e-03
1.695349710536095511e+00,8.125485197971819479e-06,1.119983248235872475e+00,3.507103126568371365e-03
1.309901461616163054e+00,5.663697903859354943e-06,1.213876948505931974e+00,2.472191002395497748e-03
1.643467148047944804e+00,1.166259920780483898e-05,1.275640648755699713e+00,3.876269948615849829e-03
1.528848428180822783e+00,6.698239410873833183e-06,1.784873786136804696e+00,2.395293814648272613e-03
1.057577169285958796e+00,5.926586112327944639e-06,1.071577494327828894e+00,2.418502501914961307e-03
1.382602682002720407e+00,1.407478831673821619e-05,1.807659222386527098e+00,3.281038699020340319e-03
1.483026463777246118e+00,1.086702140980802490e-05,1.345961167627924393e+00,3.460297561130651692e-03
1.868641859010977679e+00,9.203731909499192188e-06,1.928273427444438859e+00,2.986487547528389724e-03
1.375470411663431980e+00,1.323144079931060565e-05,1.409645559762274569e+00,3.593140764526895226e-03
1.721905935403825083e+00,1.324545079848361102e-05,1.635717414830430538e+00,3.734082807313869080e-03
1.169437763781824291e+00,8.789308746513457851e-06,1.527662958107389723e+00,2.593893513551351511e-03
1.563268779600232028e+00,1.061722307676263885e-05,1.045825936890492969e+00,3.983754750015690987e-03
1.486156402095978102e+00,1.047710031967611104e-05,1.088967936611517029e+00,3.781335946077311796e-03
1.215772408776209623e+00,5.336768768234792114e-06,1.669532912274317216e+00,1.971368633184425716e-03
1.382987853082888297e+00,7.470375738396102629e-06,1.204714987100399259e+00,2.928452939853520755e-03
1.240646786302439075e+00,1.003323388295873437e-05,1.548929660405086617e+00,2.834840948833902436e-03
1.613879776673124322e+00,5.266618991906228340e-06,1.351282198305675752e+00,2.508005661383149419e-03
1.641582774577496018e+00,8.843632004354589978e-06,1.328905638412666512e+00,3.305214523753977583e-03
1.465658848100473532e+00,1.405543612342025539e-05,1.669927038091758575e+00,3.512285912022834831e-03
1.839903922839567496e+00,8.373032165940684959e-06,1.531832976149471115e+00,3.171270190484950634e-03
1.505457164167589568e+00,1.190639521713365837e-05,1.220230588481632239e+00,3.832687362555362021e-03
1.090593242455062839e+00,1.042666618770870644e-05,1.916478507504816964e+00,2.435859078275404675e-03
1.264883346605615078e+00,1.085915981426970319e-05,1.406150619340598151e+00,3.125413102287755585e-03
1.130350824625108830e+00,5.677105944214128866e-06,1.496299338294407644e+00,2.070908378942206383e-03
1.274353632865850683e+00,1.393718729194832697e-05,1.260491503094577137e+00,3.753726164915162020e-03
1.281050971338233424e+00,5.138879056807813931e-06,1.075491638161944596e+00,2.474080830546068147e-03
1.650093307743908611e+00,1.414544777551367328e-05,1.203136843945964873e+00,4.404585939047933087e-03
1.293783673004477164e+00,7.019079003492017319e-06,1.638848135520165616e+00,2.353973355376131824e-03
1.542935687106573805e+00,1.070638225849549258e-05,1.002581008591728606e+00,4.059154182564672295e-03
1.083552346756535112e+00,1.393896890856759270e-05,1.647814715723853407e+00,3.027513474539091955e-03
1.927608704124991190e+00,1.168886340446458977e-05,1.229886296317564742e+00,4.280190510798688626e-03
1.692221832257695180e+00,1.498811419868470814e-05,1.146761689781308657e+00,4.702897958150723846e-03
1.696827483354992339e+00,1.261109083870381604e-05,1.038636712943436402e+00,4.539032967198961682e-03
1.143902597000957755e+00,7.136554273547467071e-06,1.108454933188200098e+00,2.713812191691484209e-03
1.434306751617452136e+00,7.167302930928952267e-06,1.396974842770001946e+00,2.712717749713842563e-03
1.569656414607686346e+00,1.354656156804842610e-05,1.182701081367762530e+00,4.240131642247380560e-03
1.756765018474987450e+00,9.519004859230359704e-06,1.602262673489850409e+00,3.230619082623635476e-03
1.021471943457891829e+00,7.537376386123645349e-06,1.583284514484855521e+00,2.205178961974875538e-03
1.567447874466039615e+00,8.950350732694722342e-06,1.197051628400016776e+00,3.423419655289108160e-03
1.378189412663327396e+00,6.442298889491314496e-06,1.122208180355984020e+00,2.812795603382801067e-03
1.436670846424615622e+00,8.020923630193308270e-06,1.709724165392833672e+00,2.596138185506657783e-03
1.048492162207605105e+00,1.342094814588258393e-05,1.865686815858101699e+00,2.746343286520409443e-03
1.327160275697865099e+00,1.081684331629816442e-05,1.643937000176172170e+00,2.955080875874855836e-03
1.902517990270664594e+00,1.047248451604874108e-05,1.658089208406214876e+00,3.466452896198147018e-03
1.460958001045029153e+00,5.797795283166797448e-06,1.919159008375830089e+00,2.100848933021345726e-03
1.031928976454512759e+00,1.245141762322857946e-05,1.211427468975518451e+00,3.256758798576044490e-03
1.119530421988768065e+00,7.465314049982648799e-06,1.284109636946477728e+00,2.551179040691508963e-03
1.671453443620349866e+00,7.134095817746523578e-06,1.591850133433494463e+00,2.736941545973617124e-03
1.520546509105542565e+00,1.008737675669113075e-05,1.672098652562557408e+00,3.028712337495469750e-03
1.702796678333473146e+00,7.418964418170315377e-06,1.662265655142612708e+00,2.756784544779597272e-03
1.306723936937294939e+00,5.904939629280473432e-06,1.321285014012417047e+00,2.416581239588232611e-03
1.555936797089123802e+00,1.367250652420079119e-05,1.524147086623146574e+00,3.735997744646025413e-03
1.113817557858797436e+00,5.239236384143048209e-06,1.378771308552153574e+00,2.057287123429272970e-03
1.002689990769105144e+00,5.791108368276501401e-06,1.427566682442228840e+00,2.016814634485138494e-03
1.486192551820839869e+00,6.039385841007615599e-06,1.115156467830293208e+00,2.837043694932586766e-03
1.476567084201010793e+00,1.256682504962274225e-05,1.009522460571721014e+00,4.287275409894797037e-03
1.270994901092434626e+00,1.237066485197902489e-05,1.207706818267874294e+00,3.608175602406230292e-03
1.918437352321970435e+00,9.777696745973702433e-06,1.707774444547548898e+00,3.314185686961948572e-03
1.060827301154052993e+00,9.008929138779968982e-06,1.004259503189312674e+00,3.084863517430971955e-03
1.251477098020257195e+00,1.297907573673122325e-05,1.253056026368377873e+00,3.600377937928544818e-03
1.188283471926924406e+00,6.017554884180860192e-06,1.832065938745818245e+00,1.975602231309837517e-03
1.788647773445777744e+00,7.248959035605937005e-06,1.547716232981548590e+00,2.894373458687070095e-03
1.809703434849379011e+00,1.031108680279749553e-05,1.161826432434303280e+00,4.007608604864399196e-03
1.756821022666345655e+00,6.976536617807548703e-06,1.834423395551208369e+00,2.584841445612599820e-03
1.832698255307394053e+00,1.094114977989769864e-05,1.017554403998107482e+00,4.439132884857394969e-03
1.348298073440630462e+00,1.449145507451982958e-05,1.452673973682187647e+00,3.667455699264186506e-03
1.116369357123722761e+00,1.404760339771412111e-05,1.188197865690336474e+00,3.632960603525904348e-03
1.659814912405239262e+00,7.318253694117679811e-06,1.534939932006855301e+00,2.813117478522341505e-03
1.582665110142445375e+00,9.253672967283320557e-06,1.947196919980212604e+00,2.742500091921835741e-03
1.071007485970680406e+00,1.302558715998367711e-05,1.552313280430246190e+00,2.997817712944598600e-03
1.109640293696581015e+00,8.145534603725340184e-06,1.873399931820103337e+00,2.196522497242241970e-03
1.821393682782674661e+00,1.323200971999890585e-05,1.524001600714868676e+00,3.976693386364750851e-03
1.634512493594675986e+00,1.249093480577358340e-05,1.399952325238538187e+00,3.818870838600925063e-03
1.211539275175255836e+00,1.166040967072225559e-05,1.517977736465923044e+00,3.050653991102439660e-03
1.944525376014373919e+00,1.259179527168953456e-05,1.843792000238285933e+00,3.644136795023287297e-03
1.040293614466489602e+00,1.494197577073625314e-05,1.556540271222821126e+00,3.160107085068281085e-03
1.312126396358773928e+00,1.455461258943125516e-05,1.426508261665577981e+00,3.658904005768563727e-03
1.423463709420092815e+00,5.578721496652458993e-06,1.976162969995772123e+00,2.004606626559347730e-03
1.079758567124140090e+00,5.860242462530938358e-06,1.381745113398292535e+00,2.139967378640957995e-03
1.538815207244311090e+00,5.301713573896904126e-06,1.852102514696107427e+00,2.098789363994543918e-03
1.924200291056162637e+00,9.531888614622156445e-06,1.177724591511238206e+00,3.946324063061528407e-03
1.064462333272663264e+00,1.254696077694705686e-05,1.598142605423576557e+00,2.890857300879405740e-03
1.910303573213495199e+00,9.827212877870290491e-06,1.935708227767997114e+00,3.114199480597563269e-03
1.312217813090185814e+00,5.621529235073790702e-06,1.751625941777451345e+00,2.052151961161206503e-03
1.895482287550075196e+00,1.221116244613382402e-05,1.195008964720633449e+00,4.401014383833562991e-03
1.323180266446037034e+00,6.915067492274798136e-06,1.720461137157709874e+00,2.306137966830467453e-03
1.226830887959160066e+00,1.472010304072913519e-05,1.265831638730614994e+00,3.777111476735263776e-03
1.162751475964167058e+00,1.007306881865649916e-05,1.560607786290841847e+00,2.739538862069726497e-03
1.315800550676167191e+00,1.372795864228539188e-05,1.913720288012938919e+00,3.072265772303730321e-03
1.873095595587757956e+00,1.395087211656284215e-05,1.744629054465741902e+00,3.870161602269437881e-03
1.837859100433092419e+00,6.756217200791092700e-06,1.512142499742770152e+00,2.865573472888359279e-03
1.652719048131753521e+00,6.841013239264416238e-06,1.063905762416804901e+00,3.259929072988438162e-03
1.690043914031542416e+00,6.807844343802050294e-06,1.304198099698524294e+00,2.970174887629335823e-03
1.558352681035119591e+00,7.052120104158255269e-06,1.008281600954550328e+00,3.301427808998048680e-03
1.055240119540573840e+00,9.012024309581414692e-06,1.314113165145000206e+00,2.690112493184737552e-03
1.199001978685230174e+00,7.727909407798988476e-06,1.826759966704899263e+00,2.252165069053750114e-03
1.441050432231228307e+00,7.188598894173488117e-06,1.496271355649397172e+00,2.631216203228873857e-03
1.223390592214945505e+00,1.250014391297471641e-05,1.657683691045224839e+00,3.037310855870178645e-03
1.314272781276226487e+00,1.243879087696298812e-05,1.910260525456067615e+00,2.925401902035237086e-03
1.431112327594663114e+00,1.193603951058365156e-05,1.595668386864838251e+00,3.271867175462889795e-03
1.020458918810963400e+00,1.079347029168862846e-05,1.983415850766111266e+00,2.356521591486095222e-03
1.053142945914751216e+00,6.069810988651525400e-06,1.255072421675456074e+00,2.256819636704388184e-03
1.455843896398052673e+00,8.881767018141179036e-06,1.934399887816681041e+00,2.585437027242244376e-03
1.698094177247155390e+00,1.392603902545416186e-05,1.363034255748693413e+00,4.165252224620619344e-03
1.630649895108669645e+00,1.302785530611990058e-05,1.472782149101917515e+00,3.797935377056736207e-03
1.440979808624145431e+00,9.319099628952423522e-06,1.358633603031982773e+00,3.143871228139108638e-03
1.917161513467464218e+00,1.266132196995083237e-05,1.097779639196285295e+00,4.702310379265814411e-03
1.577579657697134596e+00,1.322407374388361322e-05,1.784200743655740107e+00,3.419451292874503296e-03
1.589221852791629086e+00,1.390292815360609979e-05,1.777839304420870681e+00,3.525324925840601052e-03
1.276888233552242902e+00,5.808700356298367344e-06,1.692381193003941853e+00,2.093470445671426899e-03
1.344027594623957489e+00,8.271254788860944414e-06,1.450097158676905806e+00,2.768797801677977399e-03
1.465645439802630179e+00,8.931849800971091081e-06,1.072360873519980995e+00,3.493933914274487129e-03
1.209684249728582017e+00,1.233492258548568480e-05,1.990086599812920465e+00,2.738219377154832174e-03
1.891652488780532160e+00,1.415885259983288980e-05,1.171965870643023599e+00,4.780542968390380509e-03
1.559857572851229168e+00,1.371014462155988137e-05,1.285682998864868587e+00,4.078463127448540490e-03
1.983953845024272855e+00,6.186866874953415112e-06,1.770776538505194786e+00,2.632808601933063226e-03
1.053954677366258696e+00,1.110169694034890840e-05,1.225436048754417584e+00,3.090013135758789588e-03
1.933086985290516147e+00,6.946380802754691664e-06,1.212115550449351709e+00,3.328380591580147423e-03
1.709098036498386541e+00,1.445789651123116529e-05,1.155055730083357490e+00,4.625243207603317586e-03
1.241128163529416240e+00,1.434194216706550278e-05,1.658701013155234438e+00,3.275881955561251238e-03
1.326677121527022329e+00,1.308327017389217966e-05,1.835352085779109022e+00,3.075254622452572046e-03
1.916446254184275721e+00,9.616016574310480889e-06,1.322803121033446327e+00,3.732487124243232934e-03
1.662030497773278270e+00,1.401197359067918487e-05,1.881669225592646821e+00,3.518013553805973258e-03
1.136063261968586202e+00,6.583548753171808646e-06,1.938327786248820406e+00,1.964344590323704228e-03
1.718209724668336769e+00,9.441507420572014441e-06,1.297247596783223988e+00,3.536285484348894882e-03
1.664603565366650884e+00,8.438995389128904132e-06,1.016674113275369606e+00,3.717148420756532026e-03
1.481941276567187771e+00,9.711670627844454560e-06,1.544019622114060741e+00,3.053065081181637573e-03
1.871650694174303631e+00,1.458572531623549199e-05,1.341088605504161091e+00,4.511777548796752635e-03
1.890530440794671474e+00,1.141732699660703721e-05,1.428749343347052392e+00,3.886834377329532672e-03
1.332588138877616402e+00,9.295979763632886909e-06,1.470925124506266446e+00,2.902019146621322328e-03
1.327191224180537921e+00,9.121022433622481081e-06,1.875510727140014655e+00,2.540555790120393054e-03
1.054507518670591892e+00,1.220732104889106183e-05,1.108453408742423596e+00,3.407817289248409130e-03
1.895878767291746092e+00,1.431907278330644709e-05,1.999722454765748392e+00,3.684494122105024839e-03
1.858274240979175485e+00,1.098125764344401974e-05,1.934861642683645133e+00,3.247551047906955309e-03
1.941327296061443386e+00,7.805039042750485360e-06,1.929152266875413968e+00,2.802551917076454187e-03
1.975556086793836652e+00,1.188827278057004566e-05,1.514977901713768560e+00,3.937321821155572062e-03
1.288713622259798797e+00,1.254086248970170692e-05,1.156854773066375852e+00,3.737683222739164677e-03
1.238712692323034492e+00,1.054823554229773763e-05,1.922825079059068187e+00,2.606785606434046127e-03
1.835537861107695345e+00,1.420269217103538317e-05,1.751666147574910681e+00,3.857814509385862692e-03
1.197261168789623742e+00,1.331262956360400819e-05,1.784126702170597101e+00,2.988914732763860074e-03
1.709551556453569487e+00,1.069618003321079608e-05,1.938684560241855870e+00,3.071156004073444506e-03
1.648028038687537000e+00,7.995259370857189850e-06,1.902267973057614192e+00,2.631859667121142898e-03
1.327124496232420681e+00,7.978103848072760435e-06,1.550266281761182974e+00,2.613379768384167801e-03
1.668890519873968747e+00,7.354289125694480071e-06,1.488321468370802814e+00,2.871679054422610327e-03
1.597242875217093072e+00,1.192122570699373754e-05,1.276071619881121944e+00,3.862855033608664137e-03
1.831255319433906514e+00,1.299134172321856782e-05,1.484250668558142028e+00,4.003573687507039000e-03
1.888959662271797457e+00,6.932964280955903328e-06,1.367308055157079982e+00,3.094835979123234954e-03
1.212901705233250915e+00,8.950481301297911587e-06,1.814306521664923455e+00,2.446136383296516285e-03
1.885787292337652854e+00,1.474704411883391808e-05,1.682829807743928763e+00,4.065170301949099299e-03
1.688470862969681408e+00,6.290537478816693031e-06,1.405771733448357708e+00,2.748737447983107870e-03
1.704289988167003278e+00,1.054355351353074616e-05,1.997750874511825980e+00,2.999125123906288062e-03
1.370747764466427210e+00,8.409584454165248992e-06,1.436015111957678059e+00,2.833260690979738476e-03
1.506699619370081678e+00,1.411659566913725061e-05,1.281778415768906054e+00,4.073538732639184375e-03
1.280647943555051071e+00,5.475942737414645365e-06,1.709533944156057306e+00,2.025375083879895916e-03
1.644664124562933427e+00,5.529064091632068270e-06,1.497179517401487026e+00,2.464492399846358265e-03
1.683522048476102873e+00,1.211782511216256413e-05,1.452881408004561781e+00,3.747198170066136282e-03
1.132352497941524705e+00,7.994103559351584882e-06,1.167413286027152441e+00,2.784603665247352075e-03
1.433256310581627613e+00,1.395244163358815359e-05,1.707186752774878080e+00,3.422524159441127541e-03
1.280778709132185389e+00,1.171927831791043313e-05,1.425555116967429647e+00,3.244856364554923531e-03
1.452946078129456309e+00,1.202705261956177404e-05,1.482562570601372087e+00,3.433189995257127699e-03
1.250357051873981717e+00,9.835617364058271841e-06,1.288896036115790178e+00,3.088935873252581042e-03
1.362391099208819512e+00,7.070010432913425728e-06,1.329545983860194180e+00,2.691592099682635006e-03
1.124993032870835297e+00,7.748844317738578814e-06,1.665359285131179590e+00,2.287912509162554585e-03
1.907288406607677178e+00,5.615161868577937564e-06,1.140354237458980791e+00,3.064569212471192610e-03
1.453625010529555173e+00,1.079049528251095727e-05,1.479673082414076024e+00,3.255847060625538959e-03
1.849153268605510769e+00,9.181048263693708243e-06,1.656234661299724298e+00,3.201633793750314778e-03
1.633970590752440666e+00,5.465891811876088389e-06,1.965101382057356627e+00,2.131867225121375931e-03
1.168474940007440566e+00,1.153225246708900045e-05,1.208484861581488268e+00,3.339228703228731398e-03
1.934912402952591481e+00,8.111617758135658909e-06,1.249939240376061411e+00,3.543561232011125783e-03
1.876960861420559290e+00,1.397546009153121971e-05,1.247589411221606603e+00,4.585374648493741913e-03
1.224648543564124115e+00,1.046810688272956045e-05,1.845709930771240348e+00,2.635470048011335359e-03
1.260196679779511442e+00,7.260466944874300349e-06,1.827840073326265413e+00,2.237341840955261486e-03
1.688228933203891335e+00,8.660116071699049364e-06,1.243482722945024266e+00,3.428922332936608017e-03
1.882350347574810012e+00,1.257675704298599742e-05,1.898998698887313985e+00,3.530792792239571300e-03
1.688494021046000215e+00,1.255169193685873387e-05,1.175801292711984303e+00,4.245549733557467745e-03
1.180232532863570327e+00,7.387554205708859011e-06,1.078771979166496031e+00,2.842950529103416800e-03
1.200765368324850257e+00,6.626011439383803602e-06,1.990108903743850410e+00,1.999478534868952360e-03
1.161458376616820720e+00,6.745281337132690239e-06,1.195992129050753139e+00,2.559397247971180629e-03
1.737043443158984957e+00,9.335044544496405561e-06,1.929185113813656205e+00,2.899189388204727845e-03
1.449160262661139509e+00,5.235028806611197325e-06,1.048472314654075088e+00,2.689919372432169990e-03
1.106670307561765654e+00,5.745631294101005193e-06,1.699324843652300521e+00,1.934371131398541837e-03
1.676119172126492751e+00,7.753129740513535991e-06,1.447058747817703273e+00,2.996731901450889503e-03
1.158046745065488548e+00,6.181654800113203389e-06,1.841203156488922632e+00,1.971807727891343020e-03
1.777169758747638495e+00,9.206976159990919834e-06,1.121211330547830176e+00,3.820139546078952630e-03
1.671712430470472910e+00,1.192222199957311333e-05,1.774245270594096979e+00,3.351602918904901356e-03
1.195633144536535575e+00,6.215789517604571291e-06,1.553224720357647248e+00,2.187408904808476901e-03
1.521517330566352966e+00,1.295047108147726956e-05,1.147519644347128276e+00,4.143822750805987824e-03
1.123776220649633562e+00,1.183507084778726991e-05,1.771313402463029707e+00,2.740170873700251142e-03
1.802526716703602760e+00,1.316845959952823842e-05,1.403875420555671161e+00,4.111914331492732069e-03
1.906517974524169157e+00,9.686741485626772588e-06,1.031514705638727492e+00,4.231278341658297783e-03
1.059762652146318818e+00,6.190381394927496110e-06,1.926040362844436471e+00,1.845569126816069177e-03
1.209167885819981691e+00,1.263726992861605075e-05,1.182761562249134979e+00,3.594358009267657576e-03
1.337279740093720193e+00,5.295985534630606742e-06,1.857145830137358011e+00,1.952816895441107561e-03
1.321064207981666572e+00,8.343160217307717764e-06,1.850315157572627767e+00,2.440643804313281928e-03
1.926675676328480025e+00,8.169134096198100119e-06,1.847456894490328017e+00,2.918805546011510755e-03
1.427464133033343074e+00,1.441781049527122662e-05,1.554304805431312442e+00,3.638850087792815016e-03
1.941251346268662470e+00,8.160932235289353458e-06,1.454695855254310999e+00,3.300081534816408889e-03
1.398600359386271474e+00,1.186669329207006069e-05,1.559767618861750638e+00,3.261983249436780242e-03
1.576554009603940321e+00,1.161930957310038502e-05,1.372283419266012494e+00,3.653614146008930114e-03
1.403940365266564738e+00,5.207688649008143306e-06,1.286122049432795844e+00,2.384271700601148149e-03
1.265856902613664570e+00,6.237539774550286457e-06,1.126408597558950397e+00,2.647591588942307169e-03
1.455282643904544315e+00,7.054360559968052285e-06,1.986935027132845200e+00,2.273058791567310940e-03
1.121636053996184046e+00,5.492365866825604475e-06,1.708989592640923760e+00,1.898611037016327639e-03
1.767626904616589556e+00,5.501751522598117602e-06,1.319028709023388313e+00,2.715305277265588849e-03
1.920160497100341424e+00,1.330879326742335277e-05,1.115941584053978808e+00,4.785390402822299431e-03
1.306228603087194795e+00,8.018205443651040638e-06,1.278135640047890709e+00,2.862593705722109305e-03
1.063536185882841156e+00,7.778473825989732973e-06,1.594905859510872492e+00,2.277486472180198160e-03
1.390958152290028504e+00,6.337358431513915394e-06,1.382905016027727418e+00,2.524730296675437892e-03
1.723023049020840247e+00,6.982091565539923610e-06,1.633891202626185812e+00,2.713480758673814629e-03
1.937161270588516171e+00,8.920745800333453263e-06,1.737678896936932116e+00,3.153542639095889555e-03
1.115426519321105037e+00,7.655738504295717990e-06,1.377593404089196394e+00,2.489737157716151016e-03
1.314344972451401583e+00,1.464744976241228442e-05,1.269018609668374209e+00,3.894948298653271457e-03
1.096701441535082644e+00,5.575555377140605614e-06,1.862684149948428125e+00,1.811835081742732513e-03
1.756695647238562419e+00,1.274133429923629540e-05,1.675651827263405114e+00,3.654801762500417897e-03
1.118217917987976762e+00,8.418895765577572891e-06,1.621979803952996235e+00,2.409173450997019808e-03
1.464562979467001647e+00,1.286706309470564215e-05,1.363812347330078278e+00,3.717204312224015733e-03
1.224679925153536741e+00,7.891957530644231120e-06,1.795225015603509666e+00,2.320300446429334005e-03
1.660893090851248477e+00,1.170104415703404253e-05,1.879345490715029765e+00,3.215731910334394122e-03
1.835074929987752235e+00,1.088170138185863832e-05,1.040918944656553879e+00,4.379926741277623617e-03
1.351483447288629236e+00,1.353364655292968536e-05,1.769450047040411533e+00,3.215093646563534514e-03
1.160291174242587431e+00,1.232678899303079438e-05,1.401018437855210852e+00,3.195115410970561943e-03
1.445517083300393413e+00,9.900744921753930187e-06,1.343215955318952659e+00,3.264168949171760304e-03
1.259679963564704241e+00,6.446773069654665285e-06,1.202776836157893214e+00,2.598416554740062574e-03
1.757401996255437915e+00,1.285521522543795397e-05,1.944864779133584243e+00,3.408242816425409612e-03
1.561470221300344630e+00,1.222556902726222518e-05,1.802846304004751321e+00,3.254033669099998423e-03
1.640932922608014488e+00,5.105772108901539871e-06,1.781685180905865362e+00,2.168506077534365379e-03
1.170988993122949129e+00,1.092650744871208560e-05,1.913279257178869042e+00,2.585996352309593085e-03
1.065401269703104337e+00,1.494319446924536308e-05,1.715414090842712680e+00,3.046448512656823454e-03
1.457481221646428127e+00,5.597955708820670181e-06,1.632865694915424770e+00,2.235326570720877828e-03
1.211705501549195763e+00,1.148766057249096725e-05,1.840279527102668178e+00,2.750251688575191655e-03
1.577727668607322054e+00,6.201730165629391540e-06,1.962453695261542563e+00,2.232917847416098726e-03
1.167585314191376344e+00,9.604121209306245021e-06,1.004515115739139652e+00,3.341141663413245075e-03
1.325787161868898334e+00,5.058371700324540645e-06,1.846369176972040727e+00,1.905824929123242726e-03
1.824549047708509342e+00,1.074345192252920290e-05,1.221338652764009769e+00,4.006190924102436685e-03
1.890911377599488574e+00,1.481402934162774076e-05,1.539087061500346909e+00,4.266193936646234253e-03
1.018771284760883411e+00,6.694500595860036345e-06,1.952747258816093234e+00,1.868849899568842277e-03
1.458989528530453939e+00,1.271952160201320032e-05,1.346920039192391894e+00,3.711851293371693210e-03
1.507469341827859299e+00,1.352500373936253879e-05,1.123020987186233555e+00,4.260877072794386558e-03
1.350795980604104107e+00,1.492561331346222185e-05,1.586638324361911767e+00,3.564691927919959660e-03
1.084288520601070616e+00,1.051528864713521265e-05,1.387324561869582418e+00,2.866777529049804873e-03
1.253621721292004665e+00,7.320418419265113097e-06,1.753918716028432634e+00,2.287422957531339701e-03
1.926786472615188650e+00,1.389469384049195062e-05,1.267945145862298784e+00,4.595058581866566169e-03
1.454531229702373807e+00,9.363925790133632995e-06,1.367699177176515235e+00,3.155696396566552535e-03
1.662376666923750967e+00,1.324218354092718009e-05,1.257716893013563819e+00,4.183628103341979938e-03
1.879680271140435455e+00,1.225667299243316351e-05,1.143322377084796670e+00,4.488941435206134783e-03
1.874855757309368487e+00,1.161557186053391219e-05,1.809744149292985549e+00,3.468930810470588488e-03
1.034265241114932898e+00,8.888454775458355425e-06,1.024276014518149314e+00,2.995853669936769832e-03
1.923555957526314142e+00,1.349860321483626105e-05,1.813687789587645538e+00,3.783690143100152097e-03
1.997054403462963368e+00,5.902650238558981131e-06,1.467626155017204503e+00,2.834071165731626412e-03
1.849804356759926716e+00,1.490479619680182952e-05,1.772051877135765841e+00,3.944461342229323673e-03
1.857753777874255441e+00,9.105388809935956640e-06,1.694957897727062068e+00,3.159103588048923703e-03
1.116180979343022184e+00,1.290764095111346672e-05,1.175093390673283000e+00,3.501503421665539718e-03
1.060763742316909397e+00,1.021426911132887415e-05,1.753448003759736196e+00,2.485802012869261710e-03
1.984179134191228933e+00,1.456134638676394256e-05,1.429730659550796146e+00,4.495355999880750603e-03
1.594816183691728728e+00,7.307729697422216255e-06,1.265432433502490905e+00,3.034779025785200399e-03
1.718468830925755864e+00,5.795875801788933744e-06,1.445890374564353209e+00,2.624597323961907862e-03
1.955516313894790414e+00,1.014958042371731241e-05,1.716643660222847423e+00,3.400280065227628736e-03
1.574113295067747664e+00,1.130950157044057092e-05,1.809962868093518917e+00,3.136208254014049950e-03
1.777177637001386090e+00,1.301496505873055829e-05,1.021556987198798172e+00,4.758341677662342173e-03
1.690616962295272918e+00,1.112098332008172552e-05,1.005979378156175885e+00,4.323143650816409223e-03
1.490758403785096053e+00,1.015747406970839357e-05,1.646513913483033331e+00,3.032590651174609832e-03
1.118308070931731901e+00,1.055891755757003357e-05,1.780788192914051216e+00,2.575041871954189977e-03
1.581527053423056550e+00,1.246575577460529823e-05,1.593032886590530994e+00,3.517914247838418215e-03
1.133477752133567051e+00,9.770209249642193333e-06,1.161031804326087880e+00,3.088420129376343547e-03
1.020752817053774297e+00,1.036764683778935596e-05,1.638981831816268553e+00,2.541050647541502183e-03
1.112696340119907479e+00,5.431907239613056331e-06,1.821042460295931864e+00,1.821815808092757056e-03
1.921865454380168092e+00,1.103993795576351772e-05,1.751062308350717966e+00,3.480919713907776498e-03
1.364968497266106473e+00,9.723143278571991818e-06,1.018703707256376489e+00,3.609447368828696320e-03
1.720007449252972442e+00,6.326306913280111976e-06,1.391863226446562241e+00,2.796031193310539054e-03
1.911963107876922807e+00,1.255843929961284300e-05,1.487574356574086432e+00,4.017614361921838066e-03
1.025365481233690090e+00,1.213511952425619799e-05,1.724014791100838107e+00,2.686524972029529380e-03
1.686353395845280767e+00,9.478209801566876404e-06,1.244277138105634783e+00,3.584089893350747482e-03
1.837825316931784858e+00,1.163775318533249992e-05,1.915490431707139951e+00,3.341540218750641347e-03
1.565855136958998139e+00,5.251343166674905802e-06,1.191501841199718470e+00,2.627021527127783914e-03
1.236041670004221604e+00,1.216164667423790896e-05,1.499380674396287860e+00,3.166334497166569881e-03
1.732744959427616749e+00,1.289935554293884326e-05,1.346596741743087300e+00,4.074108108895337955e-03
1.460972149937028730e+00,8.536673379704406189e-06,1.676890732748418156e+00,2.727174446470597650e-03
1.320621482076266506e+00,1.387871165295372449e-05,1.637028261330400580e+00,3.346074965396582650e-03
1.547528010000887022e+00,9.191485960085413851e-06,1.355162095866341954e+00,3.239787312798539723e-03
1.921525337824756541e+00,1.160117345637303018e-05,1.506004196792884997e+00,3.847343180817868521e-03
1.735001049899831616e+00,1.438006665000625165e-05,1.765706995577412730e+00,3.758988539407085838e-03
1.840817791314004470e+00,1.124118221496829599e-05,1.914502506784679925e+00,3.287633716151709858e-03
1.989905778111622947e+00,9.771620958746524621e-06,1.407081362575675065e+00,3.717405673198626633e-03
1.052744083315158452e+00,1.088318961916203399e-05,1.192481507089030668e+00,3.099657268773045940e-03
1.380858089659364518e+00,1.273928440177992232e-05,1.616565203242255944e+00,3.298757781908889450e-03
1.972438185189277604e+00,1.039207875229296244e-05,1.783813677005073428e+00,3.389831965419152007e-03
1.658890625942016861e+00,8.348413523045091386e-06,1.188017673752377323e+00,3.414282107800864843e-03
1.114910181787158283e+00,1.152745353489127302e-05,1.267805649115599120e+00,3.183906383558528490e-03
1.857673701441404868e+00,1.061712475881052136e-05,1.327058268558098497e+00,3.855166865759313780e-03
1.645815987507890821e+00,5.952932077309473228e-06,1.657622720053966603e+00,2.431158404617588236e-03
1.124715437203397617e+00,1.167459389609327769e-05,1.837345715882138020e+00,2.673294339024104033e-03
1.338128660646935586e+00,5.138782086375740703e-06,1.932016220211715485e+00,1.886573166559718821e-03
1.878713188280291879e+00,5.833359199710172577e-06,1.972584287378001289e+00,2.357066400777074831e-03
1.961689689455830887e+00,7.694626105778745284e-06,1.453112234779890599e+00,3.222992803742302792e-03
1.771719968720319116e+00,1.200633806581435616e-05,1.441179656016659871e+00,3.841879706023614872e-03
1.495708853766658741e+00,1.420348608628964056e-05,1.605838414036337092e+00,3.637224317274458541e-03
1.654357972930914578e+00,9.926453555734822187e-06,1.046411420254028002e+00,3.961508266212355849e-03
1.200081169156426153e+00,8.066698166762492820e-06,1.555073856412191979e+00,2.495041100389054634e-03
1.931896062754821397e+00,5.597195815383268140e-06,1.575816940762587492e+00,2.619535247687560225e-03
1.051062931237249476e+00,1.125025025298139868e-05,1.229686394636916758e+00,3.100975017355938473e-03
1.882146064348142911e+00,1.444485364996283026e-05,1.870682491550180515e+00,3.812265986072132379e-03
1.581121305650205366e+00,5.115782229556039880e-06,1.632505174690022098e+00,2.225929148717531534e-03
1.461501002403503335e+00,1.445184987959602453e-05,1.168416482985295879e+00,4.251698325882731326e-03
1.249501907955362867e+00,1.145852291662512236e-05,1.481358851191747261e+00,3.108870574259623917e-03
1.565006264673885816e+00,1.202485062468680257e-05,1.031853322344697954e+00,4.270600060197096703e-03
1.319460321400235170e+00,7.595257945158482573e-06,1.613640628417948530e+00,2.492103190383139662e-03
1.151419240523125609e+00,6.555183823377505449e-06,1.286240806699429307e+00,2.422412153724603882e-03
1.378278267583154415e+00,6.577864100229693264e-06,1.011793750537286263e+00,2.993401046720322190e-03
1.864416769237879246e+00,1.040349683990178227e-05,1.433859090276842441e+00,3.677967887244393708e-03
1.854844648526805528e+00,8.199624790439929170e-06,1.084209577047360318e+00,3.745364941925970973e-03
1.703721753684003470e+00,1.228162674441313597e-05,1.944454738243690972e+00,3.280411776784785370e-03
1.433160012682380469e+00,1.360403361174099518e-05,1.392284004259496832e+00,3.742116228976460814e-03
1.278977439780839553e+00,8.941240454967119817e-06,1.670607036138352264e+00,2.616333946045117879e-03
1.031664531702977339e+00,9.662436805214750395e-06,1.232547641027376129e+00,2.843876456008647465e-03
1.521834858518489764e+00,1.387008540588713644e-05,1.049089209898181219e+00,4.485564658680654335e-03
1.595142862582144438e+00,7.548048576869367099e-06,1.787368705289248849e+00,2.595434426278003109e-03
1.355886063634066829e+00,1.460714088164440471e-05,1.797016505837433886e+00,3.319847804580080414e-03
1.075838593054895043e+00,6.429661527934932439e-06,1.024822133054992479e+00,2.598025247593208856e-03
1.076732312180308737e+00,9.008742131101874639e-06,1.187397487593399470e+00,2.858168892180891572e-03
1.005936288817186330e+00,5.688979220201529977e-06,1.405784245569133839e+00,2.017637194994269072e-03
1.811523106405023009e+00,7.910374357421407092e-06,1.483935805167901911e+00,3.107512616158527186e-03
1.946309145794479001e+00,6.966790377504788518e-06,1.159569731855875752e+00,3.419588501901567931e-03
1.483803897820310969e+00,8.136665742528047102e-06,1.240944663931180969e+00,3.119142983336570685e-03
1.477691723008477620e+00,8.282469133554374224e-06,1.211190665235552189e+00,3.178817358397749426e-03
1.438426175584012423e+00,1.047693359073944419e-05,1.889989691798949600e+00,2.823782006640442478e-03
1.626110113199581431e+00,1.188018270436681284e-05,1.332163197637461050e+00,3.808095397076755213e-03
1.941290082895343883e+00,1.039438965976276823e-05,1.038757707089404736e+00,4.407451938074412150e-03
1.347922591758905719e+00,7.729484210157001333e-06,1.309182597701432860e+00,2.821029459431065745e-03
1.546432068454506314e+00,1.456305159149940618e-05,1.500839782930147415e+00,3.873686330307958385e-03
1.382921416099274214e+00,1.189967060826141541e-05,1.240828866497963201e+00,3.641751241410260201e-03
1.737184467558281042e+00,1.174973860590014074e-05,1.538544955093592126e+00,3.642352519960980698e-03
1.194368216690159912e+00,5.019052472277246914e-06,1.666391109890338562e+00,1.896668873430454923e-03
1.176553030465010918e+00,9.024884216700696258e-06,1.240843178667676572e+00,2.925284594702910398e-03
1.322752736706767740e+00,7.816511306945097946e-06,1.844727998878877173e+00,2.367443618228467009e-03
1.852592892645192890e+00,1.098664372126374877e-05,1.830507549905590725e+00,3.334546324942845932e-03
1.732734621039877076e+00,7.118881923770898560e-06,1.752447286801152915e+00,2.653074464520414379e-03
1.015380485331777383e+00,1.078108583922605105e-05,1.503882532047403853e+00,2.697979843180693324e-03
1.059755865737061153e+00,5.977824496576275153e-06,1.030150290936003632e+00,2.479843077988974458e-03
1.399007933022231365e+00,1.392884205839297696e-05,1.556109550761580529e+00,3.538730680628545625e-03
1.409595380551031507e+00,6.387469361652037882e-06,1.866305387660899040e+00,2.196444803838718332e-03
1.737443037847805627e+00,9.232182928224494438e-06,1.094945160362699621e+00,3.827465669097138753e-03
1.738987636380520119e+00,1.471525891379628031e-05,1.640670149178556025e+00,3.949313073263662800e-03
1.574739332009769566e+00,5.184411578668548852e-06,1.250378830073471281e+00,2.555249237403373758e-03
1.198647741692623558e+00,1.075200275329835027e-05,1.167832831709865626e+00,3.322003830778447360e-03
1.663113761759732689e+00,1.415704237018481444e-05,1.697489578741682159e+00,3.724291674410729752e-03
1.037479272728987656e+00,9.433873083371634312e-06,1.259083562297970360e+00,2.788094258125704914e-03
1.020408573706148125e+00,1.421669607219776602e-05,1.929707408861054851e+00,2.741830839068264743e-03
1.424973429582170104e+00,1.454131042174941369e-05,1.648792973883421276e+00,3.545047772342259113e-03
1.036582213651689566e+00,5.844119108949373106e-06,1.813154179176029945e+00,1.827864667410471948e-03
1.447943849126751559e+00,1.110612964219816930e-05,1.162060963495335830e+00,3.719998573375989884e-03
1.654283424462009044e+00,9.637129282078843250e-06,1.958177768500815485e+00,2.853334869929859390e-03
1.428445002754410442e+00,8.857743319874898671e-06,1.684444179679092546e+00,2.740722062281905885e-03
1.198049196285860152e+00,1.128757549656419021e-05,1.523870250592488151e+00,2.978953092637292698e-03
1.202151593662142526e+00,9.504639649958025350e-06,1.609365596078967897e+00,2.664526781635351456e-03
1.353464062135729229e+00,1.435300892217384464e-05,1.148730266322512072e+00,4.112309658986263751e-03
1.963240596061464949e+00,1.150346597462063256e-05,1.419260965423989163e+00,3.989054684057015583e-03
1.558149059179500417e+00,5.869064988229045228e-06,1.782620717567982460e+00,2.264954517345394401e-03
1.538942842323949289e+00,8.101520370656403364e-06,1.886721238909823350e+00,2.570636324234012744e-03
1.878822209565329082e+00,1.443474997463185043e-05,1.098608880377248465e+00,4.968507193910318837e-03
1.573141884866682494e+00,7.249142263452218473e-06,1.708508586716917854e+00,2.583560735730728447e-03
1.007466723104975648e+00,5.943576915722573685e-06,1.197785863374249971e+00,2.235886260273881303e-03
1.657987834701944330e+00,6.733248922242567768e-06,1.629210287558327197e+00,2.617667211150591540e-03
1.102194632021459064e+00,7.509483067431151141e-06,1.783090357481893706e+00,2.154504925292426241e-03
1.067154635024652354e+00,5.759361531561686790e-06,1.402831272411917407e+00,2.093139284784503208e-03
1.373341904059429464e+00,7.110689562187872325e-06,1.022667664599126613e+00,3.090138414973395576e-03
1.596898562578384695e+00,1.346822696385513031e-05,1.830017067872423020e+00,3.428201243192344812e-03
1.011066152507519522e+00,9.716331730682626553e-06,1.322710155540194554e+00,2.725264184914514502e-03
1.836596169515361865e+00,5.798285277168366316e-06,1.874475884466300313e+00,2.383508460417914192e-03
1.054135806038817069e+00,1.188104126224382204e-05,1.845185566094312168e+00,2.605286628039312890e-03
1.961150437848679928e+00,1.395663798003501512e-05,1.158750620673625331e+00,4.860163409862400773e-03
1.558776345332059776e+00,6.619124674884042578e-06,1.553806480844847737e+00,2.576877181153163204e-03
1.915864882983243866e+00,1.074850433571652278e-05,1.280769902454373499e+00,4.009783273357786330e-03
1.597596997899380256e+00,1.264117872461900034e-05,1.682747255544167153e+00,3.464319657970739083e-03
1.919752602487602378e+00,1.371842214393784439e-05,1.415925083038808596e+00,4.312752903921454606e-03
1.701215615495299982e+00,1.494346947633461441e-05,1.907898339085935646e+00,3.650293504911297868e-03
1.345143380608272432e+00,6.627077215658764287e-06,1.179840372850147423e+00,2.748740100277271680e-03
1.613938532673875992e+00,5.562865909889984749e-06,1.399856685761987851e+00,2.532509033202529763e-03
1.517555831467705563e+00,1.223406807278547452e-05,1.960313150248526259e+00,3.077478720518803720e-03
1.738757051856029356e+00,1.101833419479151690e-05,1.462555501598762575e+00,3.619272180522600541e-03
1.499813063480010644e+00,1.189566920934013444e-05,1.076122105320052924e+00,4.071760539454036786e-03
1.683854542892368800e+00,1.458150224270514936e-05,1.401843751293061491e+00,4.185078571206944653e-03
1.694907244911011190e+00,1.480726882090294184e-05,1.232893747364005588e+00,4.511776974044688984e-03
1.467986302632829698e+00,1.114610528890990271e-05,1.448716783118729978e+00,3.360708361920415957e-03
1.227017071837309459e+00,1.250627974537363186e-05,1.144586416491183645e+00,3.661550921584223392e-03
1.532006515917613942e+00,9.339164620667063295e-06,1.820941930128294750e+00,2.803085038868003299e-03
1.526586601986243075e+00,1.116037313899049543e-05,1.319830314752282963e+00,3.592866092443122283e-03
1.540590170519233748e+00,8.686783846828717180e-06,1.539853335927347633e+00,2.948040121203433003e-03
1.439232282040059818e+00,1.080755631271376883e-05,1.167629592527940519e+00,3.649863752425977579e-03
1.349767854501195963e+00,9.501501476661866735e-06,1.041634570751673206e+00,3.508875571589465704e-03
1.638230997228046215e+00,7.458896489579286822e-06,1.671141098503360567e+00,2.704072301995875862e-03
1.773487540365565662e+00,6.682487420026752341e-06,1.182500129328757810e+00,3.165793239393520711e-03
1.488357962611415841e+00,8.629312706196316660e-06,1.433588775994801612e+00,2.993157052667083564e-03
1.168369908441094118e+00,1.262288745421860428e-05,1.297618042082463674e+00,3.371289895743171013e-03
1.407321780628381980e+00,7.450202666412143764e-06,1.346320549749848716e+00,2.790657321812680444e-03
1.594799680045549728e+00,1.252449602007179331e-05,1.678806001659118863e+00,3.449315682092060891e-03
1.288902599149617023e+00,1.125206595733655360e-05,1.936947417299075491e+00,2.736322420098595033e-03
1.022590337053748799e+00,1.477302713186255494e-05,1.795124445276960579e+00,2.900937081604928677e-03
1.412954798282021418e+00,9.360702264484776190e-06,1.313861917618428521e+00,3.172805778703963187e-03
1.001630060021232893e+00,1.329178023561958759e-05,1.180378480989497270e+00,3.358416919442338590e-03
1.405513614250800458e+00,8.177189785464331534e-06,1.630766870477963426e+00,2.654749985183374201e-03
1.676030277449568562e+00,7.275867985390907709e-06,1.346203331382106683e+00,3.009733240155141980e-03
1.804298502291152628e+00,1.481396318622195824e-05,1.028850704472034971e+00,5.096988400033211630e-03
1.043786021374684347e+00,1.013746361487883932e-05,1.541645445826024696e+00,2.619860338701466076e-03
1.391603682245061702e+00,5.270779855504097983e-06,1.730732738651759028e+00,2.058639108324088543e-03
1.105865793438026490e+00,6.081720446570033258e-06,1.006482585952304110e+00,2.585004517941986730e-03
1.165542995252200509e+00,1.499848951428700306e-05,1.047185091102437848e+00,4.085791362670523029e-03
1.522418188943687412e+00,7.458071091831375609e-06,1.377518699542825464e+00,2.870988744640829565e-03
1.219130051635493039e+00,1.015172661642577183e-05,1.486739853136116452e+00,2.885210365038681606e-03
1.098225722953323436e+00,9.385137226032768613e-06,1.690260992203811874e+00,2.469387440202933538e-03
1.547955763379835759e+00,1.256284183818959791e-05,1.504308778626001875e+00,3.595462172063319979e-03
1.005019116623475650e+00,1.203623533018198852e-05,1.041750091624398022e+00,3.407616581368620810e-03
1.476556995011587770e+00,6.518079229779725426e-06,1.408409555666271018e+00,2.614089446489290414e-03
1.841039202140623887e+00,7.109292130872444670e-06,1.693045044346859651e+00,2.780420243685101638e-03
1.431884486348322660e+00,1.318934505781928113e-05,1.158636987976501942e+00,4.037308282632175345e-03
1.949687396336407197e+00,1.388880760373523271e-05,1.757923866323334749e+00,3.924776602738465521e-03
1.169775760482324234e+00,1.349398112724839552e-05,1.582962864546142878e+00,3.157809993519967388e-03
1.157994545177194912e+00,1.341484177694056212e-05,1.373171373515508442e+00,3.363439836108002030e-03
1.566762035394489994e+00,8.746837610704493929e-06,1.351438937450469613e+00,3.184408964278972760e-03
1.737315791582902058e+00,1.103725471711050491e-05,1.692833809654906485e+00,3.365601977136350748e-03
1.995083527677098401e+00,8.981842120621446506e-06,1.032825978312606807e+00,4.165332485274058673e-03
1.359798752817372058e+00,7.240109063872987612e-06,1.918478067006189391e+00,2.265329884056775222e-03
1.546505943509842051e+00,1.196039485040559880e-05,1.067578860415911990e+00,4.162445618605232003e-03
1.417289688027383754e+00,7.310863861737175153e-06,1.576839465858351552e+00,2.563420903642931164e-03
1.328442777788581441e+00,1.172640877328608329e-05,1.804519831974474631e+00,2.938144229982964702e-03
1.361591830677905790e+00,8.287230665717870373e-06,1.178053523221610721e+00,3.094893228995132355e-03
1.116737282727104041e+00,8.173645992843344064e-06,1.602439954261848598e+00,2.386670897074210946e-03
1.272675215516660963e+00,6.304154317486045203e-06,1.039327702550802535e+00,2.778407607655154158e-03
1.370863595687050296e+00,1.100274315959353302e-05,1.801311358867874191e+00,2.893698076251973589e-03
1.273318368318227423e+00,9.764815044244792549e-06,1.804279530037092627e+00,2.625116621974365929e-03
1.690555983010705088e+00,9.846159468251361891e-06,1.468733908778828923e+00,3.366484741679914416e-03
1.696884896963686273e+00,7.207153778132745355e-06,1.103194337089067556e+00,3.329523423413066358e-03
1.305974352855524767e+00,9.009150672670332416e-06,1.168438640980838716e+00,3.173264650414116088e-03
1.254371501469808914e+00,1.144544322285331287e-05,1.670649074851711990e+00,2.931478947728592167e-03
1.508219875020404110e+00,6.488831697986810032e-06,1.441329094826399704e+00,2.605757569417580140e-03
1.457945072572303102e+00,9.451776480661786093e-06,1.872917315475673750e+00,2.712489090665202562e-03
1.399653079449439730e+00,1.063051964593864646e-05,1.088112747520157964e+00,3.697860300145408823e-03
1.824201126644657833e+00,5.739172346238577305e-06,1.218613473417917037e+00,2.931082249493568385e-03
1.116542386696321554e+00,1.405485695944423420e-05,1.105281825025246079e+00,3.768029619298247229e-03
1.589031933926341011e+00,7.400823295273301799e-06,1.086158705524710388e+00,3.290483264585186089e-03
1.357910117852284770e+00,8.098191013564878793e-06,1.912459064018313448e+00,2.397913133555483727e-03
1.140315802062267458e+00,1.074829781229180134e-05,1.352731897325501365e+00,3.010069696673407531e-03
1.264710385547217708e+00,1.114090723257094712e-05,1.998004628740692290e+00,2.655568915683507829e-03
1.518250831304642334e+00,9.390547444355264116e-06,1.254500329102599787e+00,3.371179129543985104e-03
1.510616765530673478e+00,1.379584426514561689e-05,1.743223093814096458e+00,3.457600452921644977e-03
1.595446256290425913e+00,9.022651519773272499e-06,1.578976633375893446e+00,3.019397770860035145e-03
1.165787952434054864e+00,1.059102717732530525e-05,1.197929991901580893e+00,3.210429249928029114e-03
1.408540538011209708e+00,1.210076253173495521e-05,1.870934450765571411e+00,3.018295515345103229e-03
1.971287424102784680e+00,1.122697179569795992e-05,1.876843899617821165e+00,3.433936143809743040e-03
1.723999210206909272e+00,1.298074059119080819e-05,1.931654084337578903e+00,3.403718133744089176e-03
1.822199885438836597e+00,1.430091137356473234e-05,1.785333304872713134e+00,3.820500068099717816e-03
1.028801474850573605e+00,9.457701071397791513e-06,1.102633494535674608e+00,2.970591884587085296e-03
1.908345903461276638e+00,1.003741636229979342e-05,1.497661652639812324e+00,3.576289464397454810e-03
1.731759576453550942e+00,1.380729796594562341e-05,1.447115225212785683e+00,4.064869347772376469e-03
1.356813387137190130e+00,1.321520986850999591e-05,1.656076941643707778e+00,3.290461676858481756e-03
1.775465277631320227e+00,1.065623083048607066e-05,1.838644024948029365e+00,3.207813228320956656e-03
1.469394346430989318e+00,9.910787922897559376e-06,1.943000666994227910e+00,2.737705944042614914e-03
1.054782669347378521e+00,1.329771054667599974e-05,1.508571736136452790e+00,3.049207273548515396e-03
1.229553268643768460e+00,1.380416682195925352e-05,1.449975426322469563e+00,3.421357472943928248e-03
1.979431829064795423e+00,9.669330606494714003e-06,1.356887544451145011e+00,3.755748924375182460e-03
1.253681531587616416e+00,1.025175544708686545e-05,1.230141270218457539e+00,3.232326616588297556e-03
1.701016783733860560e+00,1.222486877480162273e-05,1.315254660031236256e+00,3.976229817838845652e-03
1.852393553140072813e+00,7.714656013459887657e-06,1.540783306172752720e+00,3.045468636648226285e-03
1.685237307217655411e+00,6.738337021979909407e-06,1.331285257935780564e+00,2.920594986299415285e-03
1.601205431150714897e+00,1.150573607473568793e-05,1.061624182628044366e+00,4.165770399962807728e-03
1.620623219817497684e+00,7.388306381066451657e-06,1.496475370089688006e+00,2.828646589388653966e-03
1.368711384952363108e+00,6.992201177603937117e-06,1.469964818295169007e+00,2.551581397136386525e-03
1.421593859932537285e+00,1.492827643189738527e-05,1.769822588523656037e+00,3.462802615328121857e-03
1.739830223506898532e+00,8.891503744066899873e-06,1.128140201174115953e+00,3.703049398382434604e-03
1.285306314657482130e+00,1.426563303311717697e-05,1.500308126004267439e+00,3.495896882656598925e-03
1.828473444227424416e+00,8.441281002002885294e-06,1.998004667343008744e+00,2.779394912943713384e-03
1.865960369403051100e+00,8.566672488039471536e-06,1.888965096430257340e+00,2.909010729294464730e-03
1.225885580006544462e+00,1.352610096125041636e-05,1.280337071237305224e+00,3.598728808052566522e-03
1.372012710551452130e+00,8.615658764438108595e-06,1.619334503137360937e+00,2.701811385805872202e-03
1.656395161294705209e+00,1.205023043928634397e-05,1.883336579325876947e+00,3.255484874003845321e-03
1.622570089709658880e+00,7.164141936381624999e-06,1.700413558787492452e+00,2.614607749763213883e-03
1.682468183047234334e+00,9.680275170689625234e-06,1.713106418187135160e+00,3.083366221037770263e-03
1.461931030576660850e+00,1.260292191153232086e-05,1.309181800985784072e+00,3.751449331891777098e-03
1.089450157626387750e+00,8.140160350733210314e-06,1.192115993400589158e+00,2.727475799124446341e-03
1.437863244928868189e+00,1.027004140940819164e-05,1.837952388957806882e+00,2.834508475819405050e-03
1.810071769399447028e+00,7.470210304689647626e-06,1.140598729656926880e+00,3.443085995813471422e-03
1.033770707005385869e+00,1.416974995071471134e-05,1.184425223867793919e+00,3.516732866786360413e-03
1.081709882038672799e+00,1.259117646318843063e-05,1.938014895467513599e+00,2.651001653114362124e-03
1.392837306886966386e+00,1.350438746213162498e-05,1.714136476719112512e+00,3.312569066613650810e-03
1.123776164669557431e+00,5.160932313786521559e-06,1.343855923724802448e+00,2.077435911968759496e-03
1.331380980349078591e+00,7.875271159997326978e-06,1.377054421586656918e+00,2.759360101249391448e-03
1.030825271779626240e+00,1.138149764155665355e-05,1.016708595352238564e+00,3.396987802009909622e-03
1.673418925971275062e+00,6.999563610483501439e-06,1.247132961073857516e+00,3.064653944119353091e-03
1.280709613534789959e+00,1.454357562504989020e-05,1.779011079410055318e+00,3.235725005501633063e-03
1.823471583314721700e+00,8.075407406537650544e-06,1.319183650779027328e+00,3.341020117152294477e-03
1.273974013124458349e+00,5.906526676062888705e-06,1.695200169880714647e+00,2.106860960538081261e-03
1.033145294345944265e+00,1.422367485334386406e-05,1.308377830174660250e+00,3.351351811005172116e-03
1.755473348554377644e+00,1.078819749985223609e-05,1.549620413047942069e+00,3.495899186574296606e-03
1.280698235523068718e+00,8.055359550538627409e-06,1.165950333188572774e+00,2.974581311829723514e-03
1.868324747595921931e+00,8.023693122585919980e-06,1.868432581119724212e+00,2.832530679143525475e-03
1.816510419316699210e+00,6.868752603298471864e-06,1.070035182608238156e+00,3.414749539164498981e-03
1.370884283487990185e+00,6.488222279102958564e-06,1.077291668963441307e+00,2.873403444430244411e-03
1.791041822916195958e+00,6.971177987265244280e-06,1.859413647244448908e+00,2.591301474502919876e-03
1.972444517335131042e+00,5.194973624525473254e-06,1.642808571174299903e+00,2.497471789788693886e-03
1.262620139302141009e+00,6.955775148777890092e-06,1.563130763201092677e+00,2.370344491208228530e-03
1.906292054586919082e+00,5.572890434667175945e-06,1.387239686466604338e+00,2.767318961660369774e-03
1.083948105980982568e+00,1.243549705939900357e-05,1.673220352485941032e+00,2.838306231653607830e-03
1.876668621546813132e+00,8.754055302451760394e-06,1.620884203281787173e+00,3.183628943129800798e-03
1.480270384137773565e+00,9.526942118761019189e-06,1.908548802213342110e+00,2.718289162979195279e-03
1.048613926007938346e+00,1.414211453179485992e-05,1.987768275306216470e+00,2.731379893201122799e-03
1.779952260622744475e+00,1.170638332786180227e-05,1.796028038245593095e+00,3.406112527481694376e-03
1.556412277744830819e+00,6.438192538856651294e-06,1.441699526803559506e+00,2.636373431415527883e-03
1.244131097226780280e+00,1.475515650761149731e-05,1.517669488615542406e+00,3.477894320609185939e-03
1.176358467328020740e+00,1.149254545018059673e-05,1.611276754473485173e+00,2.896629074693281899e-03
1.682263575143487788e+00,1.328033230241943568e-05,1.619167291694811883e+00,3.714545057822012455e-03
1.128435412479174227e+00,7.078545241869882688e-06,1.573246357981176846e+00,2.253263552755039797e-03
1.132346154180889908e+00,1.211137908421067714e-05,1.044308550642014000e+00,3.623864800265240438e-03
1.663773442713919470e+00,1.029243276080141954e-05,1.187894930694747053e+00,3.796794560079095986e-03
1.732478654354289604e+00,1.156460108863324344e-05,1.758783022852941968e+00,3.375150493173611696e-03
1.481511293505140436e+00,1.140476459152627644e-05,1.803397070609231045e+00,3.060905811564254651e-03
1.501808935788570665e+00,1.224466446382048460e-05,1.427576219873734509e+00,3.589063431547594944e-03
1.197521688856818312e+00,6.381570490951280169e-06,1.587888057425653976e+00,2.193792453247450387e-03
1.603068500259678508e+00,1.180590907782949313e-05,1.721351310965532289e+00,3.315820406765087897e-03
1.685605547625319334e+00,1.332938123776259502e-05,1.768801644413405372e+00,3.564046848331017814e-03
1.234500687475952319e+00,6.837869854556604319e-06,1.369549646498430917e+00,2.482659692643110309e-03
1.851365678757212585e+00,8.420028134953035361e-06,1.390774453244386866e+00,3.347915770951587645e-03
1.079252588690769343e+00,1.083726114551149224e-05,1.617383583270313618e+00,2.689148611904685487e-03
1.358878735027916562e+00,1.201376934216974543e-05,1.891290222390793030e+00,2.937994018668085936e-03
1.511088759744576571e+00,1.135325022347546221e-05,1.648837069784195419e+00,3.225642413770349499e-03
1.030652292810634751e+00,5.973511362189582057e-06,1.530694244623557410e+00,2.005518669846214058e-03
1.825736761195336122e+00,6.683807486465604389e-06,1.346783577180445501e+00,3.010108432251076566e-03
1.311830287540184381e+00,1.159648596901973426e-05,1.225873209615734982e+00,3.522729151086631105e-03
1.012220361485096642e+00,8.844162518740735971e-06,1.554980551494653529e+00,2.399404179729514204e-03
1.330178844505270241e+00,6.719622922537038303e-06,1.635717765410945379e+00,2.337616609516423270e-03
1.878097567211889363e+00,1.268273502051901956e-05,1.513150333122123659e+00,3.967569066589129827e-03
1.445266044489071922e+00,1.321711742139838547e-05,1.204570242489778398e+00,3.982228798214388667e-03
1.482059771257293823e+00,1.118844087067271751e-05,1.589262757669920312e+00,3.230128441937570385e-03
1.882023809325501063e+00,7.323289866571167998e-06,1.351104590120293825e+00,3.193899042619176461e-03
1.064749905949873954e+00,8.900478905075568661e-06,1.659100674520425756e+00,2.389979208557868433e-03
1.425213003324510508e+00,1.356746880079493409e-05,1.219919126976742207e+00,3.981289729299873799e-03
1.721973874787003034e+00,8.890294991753417564e-06,1.070408029279020568e+00,3.781783701924641607e-03
1.232896572059859919e+00,1.253340240564094081e-05,1.483254622816109425e+00,3.227676194021579688e-03
1.618042533353977852e+00,5.798305835796020518e-06,1.306890593858409888e+00,2.679328169577435345e-03
1.551673568500857137e+00,1.035767732036111286e-05,1.522371119463175049e+00,3.249160025459035990e-03
1.382977118496456548e+00,8.577776488151184903e-06,1.943271068788512856e+00,2.470746379622257901e-03
1.855600019075328344e+00,1.343901395936343465e-05,1.235105375428902086e+00,4.493387582020221677e-03
1.368923710489939438e+00,1.044906843640421249e-05,1.944956639344002536e+00,2.711898606069587225e-03
1.198918998755897247e+00,1.010804008990033131e-05,1.196554025470141891e+00,3.182454791214669228e-03
1.359524581049471603e+00,1.032079888876891928e-05,1.784456329532686292e+00,2.804124086397364810e-03
1.877771729920933996e+00,8.649660810872565370e-06,1.974496185963843242e+00,2.868090079305699817e-03
1.086925377438559437e+00,7.388119345787365211e-06,1.781271104206092470e+00,2.123253282215154750e-03
1.994528162114579395e+00,1.276519726255085496e-05,1.042313575336863085e+00,4.942363168555913115e-03
1.275379330059619232e+00,1.396665141344470868e-05,1.403922797597680017e+00,3.562002507500695858e-03
1.407651990504804829e+00,7.384121418369872750e-06,1.779781849842652086e+00,2.416649557857160954e-03
1.570115496773541341e+00,8.168642791110415749e-06,1.569699414618266120e+00,2.858462534878879885e-03
1.049595026709690737e+00,1.212369457213296540e-05,1.683559733306111195e+00,2.749249220273150898e-03
1.370550161462345429e+00,7.160903623609140812e-06,1.241523983040009327e+00,2.811601881173915029e-03
1.153085855647355107e+00,5.759532607615128765e-06,1.196309227641841888e+00,2.356148813222091413e-03
1.698881975358340846e+00,7.180683239215339067e-06,1.284734965087515945e+00,3.081468389037623264e-03
1.677771849120959446e+00,1.160724419625368831e-05,1.161791844939123131e+00,4.094179226992622489e-03
1.476850000099465987e+00,7.192655108323471688e-06,1.318509731020020226e+00,2.838383947934671175e-03
1.021097890901608185e+00,6.112757943579999624e-06,1.773611609587332660e+00,1.875957639543253137e-03
1.997105083960396321e+00,7.074740526371768739e-06,1.507445239040039464e+00,3.061504798823732904e-03
1.365533687978361055e+00,9.780018983288361672e-06,1.564165653706539150e+00,2.921996460935440913e-03
1.235687035492196717e+00,1.111812429603067313e-05,1.419094222198953315e+00,3.111461214107228736e-03
1.083777856971032794e+00,9.489751251153703078e-06,1.092479239497448740e+00,3.068251496648871039e-03
1.380711251211015789e+00,1.005393777525397258e-05,1.069315794539035025e+00,3.603018877795533675e-03
1.808716206768949952e+00,9.545203177940096972e-06,1.636478958168431808e+00,3.248049138090407413e-03
1.274623361502162933e+00,1.374144630710092207e-05,1.618785836032995418e+00,3.289367989436008891e-03
1.292395606746043590e+00,1.124161075416165107e-05,1.154759228359993228e+00,3.547041645324405367e-03
1.190680795324907670e+00,1.003498074622203348e-05,1.787585617331026278e+00,2.585368900477807985e-03
1.309690136735770949e+00,9.844522996791952433e-06,1.083781889316941971e+00,3.449138808535543235e-03
1.208989268264232475e+00,1.268422616800354450e-05,1.199264021582409745e+00,3.575903654249232549e-03
1.712229899446870540e+00,7.927089739712697789e-06,1.203636891283879962e+00,3.358073367933549561e-03
1.327468042298580730e+00,1.322634965707477345e-05,1.356685606876423922e+00,3.597430632159449772e-03
1.233782735641109962e+00,1.199351677256581874e-05,1.751820946316479999e+00,2.906348975905179155e-03
1.865287528637346037e+00,1.240362241044511317e-05,1.297015042942228913e+00,4.223520973933354676e-03
1.660904227166848379e+00,5.870103195963949511e-06,1.638288187082824088e+00,2.439495455521330583e-03
1.987959785685041059e+00,7.474592405503786246e-06,1.388858887950851884e+00,3.270909241514844377e-03
1.909588743163539881e+00,1.183938472700002357e-05,1.276511279138647925e+00,4.208449899478115645e-03
1.702330775563978271e+00,8.174447606308756357e-06,1.665620009644405819e+00,2.890435069306778425e-03
1.916362500596835217e+00,9.173699675065537191e-06,1.388189470516770996e+00,3.558661813827136179e-03
1.306469895354525512e+00,1.137416072090628979e-05,1.280636707514930528e+00,3.406406013197892275e-03
1.060782579759220301e+00,1.290478168348320798e-05,1.379263964946752186e+00,3.150393665164092239e-03
1.803859227130754750e+00,1.164702173696850987e-05,1.027380527158240575e+00,4.522130584177808631e-03
1.935574170247407633e+00,1.422409044949474123e-05,1.968986346971700607e+00,3.739347353027149250e-03
1.092174615706921648e+00,1.206832033203117144e-05,1.334320738411900464e+00,3.142963488108190505e-03
1.186902623529561218e+00,8.328945115256891819e-06,1.062594943499413080e+00,3.050132266374018433e-03
1.977416220967643579e+00,9.030001293261071091e-06,1.911246500784022473e+00,3.056571791752313132e-03
1.541023106171930390e+00,9.916562133148848062e-06,1.802248796734136072e+00,2.911908819784174082e-03
1.479127083220086902e+00,1.121798781245376343e-05,1.803918667229431172e+00,3.032855718224090544e-03
1.004690052718144155e+00,8.929214797953829600e-06,1.334516802978886307e+00,2.592750120790012543e-03
1.206217809606876745e+00,1.080842516770722260e-05,1.415173431802248416e+00,3.035213498288745482e-03
1.178313888100518625e+00,7.329082748763467584e-06,1.999104293835038071e+00,2.078440444674654278e-03
1.702539279072619482e+00,1.199213419362792985e-05,1.135815601485345994e+00,4.239775833329212373e-03
1.852481342884592985e+00,6.694286242947041570e-06,1.086227445655617352e+00,3.378848151934760614e-03
1.401041091756955126e+00,1.259526810908767444e-05,1.080882242815323302e+00,4.040545054277685198e-03
1.144193134688553215e+00,1.074185114685628598e-05,1.938387701475026148e+00,2.518076447567485412e-03
1.061707250484147380e+00,6.862545023874749873e-06,1.177122403808794848e+00,2.487907230115418179e-03
1.748317250968177250e+00,6.080245775219630945e-06,1.135266663655670083e+00,3.060002252088264360e-03
1.175905001048387133e+00,1.139847183737870633e-05,1.660082847388935079e+00,2.841479667940420041e-03
1.422454080451078573e+00,5.261946666422384045e-06,1.782405766056043284e+00,2.049222234626633509e-03
1.716490918056436943e+00,1.462473664562283495e-05,1.943993399824045287e+00,3.593497847532398613e-03
1.031463610199229386e+00,5.773424305951656800e-06,1.619546137550715637e+00,1.917551475594212428e-03
1.862081838737599471e+00,1.421400727008854638e-05,1.120459769078086421e+00,4.860260140470513621e-03
1.599287688419689157e+00,1.487351398757180484e-05,1.636515955832847924e+00,3.812501016170075953e-03
1.768070886937132435e+00,7.992202903148595361e-06,1.869224469344023642e+00,2.749491353713197361e-03
1.782338130306523105e+00,9.743935475651665688e-06,1.501681108145237697e+00,3.400739691166799854e-03
1.942604255515563150e+00,9.714400525211574225e-06,1.835479125953702884e+00,3.206457188276079853e-03
1.954790035915077828e+00,9.233260717178262195e-06,1.914431976698177440e+00,3.070489650581299801e-03
1.499483748219627266e+00,1.257486920371655755e-05,1.368205568158948449e+00,3.712333146107759090e-03
1.293415935343066092e+00,1.205939823417113480e-05,1.738745739590158434e+00,2.995117624548275775e-03
1.207630321303594823e+00,6.781106114035130814e-06,1.807203140438232047e+00,2.128696707068713709e-03
1.933032368578672333e+00,7.474668329890824103e-06,1.472156869891369846e+00,3.132841921051372248e-03
1.465420289178389401e+00,8.763587319978347295e-06,1.347054393979399745e+00,3.087660150580079105e-03
1.188297020369894597e+00,1.032003594424420323e-05,1.416011948348509630e+00,2.942860325616102491e-03
1.198469623509839987e+00,9.979960409891042251e-06,1.840357024184448687e+00,2.549334851047322346e-03
1.589677294163346577e+00,1.415742792704865140e-05,1.632259064098170898e+00,3.713232310357648773e-03
1.330420028195913540e+00,1.023848707505643284e-05,1.782282538387496729e+00,2.764547168042585500e-03
1.469115981713951635e+00,1.342664505905118407e-05,1.989999214292513585e+00,3.148366939303517877e-03
1.976983868784248255e+00,1.033755308594789328e-05,1.002371484277184699e+00,4.515398533714089745e-03
1.479472820304864378e+00,7.479081571170358080e-06,1.297168729222259564e+00,2.920649188613064391e-03
1.658963435618010518e+00,6.891098090209259945e-06,1.027581801460940136e+00,3.335449892966703932e-03
1.840180972624509081e+00,1.206918042232263985e-05,1.547124715896612823e+00,3.788842005618785549e-03
1.551988488279865575e+00,1.339810222595587966e-05,1.185048107045806765e+00,4.188879823566797611e-03
1.513781649160270693e+00,9.031767997857050305e-06,1.399123388212245356e+00,3.126007361825964680e-03
1.241919190793977501e+00,1.114846729816519919e-05,1.194395874809234703e+00,3.404709823568793144e-03
1.518086119739029183e+00,8.589204781312152125e-06,1.533431833552274970e+00,2.916033076640471480e-03
1.453040986579386296e+00,9.491934506178702923e-06,1.925497060344939726e+00,2.676362085931150488e-03
1.229598363622436352e+00,1.069561106281725914e-05,1.167002319868392757e+00,3.356978652077225161e-03
1.352360637547756372e+00,6.084973215673911385e-06,1.334517227551037966e+00,2.483210316937619830e-03
1.103699492404598637e+00,1.465138354614372736e-05,1.261035966241220496e+00,3.580972645380619147e-03
1.110139406983629229e+00,8.752207116364046091e-06,1.772799472772139229e+00,2.341088037953946259e-03
1.422182180316828415e+00,1.426285450249360144e-05,1.001932818898644939e+00,4.499471870971224509e-03
1.467838228098136577e+00,8.952687665963035272e-06,1.460612850673681073e+00,2.999495779336523293e-03
1.424018152604271892e+00,1.430563025516215942e-05,1.919645437300061541e+00,3.257622457412118113e-03
1.355779703126959390e+00,1.305816971279386639e-05,1.476154131622666510e+00,3.463138537035144373e-03
1.579415783180199373e+00,1.382028944712070050e-05,1.684704658251597653e+00,3.599522709465439486e-03
1.306483537861193867e+00,9.110021729900028798e-06,1.104532015713142190e+00,3.282634450351845212e-03
1.948387135995577779e+00,6.135684105153643110e-06,1.396548252417681102e+00,2.925776517317800300e-03
1.637817645658884436e+00,1.123990555989081703e-05,1.862275946171598973e+00,3.144069134601457354e-03
1.359178804715623023e+00,1.036024946820420928e-05,1.879833369066841176e+00,2.736930226878718769e-03
1.442883162138467679e+00,1.315365504861496746e-05,1.895223546797882186e+00,3.164525394535636863e-03
1.836270631975348566e+00,1.219917744282193551e-05,1.655546147758840014e+00,3.678434040122731050e-03
1.357112793143369078e+00,7.203769476824475808e-06,1.420607002525295481e+00,2.623317763885280995e-03
1.741196056890037536e+00,5.873017572029781821e-06,1.856698100647892868e+00,2.346841941258414645e-03
1.912444600368599090e+00,8.487127537076401382e-06,1.007849322280790272e+00,4.013072371516167997e-03
1.377957715043740983e+00,1.380810825955069803e-05,1.530247956264096265e+00,3.526177199868618314e-03
1.454244555981921705e+00,1.150463391275794892e-05,1.857563199721850911e+00,3.001119756390586459e-03
1.190100393825641811e+00,5.921679821567612822e-06,1.525490805518380899e+00,2.149361489114081942e-03
1.058260546575442662e+00,6.528025663671255434e-06,1.982461518202085049e+00,1.866744353029590412e-03
1.197632322565240326e+00,9.269686129825597433e-06,1.012884221638673754e+00,3.310658355875152441e-03
1.436165358104887657e+00,6.275900797874022542e-06,1.765681586364219013e+00,2.259352866771522240e-03
1.446995438143996893e+00,1.098190949133935408e-05,1.534699371687730629e+00,3.217813381291186048e-03
1.147438147901322703e+00,1.041831554766273935e-05,1.934339863016879324e+00,2.485976419237843210e-03
1.742368847402405718e+00,1.059547332564075939e-05,1.086880390242219274e+00,4.121348628353044448e-03
1.172875112804510067e+00,1.492884697158162823e-05,1.134201414770760863e+00,3.929107636996430689e-03
1.281649184454681567e+00,1.070440190284806280e-05,1.239550041576456429e+00,3.326854090124822284e-03
1.215130441561373509e+00,1.302642097871540910e-05,1.824993524453543348e+00,2.945054534973088733e-03
1.341570319686103963e+00,9.677450677360518191e-06,1.902205774145580675e+00,2.612512976167657985e-03
1.608899728097855863e+00,1.146611172357258630e-05,1.432512131101331132e+00,3.588586503964191939e-03
1.276544953942194249e+00,8.131697137186144484e-06,1.407934308542166058e+00,2.715297740270071133e-03
1.956450508021258639e+00,1.437426210757238636e-05,1.589655502423531264e+00,4.206062328566754528e-03
1.246178761098347465e+00,1.004934100078167349e-05,1.920849063869164874e+00,2.553361725436506524e-03
1.404916292817325107e+00,5.109587241868521273e-06,1.237057355916642010e+00,2.408924650985438953e-03
1.026163816720711441e+00,1.195292509078354159e-05,1.109873734285923952e+00,3.324364688356287560e-03
1.712801120899271945e+00,1.450629174363257833e-05,1.434260328393519135e+00,4.162149542760146259e-03
1.626782658946106519e+00,5.462074224670040612e-06,1.098672294843422659e+00,2.843868294061733994e-03
1.812810487299161721e+00,6.904156873862008116e-06,1.812415009546942013e+00,2.627862894902133640e-03
1.922342337550059010e+00,1.111613195024250408e-05,1.878661448971437942e+00,3.372624187587993597e-03
1.774530944497042295e+00,6.189527438774656094e-06,1.802698300376478713e+00,2.468362899420358924e-03
1.455277165179071908e+00,9.119572427135116933e-06,1.581356803993697824e+00,2.896977752859456433e-03
1.943227240815161849e+00,9.542504437755957859e-06,1.170566526073666846e+00,3.980108670011771321e-03
1.230566627781237710e+00,9.178156286637995055e-06,1.421370389787959709e+00,2.818880458317762818e-03
1.055436379598562624e+00,1.489936283782672342e-05,1.792532671899401686e+00,2.961872353605959993e-03
1.730803931473744228e+00,9.061053075726707346e-06,1.533943247653492659e+00,3.197485823563684174e-03
1.922307541351686577e+00,9.282733918453779775e-06,1.183234673926191194e+00,3.883416234969332397e-03
1.230186435103244103e+00,1.479043158345094572e-05,1.609335660168758508e+00,3.362424744646380290e-03
1.789554160131127336e+00,1.290998871907223614e-05,1.070213625046981143e+00,4.646223711451931762e-03
1.442891045953993867e+00,1.058501440488946298e-05,1.443909905200230437e+00,3.252313845827106437e-03
1.481521684971199626e+00,1.076046243969409728e-05,1.979033880989196303e+00,2.838199110233010237e-03
1.336554555334237948e+00,9.732934468933727309e-06,1.927527890995417881e+00,2.597855013538472035e-03
1.593528528207849515e+00,5.029940953310265327e-06,1.352953714267361995e+00,2.433996196495415328e-03
1.586550499214094412e+00,1.495215525253896247e-05,1.618174696474041774e+00,3.828830545964289917e-03
1.716062195425692494e+00,8.086771072275538450e-06,1.222241808097832561e+00,3.369578037644855792e-03
1.636260376344134126e+00,8.103364230393055734e-06,1.039312980096146033e+00,3.571788307167737212e-03
1.111983958557630547e+00,8.837749612316913220e-06,1.373920404048817545e+00,2.674479793507794634e-03
1.614505651756975801e+00,8.802598430615206625e-06,1.777603464944049527e+00,2.827533674022249168e-03
1.536254127676422776e+00,1.396644631735896071e-05,1.497011172506490295e+00,3.785837500480975469e-03
1.141704255353264585e+00,5.713763492697250795e-06,1.894292067428887893e+00,1.855728636201381355e-03
1.607086647528642720e+00,1.222896658361503967e-05,1.352180833334498899e+00,3.812388384507278769e-03
1.526565096330139593e+00,1.295195237134580285e-05,1.054281820552956717e+00,4.330588563136170306e-03
1.731035985829834090e+00,1.442576887609104861e-05,1.757706806292606672e+00,3.769201157947046302e-03
1.138046808245061436e+00,7.756142064151827549e-06,1.315819570824569684e+00,2.590029850031254355e-03
1.337018599184705447e+00,8.571906998440108382e-06,1.782723955426173568e+00,2.535510418564520217e-03
1.615427035295638358e+00,5.255253515419867817e-06,1.088843620658145550e+00,2.792272207193910189e-03
1.566058545345336617e+00,1.358928785486999415e-05,1.582970393542124876e+00,3.666620394656992625e-03
1.892410984174365929e+00,1.203152063479662434e-05,1.920129958921520608e+00,3.443520543953232111e-03
1.858604899565604818e+00,1.410925268722677757e-05,1.696571169107761179e+00,3.931511074274285020e-03
1.158718979390866544e+00,1.375732531704954446e-05,1.838689547898808563e+00,2.944434245498880453e-03
1.967741461456870677e+00,7.321681064509513666e-06,1.589929452922982822e+00,3.010235647794667294e-03
1.289997786539277769e+00,1.224196742400625052e-05,1.519073268134566890e+00,3.224265020051112710e-03
1.500119955360406987e+00,7.912098620422097368e-06,1.236798745152879908e+00,3.097842417747145860e-03
1.028983816241312077e+00,1.454495653551332829e-05,1.783773179974415646e+00,2.896614305131179484e-03
1.629580965600581743e+00,1.337117368732028511e-05,1.702642411615979068e+00,3.577346544433774016e-03
1.227791336749796791e+00,6.310933979551987357e-06,1.315004980412409097e+00,2.427422661172811639e-03
1.919235890182316773e+00,1.113369291723911174e-05,1.223336683097639543e+00,4.179369780880209939e-03
1.458453601576961134e+00,5.414742528519271130e-06,1.279628350078347410e+00,2.484238495913338764e-03
1.335516175928941118e+00,7.971150819485881410e-06,1.330307521976839213e+00,2.828844440923895549e-03
1.821271992946392970e+00,5.057513342233054950e-06,1.404019131333302806e+00,2.561352848294401983e-03
1.286072391080815613e+00,1.474504120330125058e-05,1.655022445589314994e+00,3.384961696902938268e-03
1.636754964688710512e+00,1.116864582827430644e-05,1.118192414703296667e+00,4.043280042007290666e-03
1.060132913832802615e+00,1.050551978923135619e-05,1.849189950342422506e+00,2.454133418798799295e-03
1.998528293030557457e+00,1.143025316841700026e-05,1.640565517522456052e+00,3.731524400168904042e-03
1.625528914514356105e+00,8.971258078557889517e-06,1.704474736191336159e+00,2.925019329794115251e-03
1.734862656896010158e+00,8.968397079287649494e-06,1.039767682062639587e+00,3.868314773949901864e-03
1.836180325966877191e+00,1.368208310503618764e-05,1.853072939290381083e+00,3.682031671839793106e-03
1.620336504583603787e+00,7.996561256820473252e-06,1.632220233868471038e+00,2.817506092007427288e-03
1.448965294396473036e+00,1.390660787148168502e-05,1.986854160631833732e+00,3.184612541385540858e-03
1.709950666177274314e+00,6.436842870577128242e-06,1.043665163045169653e+00,3.247488715350598833e-03
1.145090295250114742e+00,1.257046945461907745e-05,1.499297061766389216e+00,3.098501927092938042e-03
1.653147327136014866e+00,1.136107155077602097e-05,1.906915063151600531e+00,3.138338267568889419e-03
1.481733522912192402e+00,6.682151123240794520e-06,1.085776361951227287e+00,3.019764036829954319e-03
1.347503346905702726e+00,7.368006431880426952e-06,1.471663618856944300e+00,2.597380929577421810e-03
1.379850801347516143e+00,9.089599959828619015e-06,1.765355976669780835e+00,2.665460824969050676e-03
1.663930269945568696e+00,1.488371059640267291e-05,1.127850463517668489e+00,4.685947390901816327e-03
1.408076070251935263e+00,9.879983464387277444e-06,1.999618384674911820e+00,2.637652675132588168e-03
1.416438151822768665e+00,6.444884378447063768e-06,1.954935036859477560e+00,2.160927558503942299e-03
1.006826036995527751e+00,9.243116372172524684e-06,1.147607630483625574e+00,2.847670366365850046e-03
1.304885105341165641e+00,1.086706494118012355e-05,1.076225224606427666e+00,3.629866767175859554e-03
1.117459881218539897e+00,1.212313941333318184e-05,1.326224755925159648e+00,3.196060226934078000e-03
1.855894928002969735e+00,1.280285470345103358e-05,1.925826296883875521e+00,3.512542150895863087e-03
1.036391214705635555e+00,1.236631757200101081e-05,1.301712178336843051e+00,3.137795060792294456e-03
1.434034006577520337e+00,8.010898530447816361e-06,1.282791640843258252e+00,2.992555957103249561e-03
1.024390423805626504e+00,1.173737334841665206e-05,1.577256184017860052e+00,2.761004376769877078e-03
1.885521176922696940e+00,1.151961038911327297e-05,1.938108993834741334e+00,3.347692075017464665e-03
1.216867628145697378e+00,1.385145101455268035e-05,1.863047187314581077e+00,3.007858327287288823e-03
1.229822116124543951e+00,1.414369993425698363e-05,1.134118025780825212e+00,3.916278241891186368e-03
1.009402996764146243e+00,9.632817025140696986e-06,1.134324830003517137e+00,2.927792075590753083e-03
1.356772579628826803e+00,1.359164129957971995e-05,1.703030150769880180e+00,3.290624392913203081e-03
1.874276127218200694e+00,1.243159802759241596e-05,1.754939604363219274e+00,3.643755089812560424e-03
1.313118914708329754e+00,9.673478494529357395e-06,1.299614332800776983e+00,3.126339355138408379e-03
1.124704651673326339e+00,6.260129171409667105e-06,1.832392388171089070e+00,1.960205725699921617e-03
1.578691563495469463e+00,8.059954695323083351e-06,1.616974800581164384e+00,2.805196694608128646e-03
1.969113967470319748e+00,7.040382140565670178e-06,1.944785101013747575e+00,2.669916832154620428e-03
1.934213503092664599e+00,9.302128576841282181e-06,1.440661565696420343e+00,3.533966183672065768e-03
1.308370781306986919e+00,9.561541253662412263e-06,1.457749150339769040e+00,2.929462692490927746e-03
1.730310156425128199e+00,1.130328593045730657e-05,1.057244714887880743e+00,4.301070625853248286e-03
1.355311820199918582e+00,1.256579970467679184e-05,1.448812150199040749e+00,3.428535413895372752e-03
1.126843190773226588e+00,6.255680247336972695e-06,1.672966798758784623e+00,2.052699385601802935e-03
1.650964350140497583e+00,5.477485296356902088e-06,1.171090187974212382e+00,2.778844767793291551e-03
1.248814423948643837e+00,8.799438889172229663e-06,1.642486303073507070e+00,2.586577911809751461e-03
1.290592173666607945e+00,1.246337371655382648e-05,1.403691333026044541e+00,3.385139053552341931e-03
1.073533127867145831e+00,1.094420793958950981e-05,1.292117217357649839e+00,3.015427815820335977e-03
1.002802008598187022e+00,1.111726223298075452e-05,1.851339743592750331e+00,2.453937290588234683e-03
1.380873367196301160e+00,5.358130274793452943e-06,1.151252572229468640e+00,2.535118440124590686e-03
1.183128402847559490e+00,1.258994516769991898e-05,1.131757340801568645e+00,3.627865682845994241e-03
1.930183448716809469e+00,1.289658790025805372e-05,1.396067309508773002e+00,4.222634833998168552e-03
1.625177865875875982e+00,7.625467094319732434e-06,1.455469845477278312e+00,2.917978374858676976e-03
1.809392686825668672e+00,7.605160612295115065e-06,1.017895382468045895e+00,3.676791799174347359e-03
1.219208485873500614e+00,1.347652144396374013e-05,1.006663000847446421e+00,4.040041612360812523e-03
1.625896669071366762e+00,1.202061318129462263e-05,1.330791585756429640e+00,3.832258167682944631e-03
1.912230547021054772e+00,8.371917841406146445e-06,1.755497006462595211e+00,3.019830436622694854e-03
1.007952625799116264e+00,1.401825790210480007e-05,1.178531302807115377e+00,3.462553735867430517e-03
1.154600590051005238e+00,1.214221016330450760e-05,1.686632929134766812e+00,2.883065258568297175e-03
1.533925330230432316e+00,1.002836472263575596e-05,1.843050333231893934e+00,2.889006852047237405e-03
1.935270650457960651e+00,1.475870279839337144e-05,1.836165270930553817e+00,3.944019598349252087e-03
1.876693121090529992e+00,1.139772447427723028e-05,1.266290352450711421e+00,4.109973854455136258e-03
1.569095615373268471e+00,8.207803507995968146e-06,1.747498963277667405e+00,2.714749217044054846e-03
1.291549602536301133e+00,1.330222462281355995e-05,1.717197107374209608e+00,3.163061306392722823e-03
1.531429004093337376e+00,1.246680696621780846e-05,1.714592304651568311e+00,3.336918628437643853e-03
1.179178198691014368e+00,9.547477960540271658e-06,1.613428969573264649e+00,2.641551775976646015e-03
1.839966348661283169e+00,5.723650443543687423e-06,1.433966044821810559e+00,2.710017263993909093e-03
1.860183838477220686e+00,1.209914655070188411e-05,1.820858285881326033e+00,3.515743873344369472e-03
1.079139774896090254e+00,1.002507047360125182e-05,1.958543016269759685e+00,2.350260544730918642e-03
1.959225738272664330e+00,1.031236123862635708e-05,1.878124252078431589e+00,3.279888931764762903e-03
1.159431098839324825e+00,9.005966763826763098e-06,1.012903595648118937e+00,3.210728522121651836e-03
1.863413960433673688e+00,6.601265439832717563e-06,1.595200565729204545e+00,2.776902446207874832e-03
1.229663514065968410e+00,1.036664192358090591e-05,1.527725275869873389e+00,2.888614323460735479e-03
1.846671063454394801e+00,1.368465953496810232e-05,1.895465265808008004e+00,3.651353287673496113e-03
1.681965111395563817e+00,7.873127998584801898e-06,1.103989245767643013e+00,3.463376662413788967e-03
1.807839799888238730e+00,8.835128219213793122e-06,1.026847896301487539e+00,3.943967622864768922e-03
1.645719219846332848e+00,1.179696666260124968e-05,1.219736340273655628e+00,3.989606520913989603e-03
1.263008195368226616e+00,9.568549433173149644e-06,1.427453177481751823e+00,2.909679812477600908e-03
1.492518743844249762e+00,8.403736022853739031e-06,1.050969837174917876e+00,3.454625480570785220e-03
1.587315115922114384e+00,6.178910330841962851e-06,1.716414040010626696e+00,2.390432546368397634e-03
1.670353989388205118e+00,6.545014920850261765e-06,1.850449629199867552e+00,2.430641708811865850e-03
1.765818401982001351e+00,1.490985603574390334e-05,1.878313213181564745e+00,3.743912907423993432e-03
1.953999494517634217e+00,9.006512947059535970e-06,1.770910456830997681e+00,3.152406840104339785e-03
1.413638973829314693e+00,8.213723545681213530e-06,1.507926503270411445e+00,2.774911958752933078e-03
1.419832546600786616e+00,5.779395235914925036e-06,1.352425871670986046e+00,2.463219002872613170e-03
1.401081465779944413e+00,1.227848427928341096e-05,1.962987102040187892e+00,2.960365608681517907e-03
1.019579563860385063e+00,1.416661575290171357e-05,1.629742834180841538e+00,2.977035943581911662e-03
1.943950796936188219e+00,8.224752087312938817e-06,1.720168757289603167e+00,3.048726842583706666e-03
1.173933929837193801e+00,7.544068307224012078e-06,1.081643318311948931e+00,2.861426518120853760e-03
1.468896802406406854e+00,6.187533761031193275e-06,1.426554459812981346e+00,2.524121497142821965e-03
1.201445165229809042e+00,1.407577165157463536e-05,1.282192496685437666e+00,3.631712558959450821e-03
1.715836850499422805e+00,1.227422991852484495e-05,1.174420676824396104e+00,4.234706134676302636e-03
1.815597803877509797e+00,1.177231676534437783e-05,1.644248989593678267e+00,3.605429453593655097e-03
1.932758399251705228e+00,1.332350046972006642e-05,1.316568839427880944e+00,4.422584804804963361e-03
1.730170700024155961e+00,7.429802044285784471e-06,1.088871543590456126e+00,3.435933690458279049e-03
1.021229822308693524e+00,6.699512677072463786e-06,1.052125881703910970e+00,2.550054714960349987e-03
1.959303571023016666e+00,1.453192471713199942e-05,1.478901441249474313e+00,4.387759534301100516e-03
1.703361120887961988e+00,6.301869436852605843e-06,1.800652848897099645e+00,2.441591866120258313e-03
1.554812978702065251e+00,9.923710860143831664e-06,1.980927830546392876e+00,2.790884109083580696e-03
1.784041840292785341e+00,1.299473690556604227e-05,1.890980446658038217e+00,3.501408197813429823e-03
1.826478517467140072e+00,1.045000680641379023e-05,1.087311078023196487e+00,4.189755352922636296e-03
1.901332944974834405e+00,1.434610476558226483e-05,1.440063077491490873e+00,4.352164759152891971e-03
1.157461122287679611e+00,8.553752593963752853e-06,1.322968076253117298e+00,2.735626904468017526e-03
1.565072420471835146e+00,8.823966468845166557e-06,1.420699319815252659e+00,3.117798598566516415e-03
1.599994785360943084e+00,7.154662144496340322e-06,1.329245202688627003e+00,2.934616114732716951e-03
1.639725886978749436e+00,9.767201693691309703e-06,1.942612110477730525e+00,2.871293968348454396e-03
1.018318276847611337e+00,1.329292534709905623e-05,1.367217748672898026e+00,3.146539647515129903e-03
1.633849300825048978e+00,1.189562349022393302e-05,1.939438241721456180e+00,3.165640735789498721e-03
1.331842320765785015e+00,1.030736624851124637e-05,1.370932688854188841e+00,3.164405957575264650e-03
1.675589776637736339e+00,6.122069998146068310e-06,1.182474349824965243e+00,2.945351505560619108e-03
1.941239535085363510e+00,1.465154515259233154e-05,1.835374561521438519e+00,3.936578567498530412e-03
1.822104907459336065e+00,1.340195386135329913e-05,1.065436687111439795e+00,4.787479469484413018e-03
1.432989486269207857e+00,1.083208928695008076e-05,1.869588796652656981e+00,2.881406749451454006e-03
1.377091257339196684e+00,8.388202364587826575e-06,1.383432839057791242e+00,2.889593621282199060e-03
1.658029081911616132e+00,6.643684612753867898e-06,1.168826142806481894e+00,3.069909814602514355e-03
1.942355583160396915e+00,1.094415617453725671e-05,1.340922049183400411e+00,3.981564394466458566e-03
1.275520852585470433e+00,8.424081027820689638e-06,1.145905698399965367e+00,3.062179252778968273e-03
1.976203627214755176e+00,1.233532788080580171e-05,1.116323295723515852e+00,4.673004519355565198e-03
1.111516683863229993e+00,1.115068459777244296e-05,1.890965250408482179e+00,2.560159274421902956e-03
1.701771377664990759e+00,1.473153764718610181e-05,1.707015540727231606e+00,3.832268328266357459e-03
1.581399154711897292e+00,7.627191055769407311e-06,1.852517420051135399e+00,2.551654758531279876e-03
1.149785027178477304e+00,6.926449945704067014e-06,1.940934192910672040e+00,2.025621364892612672e-03
1.905013257257609283e+00,8.808130101082546989e-06,1.199201272550195707e+00,3.740630591007879785e-03
1.891786776581973362e+00,6.760987803616324947e-06,1.576053773679077619e+00,2.848758627058140501e-03
1.520614756998448058e+00,1.341267523962191700e-05,1.042065126691223309e+00,4.424048443755547802e-03
1.177714253131492139e+00,1.160362540615774316e-05,1.418127573542615094e+00,3.104267692216759571e-03
1.324501926665215379e+00,6.051016599376142696e-06,1.956383111943778008e+00,2.024014021268472855e-03
1.885156978650122106e+00,6.570329670727181027e-06,1.290109345034214483e+00,3.098518404289066826e-03
1.182309548426797807e+00,1.157619049216139116e-05,1.280317344653398859e+00,3.269562294746659967e-03
1.821338623063342599e+00,9.081468857400925470e-06,1.171812667618916226e+00,3.757026889382385996e-03
1.754870255467165130e+00,1.440266219431655405e-05,1.016076692082844568e+00,4.987474051858975001e-03
1.039110470332289982e+00,1.130219677159645118e-05,1.121903261687070330e+00,3.235449213854405155e-03
1.331896605666628597e+00,1.253007161574291794e-05,1.532311908418183766e+00,3.300186202888848175e-03
1.632504288199243980e+00,1.346663869166338245e-05,1.929102034574926128e+00,3.375819130284339695e-03
1.224020357555829053e+00,5.312200867804599571e-06,1.161617310205010245e+00,2.365919845116102715e-03
1.772064184420033772e+00,6.217368479960916184e-06,1.328162486358220429e+00,2.880165360236475701e-03
1.099748213070327330e+00,1.085977155315939743e-05,1.538090003930338234e+00,2.786545266393561805e-03
1.531562025889322332e+00,1.198898315781054245e-05,1.283687871256061097e+00,3.782062931520502758e-03
1.169342092522879017e+00,7.373749153412796551e-06,1.197161281814395739e+00,2.683728881404697300e-03
1.365499044167859388e+00,1.457806073002012538e-05,1.218703822254445956e+00,4.041536368005901013e-03
1.669083041908771214e+00,1.221995013093931977e-05,1.968986388010268040e+00,3.218491246048008330e-03
1.401564827336481800e+00,1.282446588111392762e-05,1.577506287178298106e+00,3.375520026510341141e-03
1.628454699508308678e+00,1.376117912286712873e-05,1.396512870240673720e+00,4.005836262145124650e-03
1.291599620042657826e+00,9.303039677802990147e-06,1.356949013519959113e+00,2.975737555766776784e-03
1.653909309578968756e+00,6.171570848524230007e-06,1.130598485248225149e+00,3.004688852510668112e-03
1.090254139896968066e+00,6.416564787735304179e-06,1.105191113469557784e+00,2.515917940210981446e-03
1.099995220988478239e+00,1.134244654396654505e-05,1.591257583713629131e+00,2.800132140384772698e-03
1.805236097032023146e+00,8.670637846824962556e-06,1.874787587923093968e+00,2.889458712657820474e-03
1.355609746456457154e+00,6.411131820383640843e-06,1.758672185582407455e+00,2.223014252382683048e-03
1.052152198458400800e+00,1.193756790012937061e-05,1.313677297828759638e+00,3.092095249366812789e-03
1.778748788651285606e+00,1.450483503247769571e-05,1.711133940079673010e+00,3.883038555803111982e-03
1.992296807244815060e+00,7.866443175899051992e-06,1.830411766450622535e+00,2.926117927597622626e-03
1.892206611205886180e+00,9.314773194383629812e-06,1.217085270786783191e+00,3.805484144707159486e-03
1.754558650041254886e+00,9.979073943848172965e-06,1.438092884238436397e+00,3.489278196694439119e-03
1.407929972089729587e+00,5.544514298191448090e-06,1.603055972670143436e+00,2.206723590522676175e-03
1.956285837846738485e+00,1.165559752373320979e-05,1.528564049154835347e+00,3.862260888471560818e-03
1.324100926401184930e+00,1.466026232202220620e-05,1.502029909465278923e+00,3.594943962387760379e-03
1.212784799873972919e+00,8.291964183860684330e-06,1.638155319359686946e+00,2.477667608546794357e-03
1.256655688787417624e+00,9.417882084002262305e-06,1.185458518160024788e+00,3.159669036409516393e-03
1.575928760369978754e+00,5.830616249602336663e-06,1.647732039370869206e+00,2.361468880433939543e-03
1.592888601607405974e+00,1.413993655137757601e-05,1.199283531332866026e+00,4.333666607607301186e-03
1.232410628834354815e+00,8.861455827594062903e-06,1.798781395132521332e+00,2.464002037332911794e-03
1.999850750348264317e+00,7.323833837174257446e-06,1.030006735699312781e+00,3.770925926551857866e-03
1.613126789124315730e+00,8.708795199745237802e-06,1.670232796721762059e+00,2.900178889354358604e-03
1.714980117409728333e+00,1.237248730976541215e-05,1.784893252325304047e+00,3.447878310054110131e-03
1.079141666837209801e+00,1.126655500970002657e-05,1.761489771812014826e+00,2.627209698066141057e-03
1.040585953779113115e+00,1.456500666178967422e-05,1.617163389141578866e+00,3.061380933549630225e-03
1.249083767689607605e+00,7.565756176198275065e-06,1.139413764510956328e+00,2.879925292854972670e-03
1.871041889051530571e+00,1.092860765927633921e-05,1.605656214672067428e+00,3.568600158952407991e-03
1.209051592814995857e+00,1.042035161929231207e-05,1.162342072234925583e+00,3.292278946352195871e-03
1.957287913580343375e+00,1.466081848112567757e-05,1.176636472852365500e+00,4.938389178969146420e-03
1.432601952810624191e+00,8.173318231964999984e-06,1.741120967137983699e+00,2.593268597087459038e-03
1.209258538300561625e+00,1.155334367516196045e-05,1.611103715182812035e+00,2.944772019537683552e-03
1.968667206960379445e+00,1.215295273700089650e-05,1.906830180678949827e+00,3.542183448680632108e-03
1.615207611966191337e+00,9.991854939034315968e-06,1.605795341568792001e+00,3.170239987881372668e-03
1.811594764582352246e+00,1.341506823731190842e-05,1.315581138641880088e+00,4.298017231335095507e-03
1.314694481962492389e+00,6.882899856129484337e-06,1.121386521260325342e+00,2.840668003907186392e-03
1.180724491678221799e+00,7.875964183245168443e-06,1.318746405829561485e+00,2.655495120115247080e-03
1.599619585761546059e+00,7.808122914621779513e-06,1.696623000468671982e+00,2.713244941712931232e-03
1.270152441565901569e+00,1.381365772213435312e-05,1.090390147037160196e+00,4.011356954598152037e-03
1.197248795379188380e+00,1.065658418742419843e-05,1.585340392086739270e+00,2.836873379618437985e-03
1.720810016592182246e+00,1.303118590480991211e-05,1.617611604199001185e+00,3.723242351928960237e-03
1.954927209987376235e+00,5.871116825007601211e-06,1.136490542473604926e+00,3.177918416480989949e-03
1.907126578346675538e+00,9.872600777461895425e-06,1.577840413585604340e+00,3.454411011415525323e-03
1.659808395216023857e+00,1.109651830756961356e-05,1.056054688359669758e+00,4.176179344143729488e-03
1.416858403876258166e+00,1.106143576529621390e-05,1.461354475843571921e+00,3.274848314872623976e-03
1.975024761394669870e+00,1.435866776836689849e-05,1.124002578430828958e+00,5.022959681125855821e-03
1.536158458921698777e+00,9.661451232834806737e-06,1.735634245495440986e+00,2.924220289462661250e-03
1.960829912712301226e+00,1.193408236007568681e-05,1.387035189570091420e+00,4.107435358696665678e-03
1.505467839596470458e+00,1.338374855116867889e-05,1.794847274225195299e+00,3.350509669257815612e-03
1.987129868347140782e+00,7.532304789115462639e-06,1.012251970197746154e+00,3.845322355459365477e-03
1.345444880179565539e+00,6.860725628228148769e-06,1.465179521097692339e+00,2.509993293165493477e-03
1.018354097755736376e+00,6.863310357241121677e-06,1.543776684786156483e+00,2.127766602221819840e-03
1.275721316721595944e+00,1.393051306969884172e-05,1.721935528921242131e+00,3.212573101684213384e-03
1.745562473712791274e+00,1.376331705367522833e-05,1.259572422806530145e+00,4.367346843582731696e-03
1.759385293028288721e+00,1.339897015311715270e-05,1.936833027505889593e+00,3.488751991427245860e-03
1.287978871186224783e+00,1.065196604084265409e-05,1.401350308647047793e+00,3.128930373871104901e-03
1.257174226553138485e+00,8.393585646699000609e-06,1.405435592309252746e+00,2.740097545829031211e-03
1.456596007094973277e+00,1.086712416831509298e-05,1.455737958368251261e+00,3.297503529311116878e-03
1.247842000673077933e+00,1.257032382519210800e-05,1.301168567935998999e+00,3.472052238748941401e-03
1.842494264040571483e+00,5.305708380580740388e-06,1.609103668937695630e+00,2.464806029685356979e-03
1.603192251162850024e+00,1.127559744437774591e-05,1.154665623420243925e+00,3.956712232903033047e-03
1.122663944094175914e+00,1.139842498907252033e-05,1.730741589881267251e+00,2.719137662357205051e-03
1.513826680187690510e+00,6.144432434269383276e-06,1.864618022933575148e+00,2.233490066123073031e-03
1.062667305312142485e+00,1.226085467086175681e-05,1.242605227793834644e+00,3.238116306471887015e-03
1.504250025951550551e+00,1.005550898315908103e-05,1.759403031070427392e+00,2.932104031478122239e-03
1.899543892169541115e+00,1.248490051313470550e-05,1.410804392417671416e+00,4.099999539920665473e-03
1.256065767240337028e+00,7.644694891121078323e-06,1.068426568387383924e+00,2.997877818033117293e-03
1.014934058261614869e+00,1.324969358402508740e-05,1.183744867633720332e+00,3.370487928806830628e-03
1.963095111345710020e+00,1.437572861132895200e-05,1.325637180132088977e+00,4.613954052965501748e-03
1.400903267149724574e+00,7.383716465708894619e-06,1.955973789784180239e+00,2.299641112892462144e-03
1.805223808067005997e+00,1.115948566283596935e-05,1.744761007927415619e+00,3.397970796443265662e-03
1.559103588803368856e+00,1.198348206488982406e-05,1.851477744025420868e+00,3.176652819149583529e-03
1.396935901615039111e+00,1.491387353691558013e-05,1.125327597805473978e+00,4.302728891377671783e-03
1.073177313104130892e+00,1.447817463161467965e-05,1.242979607041988954e+00,3.535579809937855131e-03
1.388462255497854736e+00,8.476329496857095604e-06,1.601846481835189628e+00,2.710569258316271931e-03
1.846055989456545809e+00,8.370615592587028322e-06,1.477900898660958529e+00,3.233541780251445851e-03
1.195884707730061169e+00,1.216059883889908768e-05,1.340914486256109317e+00,3.293226457833159197e-03
1.136914523359637386e+00,9.362004865479124684e-06,1.227608402749854166e+00,2.944546467191819228e-03
1.290392892220186383e+00,5.396356453149195556e-06,1.562867313249008516e+00,2.110815339211865021e-03
1.048617469385307199e+00,9.631844202385537936e-06,1.299918590895567494e+00,2.787437840116780644e-03
1.814174800089118023e+00,8.613918179239820228e-06,1.326325624064615072e+00,3.432534066232039490e-03
1.348591243054765521e+00,8.671407695035892346e-06,1.539216211276823509e+00,2.756355031496185697e-03
1.531796085552694642e+00,9.281707384920480976e-06,1.789961263656170143e+00,2.818334894387844632e-03
1.695396958211118577e+00,7.156383158735617512e-06,1.943904074330750298e+00,2.498302814941865714e-03
1.062121341996990154e+00,9.293327792130362229e-06,1.685284602483991812e+00,2.420115366366291064e-03
1.509192482694633242e+00,8.388059598699981650e-06,1.667641304953470849e+00,2.755191238526367645e-03
1.118476188818585904e+00,1.016740619053509110e-05,1.431818187921994223e+00,2.818217588842869461e-03
1.331000379204632988e+00,1.259451381173858699e-05,1.701155525651584899e+00,3.139119025035981211e-03
1.326090604449705390e+00,1.425096360556469613e-05,1.410569248415441290e+00,3.660256400078948456e-03
1.477313411041419222e+00,1.243514178382286055e-05,1.493994940744165056e+00,3.506607258909193690e-03
1.669302434051348261e+00,1.300186822742029693e-05,1.628744032532139174e+00,3.650429577601803800e-03
1.799573539758906549e+00,1.286133089209944404e-05,1.920915009485586467e+00,3.471152389000495796e-03
1.307041289037746301e+00,5.523407097318865701e-06,1.401899288956163225e+00,2.269288815233441899e-03
1.127895459994917582e+00,1.104142636481598939e-05,1.345502471004106360e+00,3.042319104792090730e-03
1.964483871059194531e+00,6.898545296516009174e-06,1.366583562067795521e+00,3.149088729642953669e-03
1.556532346769947894e+00,7.172956382204237577e-06,1.383414058104246447e+00,2.840874691710628622e-03
1.623391669401669013e+00,1.247949129885762520e-05,1.247796745019420062e+00,4.029379509431300563e-03
1.826020501620242431e+00,1.296299253629512517e-05,1.723314014352771206e+00,3.706152197972774343e-03
1.876617473892179033e+00,9.200078976572540257e-06,1.855582539620272087e+00,3.050306758793655537e-03
1.081320413820066495e+00,1.437077838037633466e-05,1.302414375195396268e+00,3.454162432135344640e-03
1.394670338456658776e+00,8.037725858012726378e-06,1.658329431165327605e+00,2.599961834358197141e-03
1.838736775701654835e+00,1.472795527231933292e-05,1.174579558434582616e+00,4.801642147556878237e-03
1.211452686400925849e+00,9.039953281645659431e-06,1.475001608587836799e+00,2.724834156940324215e-03
1.961742854841895145e+00,1.459948671349080998e-05,1.754789810718400567e+00,4.039962011147662894e-03
1.970953081071459501e+00,5.531134949659874992e-06,1.316369684860829281e+00,2.877771678351624327e-03
1.612450141434430773e+00,8.652750256961231997e-06,1.911030665218824032e+00,2.702006589466138080e-03
1.794154452321006232e+00,1.001879737254691806e-05,1.855882666559526051e+00,3.112163840157396600e-03
1.286340081269736757e+00,1.406580727835031970e-05,1.010086075588366494e+00,4.232344787901755855e-03
1.172325834754269103e+00,8.154450827393556125e-06,1.875602365769415192e+00,2.257621545158039391e-03
1.516430681647128242e+00,1.054795094124159950e-05,1.101060843274667356e+00,3.811445138070961892e-03
1.939053879968696492e+00,8.940896552062800302e-06,1.127004834006862133e+00,3.922135415533642422e-03
1.356935032921073869e+00,8.052874722260397418e-06,1.557511602400117656e+00,2.648740144018492566e-03
1.067760383096295618e+00,9.775887868375179168e-06,1.227325683161272218e+00,2.916319462366275591e-03
1.526728112520305380e+00,1.143602566152273546e-05,1.920701654918923751e+00,3.015007915134044168e-03
1.294816853852656768e+00,9.047386031769020175e-06,1.452411791841999644e+00,2.840016408910689058e-03
1.525668125644580764e+00,1.206748294814684465e-05,1.295194062379852351e+00,3.770257052716510793e-03
1.727824824643036106e+00,9.883946388080117949e-06,1.117024022679039996e+00,3.910063304072811281e-03
1.394528395278211708e+00,9.776652880078769926e-06,1.941705749179931217e+00,2.649824251828845380e-03
1.254480128564736674e+00,1.133295752076147735e-05,1.971099836603904976e+00,2.685648756192385300e-03
1.885757568183481059e+00,8.233076910485811819e-06,1.665095833426249339e+00,3.053545522454879663e-03
1.757190779639789646e+00,1.166033232281952991e-05,1.796790215628909504e+00,3.376884719935746570e-03
1.704500576562011149e+00,1.476205214980707124e-05,1.631087378782460462e+00,3.927654975639526674e-03
1.550744039607092617e+00,1.300523593800884741e-05,1.684217519785684347e+00,3.460430153190232217e-03
1.642404679835024250e+00,1.166674940011236579e-05,1.127862395287652753e+00,4.121800458321898779e-03
1.572338284620501625e+00,7.833167864565049879e-06,1.457979860895257884e+00,2.906470697164780306e-03
1.607187876313860286e+00,1.143037141939591469e-05,1.807160366786759509e+00,3.188343822799747772e-03
1.252201524943822308e+00,7.801242539488549327e-06,1.857494957824885162e+00,2.293269961861675501e-03
1.714928471085688244e+00,1.082218755970380369e-05,1.058751568227286777e+00,4.186812384875750019e-03
1.635438504685184480e+00,1.485855165139975082e-05,1.437951820973413231e+00,4.110864678133043307e-03
1.387361429973125837e+00,1.101301331195635775e-05,1.901559630924515520e+00,2.834607395421211672e-03
1.925115282172164211e+00,1.011461231485210677e-05,1.352118764039921484e+00,3.794858366119804524e-03
1.200997116318870850e+00,8.980562234336150160e-06,1.281707176836847761e+00,2.900870473986114084e-03
1.583626061722950951e+00,1.020059388632434020e-05,1.449845327662560468e+00,3.337937589126930421e-03
1.974530303818871513e+00,7.574922209755194759e-06,1.467994823254802128e+00,3.191969465878514382e-03
1.467932905194009763e+00,1.102097855172211489e-05,1.366646761250675191e+00,3.440606799078488841e-03
1.206923639939825987e+00,7.164329010741192951e-06,1.839818068638576776e+00,2.167904855433206487e-03
1.527695859394021749e+00,9.230757456323986326e-06,1.182614077641627626e+00,3.453151228590742913e-03
1.207654606259259245e+00,7.662525450301429066e-06,1.335923333705823612e+00,2.631882936351465866e-03
1.969529589778727718e+00,9.025991894763704481e-06,1.545957685014029970e+00,3.391016658812249281e-03
1.449824318224921527e+00,7.208391068584297395e-06,1.303544979791425362e+00,2.831482287612408465e-03
1.227144072226093119e+00,6.093884016699063750e-06,1.396330392029356160e+00,2.314199383673812196e-03
1.703525645765982865e+00,5.325293018009594711e-06,1.590248257042692348e+00,2.388436110209154160e-03
1.598272427439159760e+00,9.155810298486338739e-06,1.582394686526364058e+00,3.040999779080509700e-03
1.963823394497633767e+00,1.030007706563945311e-05,1.266592014405199418e+00,3.996253953785883564e-03
1.348247286473779116e+00,1.491305591209886541e-05,1.634205287367020976e+00,3.507638230138878429e-03
1.195737904056388246e+00,1.486477616204801247e-05,1.316438991989028473e+00,3.674487856241437714e-03
1.414288322607816895e+00,6.985989775645595358e-06,1.689121353751919852e+00,2.418535822980169125e-03
1.645693620665018120e+00,9.856886852387791771e-06,1.097105513958675616e+00,3.845211031445064723e-03
1.798008918584452331e+00,8.045022010968509393e-06,1.801643810349626840e+00,2.833512103815859391e-03
1.585308198351914832e+00,8.597333947712886058e-06,1.730108077258405430e+00,2.806739677885417873e-03
1.833259783990213609e+00,8.771000426428875678e-06,1.639256153028959773e+00,3.131938031728902401e-03
1.436663324398990582e+00,1.267996741139793628e-05,1.225573114570853939e+00,3.855377944834001945e-03
1.161458526314762763e+00,5.882320156404343298e-06,1.714515956809930630e+00,1.996206275761078838e-03
1.964295151016371088e+00,7.734009492035222281e-06,1.970571926764830728e+00,2.776576073708863883e-03
1.691408429225331300e+00,1.280502615784676287e-05,1.415544430501422202e+00,3.911584599709492203e-03
1.738288397472093294e+00,6.267775271472924035e-06,1.579557411792479771e+00,2.626333759004523087e-03
1.208477068924402431e+00,9.756226855316161380e-06,1.261538957227339441e+00,3.057101223580908998e-03
1.293461525118139388e+00,9.806716768634160338e-06,1.640079777136846051e+00,2.781032645133457628e-03
1.154054959254078749e+00,1.186144985945823146e-05,1.559365494075995340e+00,2.962839831602665300e-03
1.693936065994370743e+00,1.203050086973854913e-05,1.115544112860426207e+00,4.274122718940633579e-03
1.608464176739696327e+00,1.377900936061564365e-05,1.958456075080133640e+00,3.364013858567855599e-03
1.627489801129033964e+00,1.062138715487899600e-05,1.146804612149791236e+00,3.882442586289222303e-03
1.730485736119789397e+00,5.058691905990192651e-06,1.784963548818254475e+00,2.214565098115729019e-03
1.478275529768909191e+00,1.029326753066482170e-05,1.876057304378010882e+00,2.847942878657636675e-03
1.973188609817842387e+00,5.734543530830894472e-06,1.524973052081378011e+00,2.723972019274605201e-03
1.011400028540689444e+00,5.495576498966504015e-06,1.115374681832864479e+00,2.232326519261208439e-03
1.477036631196153360e+00,1.405610354622127543e-05,1.377566858040407016e+00,3.882145103581171458e-03
1.691447799815973818e+00,1.405847350155828838e-05,1.822692860570711559e+00,3.611949226940516875e-03
1.341746053217123036e+00,6.332394377271223301e-06,1.224681387881597416e+00,2.633950334494697919e-03
1.530025166157813032e+00,9.994993066249698602e-06,1.169936096955408678e+00,3.615425903566115394e-03
1.516206280254265959e+00,1.001470718162624250e-05,1.291907894320399208e+00,3.428329039306989880e-03
1.022744941935906038e+00,7.533657112351024676e-06,1.217180194202296839e+00,2.515991424838655115e-03
1.459646776059647433e+00,1.270233482400429830e-05,1.482248643560857948e+00,3.536756281315506754e-03
1.167616562809055791e+00,8.252402044928175496e-06,1.735424816118159352e+00,2.356337043282107080e-03
1.288568815227908892e+00,6.679421435892384669e-06,1.754533195884152352e+00,2.214840399547568246e-03
1.251111299704190882e+00,6.973136236441420145e-06,1.242064292136589199e+00,2.650269326161681233e-03
1.369678903786851087e+00,1.352502186125120593e-05,1.759653122051389129e+00,3.244627457205241042e-03
1.857688152551280503e+00,1.485371231860895886e-05,1.665929675761864903e+00,4.069823523273031866e-03
1.704307584014989718e+00,1.232485819324980421e-05,1.653385539022251827e+00,3.564329839589886958e-03
1.479331691801067716e+00,1.350566740377745994e-05,1.382078876102438070e+00,3.802107494526335129e-03
1.643341625391318006e+00,7.342719359752240265e-06,1.465622676100940769e+00,2.869335324211473841e-03
1.651826682973190019e+00,1.073071586663878670e-05,1.881147297452557154e+00,3.069624022349002820e-03
1.436307705649171984e+00,5.931016970372984169e-06,1.448824470396334885e+00,2.424825230713055241e-03
1.274569664626908239e+00,5.206162626213387898e-06,1.892710461597044258e+00,1.872399699232225791e-03
1.064734083419923927e+00,1.460778542395486224e-05,1.836575196939090215e+00,2.910103339230438266e-03
1.042999609966951402e+00,1.301383157279236840e-05,1.696331673107142723e+00,2.828715552962775704e-03
1.040652046643752326e+00,1.460844696421576076e-05,1.082992454857957920e+00,3.746640988084267050e-03
1.629128543132133622e+00,1.305129581682735717e-05,1.728509016636967655e+00,3.507265703450814821e-03
1.237381947038110219e+00,1.386599638346017183e-05,1.671996601784431213e+00,3.203389397625149449e-03
1.465713574125556029e+00,5.212016620655715278e-06,1.252354911994705944e+00,2.469811106015096583e-03
1.131441910016988128e+00,1.448116087976871757e-05,1.224736373430596714e+00,3.657602553272891726e-03
1.048599505794385767e+00,1.236503958140344655e-05,1.023486178276840741e+00,3.559275365489491735e-03
1.169166523382829226e+00,6.245935032374473916e-06,1.726133158645056564e+00,2.056836494934451750e-03
1.314299894182423545e+00,9.564583843472335877e-06,1.751585044058082907e+00,2.678950330580438712e-03
1.044952839972159708e+00,1.425091251530673602e-05,1.993676405588750811e+00,2.733017091972061823e-03
1.501870568205180945e+00,9.714732470242759402e-06,1.531209141037308541e+00,3.086842132879992397e-03
1.373780761905924575e+00,8.317351684849755148e-06,1.658393969307938587e+00,2.624867543771420165e-03
1.197759035019783092e+00,7.828024997419514449e-06,1.879933335538164441e+00,2.233261634536717714e-03
1.009253237199414066e+00,8.466368011213149124e-06,1.281600433045518628e+00,2.582095637332004843e-03
1.961058885138351027e+00,6.081490499707670273e-06,1.173604755477736905e+00,3.187787793150068712e-03
1.380218667142778521e+00,8.379211281672799874e-06,1.609435546784246940e+00,2.680641424182132228e-03
1.495470303286431601e+00,1.378156532258707482e-05,1.563485280388896115e+00,3.630707582355704403e-03
1.778431236493593470e+00,1.162678654415663217e-05,1.875102642802496611e+00,3.320747585756132596e-03
1.980205802108129465e+00,6.166578040510141187e-06,1.440733598716896768e+00,2.911289796208777793e-03
1.627154693497716575e+00,1.375960672041366057e-05,1.908736200752182643e+00,3.424873040929509935e-03
1.291791108701509483e+00,5.614389574765084693e-06,1.124570090863987515e+00,2.539534711395648094e-03
1.480696895617714226e+00,6.209650190645170565e-06,1.973353395227785523e+00,2.158560458287040167e-03
1.980528982094119428e+00,9.662443122198529654e-06,1.351048080655274486e+00,3.763558524534830248e-03
1.909132220943111413e+00,1.076265579111636849e-05,1.443329135745818004e+00,3.773071540907651372e-03
1.090460562508723807e+00,1.426525489291888493e-05,1.721197769555840917e+00,3.006279549282906641e-03
1.557961476476472207e+00,5.546130559841291476e-06,1.768942477958956427e+00,2.210123520402630312e-03
1.334353199702115855e+00,8.247197233663348790e-06,1.369874222501391792e+00,2.834315843440321503e-03
1.252461699287437336e+00,1.158648777994843865e-05,1.518382230263970456e+00,3.091488068053946034e-03
1.252705717276057396e+00,9.303974521084081142e-06,1.207521675644478432e+00,3.106785848850091274e-03
1.269375715769081037e+00,9.167248287793188348e-06,1.607641364129470896e+00,2.690419511235108384e-03
1.753038364042143638e+00,1.414184381155914134e-05,1.891997832012450864e+00,3.619831968719272770e-03
1.319482893262752476e+00,9.178502156132792815e-06,1.042993650859594501e+00,3.407587032107207634e-03
1.174786454533718771e+00,7.532221668216122892e-06,1.436450101181798722e+00,2.481965493985602029e-03
1.345829027263879762e+00,1.358654742338315200e-05,1.407182781604861654e+00,3.604742474415905187e-03
1.686950147423204260e+00,1.271730252115585525e-05,1.542283568566176655e+00,3.729636528143817024e-03
1.331086919761909515e+00,6.348778622619833989e-06,1.877585739725399883e+00,2.121526254781456663e-03
1.462606824534252281e+00,1.152272970086578919e-05,1.003392044484788803e+00,4.098322763321840360e-03
1.389724715309524683e+00,6.876940539010655627e-06,1.370733235324337329e+00,2.640496242136173080e-03
1.136391759325984463e+00,1.438664722076024618e-05,1.434692496288512586e+00,3.375704491489868973e-03
1.562320647649109162e+00,1.402398842713427034e-05,1.018044944117572292e+00,4.639138974494154757e-03
1.936822288984176632e+00,5.443152779010141263e-06,1.135002906643832965e+00,3.047696122206869970e-03
1.017382407111915077e+00,1.491868879205049078e-05,1.979112317961496670e+00,2.769314107281963411e-03
1.931210900029292521e+00,8.486689031347428470e-06,1.589512452330478443e+00,3.211086681439147446e-03
1.375804980280575185e+00,1.404209017757300851e-05,1.579273964567077915e+00,3.497563270584762470e-03
1.782110255450784386e+00,1.451995899236373480e-05,1.626466536422010112e+00,3.988663632720870419e-03
1.327132645236115405e+00,8.297533237933811409e-06,1.107067349638917175e+00,3.153876224844789390e-03
1.749552011120097950e+00,6.335985944677269575e-06,1.111463888419361501e+00,3.158078005442686159e-03
1.657494729546080681e+00,6.653645411096974899e-06,1.569202302784147740e+00,2.651040948255069859e-03
1.818892868436109644e+00,6.121353955810089927e-06,1.458352245746251441e+00,2.763096730396769583e-03
1.742109543342919675e+00,7.245064833939900907e-06,1.540941141566795958e+00,2.861975045925498323e-03
1.422695260098993941e+00,1.293698862710444965e-05,1.468930894526633946e+00,3.539744030144973373e-03
1.318772437848687140e+00,1.301914399097292503e-05,1.833561243062132196e+00,3.060049387770329751e-03
1.265766995714120657e+00,1.117160330354540168e-05,1.474101802591907706e+00,3.097211748547980432e-03
1.031715674431990859e+00,9.075312190837375631e-06,1.204895318539995985e+00,2.787636502229246492e-03
1.407375334681805867e+00,6.733803917882809429e-06,1.106550311112266982e+00,2.926507344600246842e-03
1.773958851242900536e+00,1.495266642100230399e-05,1.085234564030265414e+00,4.943895524547627790e-03
1.987762270098875739e+00,8.357892151582801933e-06,1.058669066738036957e+00,3.961416362397451180e-03
1.843308830451252600e+00,6.956771834446671111e-06,1.810054542766970087e+00,2.661687719186913402e-03
1.650832977067430374e+00,1.143652507684507335e-05,1.576642073745643913e+00,3.460445830850230556e-03
1.081707520016627067e+00,8.888857254962198809e-06,1.427168911931459672e+00,2.595614562139391453e-03
1.324040999555144982e+00,7.359448266572720232e-06,1.337753722821920288e+00,2.698890477398013278e-03
1.038569166080863360e+00,1.484538474360377484e-05,1.620621384630880790e+00,3.084413949041047397e-03
1.771558134350755820e+00,1.334088558055747498e-05,1.769956420278383291e+00,3.654169995325683498e-03
1.305221178420778561e+00,1.067348079796632152e-05,1.134357990168339159e+00,3.504451269198443925e-03
1.938386809958907664e+00,1.131740573922485846e-05,1.076988133878959975e+00,4.513237695534721636e-03
1.711914542455299504e+00,1.023686164342369612e-05,1.605591778466747055e+00,3.303747820124788501e-03
1.144170430784711812e+00,1.081226757026349808e-05,1.701212049691586570e+00,2.696649655101194826e-03
1.050340944960125977e+00,1.224172125933443505e-05,1.707789371439944359e+00,2.743906054248878342e-03
1.069406116920300409e+00,1.255094559674697484e-05,1.562067123579546468e+00,2.931296230286608694e-03
1.056398653032802448e+00,9.033419668844273705e-06,1.341065032121130596e+00,2.667565509589445941e-03
1.645786084303563213e+00,1.268250175664011395e-05,1.566111356619180661e+00,3.650714233729743675e-03
1.875486506121108121e+00,1.258908637693127039e-05,1.759257833004725047e+00,3.663442099208513193e-03
1.419658951383415024e+00,7.992179824968596554e-06,1.469862955409989791e+00,2.778345260045879568e-03
1.415984017589577704e+00,7.483279987125733071e-06,1.142697096625546749e+00,3.045156456623874380e-03
1.398409681001902216e+00,1.399335062332952701e-05,1.092305621615389466e+00,4.232587885876061204e-03
1.320705157611945513e+00,1.331514317850335900e-05,1.611147192473389556e+00,3.303758153023639722e-03
1.573529551854110142e+00,1.474793145516834286e-05,1.479075281118393370e+00,3.961027590863328528e-03
1.486789828589347051e+00,1.150944559104493867e-05,1.320707331316258948e+00,3.599554043782671534e-03
1.411851225494250572e+00,7.215927941385175790e-06,1.685460518686727749e+00,2.458562592778205068e-03
1.302241352632286020e+00,1.419749780690306661e-05,1.664883141424539748e+00,3.332420277241728707e-03
1.564590341831135323e+00,1.227509721242285161e-05,1.007498480977381705e+00,4.366068977089920117e-03
1.406390001434554060e+00,6.008645087366297836e-06,1.600997197555904750e+00,2.297448978390783433e-03
1.265024185619983754e+00,1.452529990049686924e-05,1.507501205714089076e+00,3.491267569409442495e-03
1.555142893040024399e+00,6.187240027755938219e-06,1.590468846091525501e+00,2.459637177896765222e-03
1.799198915003004995e+00,6.108586769831781292e-06,1.403335298197405434e+00,2.798525311545639604e-03
1.746268662455643828e+00,6.190819767127798113e-06,1.528819089106009166e+00,2.659203429269417929e-03
1.463030891253654042e+00,9.210177849641313144e-06,1.857308665481930188e+00,2.693510754202310935e-03
1.217896160067324152e+00,7.814117270059623110e-06,1.084629373419699228e+00,2.962132028745520420e-03
1.474250002617286892e+00,9.417753155935385543e-06,1.426742617703505189e+00,3.119510150837984715e-03
1.747742324848171602e+00,1.104287621431485324e-05,1.288552724662091808e+00,3.870158101943041960e-03
1.205144643550980277e+00,9.229517920010527873e-06,1.195519518179612772e+00,3.050217164607106190e-03
1.270578367029565614e+00,1.368904530412526913e-05,1.769621002997646020e+00,3.135069526954290843e-03
1.182271347045888987e+00,6.689097285941944936e-06,1.159711424794620083e+00,2.611363746761107604e-03
1.488035763335754380e+00,1.365254013962788706e-05,1.277914140140596899e+00,3.987150030138206236e-03
1.498472699935437635e+00,1.208422790592614431e-05,1.290533274268046204e+00,3.745840388088171689e-03
1.577735079746064972e+00,9.038763100598209551e-06,1.486485534245239215e+00,3.097356532741358734e-03
1.317300017160229597e+00,6.950149913431291247e-06,1.862518705971180966e+00,2.217119559314492758e-03
1.128513986586420659e+00,8.234652173258374857e-06,1.884384560927579333e+00,2.220707371155709615e-03
1.990114035824599226e+00,6.327413931415712339e-06,1.778881763402700766e+00,2.660593728908717398e-03
1.791143580960939952e+00,9.896589938139064983e-06,1.185094409559127815e+00,3.867510608874519598e-03
1.908993662230158872e+00,1.321155459723005775e-05,1.126372755154797733e+00,4.731928095317264327e-03
1.846539257918276222e+00,5.069400897120428904e-06,1.265386478863082420e+00,2.719856533513105318e-03
1.775684866010463381e+00,5.396675365143649836e-06,1.225355392106312502e+00,2.796501525316350163e-03
1.864129751245181765e+00,8.669063695525453344e-06,1.279525036018912321e+00,3.553855552948682363e-03
1.092597505263527502e+00,1.401541270350098581e-05,1.187489617883027870e+00,3.591022588515505130e-03
1.217065388606802356e+00,9.398261554138145524e-06,1.559986084584575217e+00,2.707823527883762137e-03
1.865162035941861696e+00,9.408687379567855414e-06,1.438591292221619966e+00,3.492642136952270934e-03
1.073981868039074694e+00,1.194130283372168470e-05,1.656203699824862596e+00,2.782706839940036602e-03
1.428895043546064558e+00,1.261042115978339853e-05,1.714263439171436421e+00,3.242098304765884086e-03
1.702238752947561107e+00,1.364060010135621605e-05,1.675528470372120715e+00,3.722640255220916166e-03
1.517382672172491898e+00,1.071621249590700976e-05,1.993772341542145554e+00,2.855817398151612452e-03
1.190666191882851166e+00,5.885131322568558692e-06,1.089358464917613567e+00,2.536224444696999394e-03
1.536905278951395504e+00,1.232716437856420913e-05,1.064353800008207118e+00,4.219025373170384730e-03
1.153723365261985823e+00,9.167190536199538574e-06,1.185559902770505714e+00,2.986807421959055981e-03
1.409460328232424953e+00,1.445615518440036942e-05,1.932328165109908014e+00,3.247225037958283069e-03
1.521000771871447110e+00,7.029213775843129043e-06,1.465024332349691427e+00,2.701442163996090225e-03
1.086198311525810034e+00,5.589749725459652478e-06,1.926305858123938508e+00,1.775366908236335976e-03
1.051642200145661787e+00,1.378507482098883228e-05,1.048322182945664593e+00,3.718700297292914809e-03
1.678492230668375385e+00,9.697380597556350218e-06,1.639160008952836645e+00,3.151201780328337278e-03
1.675159995725927775e+00,1.000049706006061806e-05,1.207233913001807046e+00,3.725145378961954717e-03
1.148964924718309133e+00,7.302221820671925086e-06,1.257303174901301501e+00,2.583216999761500307e-03
1.511823138350082640e+00,7.153445376547805268e-06,1.646315442471379509e+00,2.563017671836650014e-03
1.607185730513129851e+00,5.560617780440076265e-06,1.812211687748194855e+00,2.220701021990295707e-03
1.848954230330886350e+00,1.128415290809746486e-05,1.648346988577412908e+00,3.557732098287760391e-03
1.329397199550393704e+00,1.440202653142013271e-05,1.779109519584400667e+00,3.280483376541389051e-03
1.518448344927938898e+00,5.371534039436744235e-06,1.750500964327603270e+00,2.158579261120395585e-03
1.435306642635261642e+00,1.023426915206671010e-05,1.741695357005151212e+00,2.904120734227362988e-03
1.914896984750600550e+00,5.268184223130685181e-06,1.309105682099702905e+00,2.775976788388812011e-03
1.524807898540947448e+00,8.540896912621205979e-06,1.843142993250622252e+00,2.658151879343057227e-03
1.824014024840690862e+00,1.190295577931254076e-05,1.252967369907203699e+00,4.162666482844996386e-03
1.462986670698583236e+00,1.484667074937726103e-05,1.718227530127995450e+00,3.555448454120037696e-03
1.968682639291724712e+00,6.186915311441217093e-06,1.120500785552419387e+00,3.296999328799912754e-03
1.392044521020825876e+00,7.893809366776823245e-06,1.755958527978278116e+00,2.501570532301643571e-03
1.483779132545479440e+00,8.270280610162497348e-06,1.795087355488848457e+00,2.614580141730796833e-03
1.158063566536998934e+00,1.259747430270169421e-05,1.065663313099243004e+00,3.699967697178434094e-03
1.359705607668358684e+00,1.382230183455951045e-05,1.792575756812905485e+00,3.237977832289327257e-03
1.850842480749704366e+00,1.406444691882678517e-05,1.557791835976905404e+00,4.087816072381870655e-03
1.037050493511212146e+00,5.787921598291710407e-06,1.690871253301065025e+00,1.884108898526162769e-03
1.409254542826634093e+00,1.497327539826676983e-05,1.897979340009543048e+00,3.334320846060013274e-03
1.974745475860879784e+00,1.124410154273316836e-05,1.618398299813393670e+00,3.704036319757204616e-03
1.347408617352083615e+00,1.282910680194584285e-05,1.453737399322712731e+00,3.448298783227220742e-03
1.156872798482843079e+00,5.825821661720100714e-06,1.244301594937772037e+00,2.327333221672991601e-03
1.825006976076813281e+00,1.491273331829990166e-05,1.506760422442401381e+00,4.249998610802348427e-03
1.014614163946204961e+00,5.094596436843631780e-06,1.503346822258657900e+00,1.854281913104582338e-03
1.010615442022527510e+00,6.985222177100354696e-06,1.358219234661857566e+00,2.279807293827602888e-03
1.855603210704345640e+00,1.261634464566512148e-05,1.583928778846572794e+00,3.844514515107267001e-03
1.389199884361543624e+00,8.483466696762459740e-06,1.348592962520698713e+00,2.956164547916721383e-03
1.967069275708845932e+00,1.368957338439993782e-05,1.148762869649837981e+00,4.841607618195021591e-03
1.910066055750962555e+00,1.197545435734323921e-05,1.712889645642758474e+00,3.654310966569582642e-03
1.401996174917596871e+00,5.775264419470793826e-06,1.196702797944857677e+00,2.601154794027315306e-03
1.690368030640557517e+00,1.001243561108199084e-05,1.546439453131259523e+00,3.308217409828206543e-03
1.315479894301671671e+00,8.660285078649090863e-06,1.131879935825037542e+00,3.172546679118138507e-03
1.233308370451443370e+00,1.422207536184128969e-05,1.508522711160039886e+00,3.409898099569630067e-03
1.393795973199740690e+00,7.739720321395944820e-06,1.524478787197178331e+00,2.660121931023483235e-03
1.198650456073312220e+00,1.298323744833326760e-05,1.403546080383001105e+00,3.329848231442193371e-03
1.385904354095232716e+00,1.254467269103987034e-05,1.484096766389582545e+00,3.422671254279287256e-03
1.728441876762649709e+00,1.476964900996163504e-05,1.082483455654468019e+00,4.856259028685563396e-03
1.155877877629191808e+00,5.806018144091134541e-06,1.461561444361748618e+00,2.142824638502252143e-03
1.940103985890909488e+00,1.476337626094912227e-05,1.831923347883793962e+00,3.954136880747027849e-03
1.146342284495859509e+00,9.510571235419150861e-06,1.083338290801970860e+00,3.172330383389771000e-03
1.359250039126247422e+00,1.084796374972606716e-05,1.938722792337208789e+00,2.757820094391374727e-03
1.719296194645320908e+00,1.286922246739380577e-05,1.834764964472019644e+00,3.472652174404052515e-03
1.576019077267446278e+00,1.412493964165255776e-05,1.713006335702871308e+00,3.604911030930769370e-03
1.741496255811372240e+00,6.656782395653961244e-06,1.534402796186801421e+00,2.748677339988558725e-03
1.040734411575428009e+00,1.239283804161868090e-05,1.851525050303223452e+00,2.639310881051159293e-03
1.410251599125752264e+00,1.423094084564229431e-05,1.323217443606526045e+00,3.894480184220163073e-03
1.001838423044129733e+00,1.262214253460909393e-05,1.835786228787114727e+00,2.624546841374795526e-03
1.707606346657015273e+00,5.162426091162674159e-06,1.291259243357914865e+00,2.612847616046120973e-03
1.877013985492599568e+00,1.117862967087433394e-05,1.205604779565538909e+00,4.171819965425756921e-03
1.986888125372141989e+00,8.881210365647321210e-06,1.342419522924251041e+00,3.625589712784114526e-03
1.606531695713682595e+00,8.369757023566995761e-06,1.704471015600125927e+00,2.808705884482432923e-03
1.252372207355496148e+00,9.422267926287361320e-06,1.873074271397290769e+00,2.509960784268166351e-03
1.892446594164532314e+00,1.374133931714430418e-05,1.667771711020946235e+00,3.948735522092157793e-03
1.353641074852735660e+00,8.585266335744520097e-06,1.236302119311698977e+00,3.065958990059228315e-03
1.854939172668089498e+00,1.072898040747331595e-05,1.113949887213443901e+00,4.226795491946050941e-03
1.914927754106734215e+00,1.417546934326512165e-05,1.630426540838800564e+00,4.080320734048153118e-03
1.534327578724540730e+00,1.139232628722267260e-05,1.924526035343962604e+00,3.013723175636082337e-03
1.356660389077339879e+00,1.226137870260670860e-05,1.665121013089547297e+00,3.160693074380060280e-03
1.238183823169294984e+00,6.952139925743601529e-06,1.760372161648840805e+00,2.211309690434464219e-03
1.994690772549638780e+00,9.957733107422842551e-06,1.177067916256635982e+00,4.107875466917047108e-03
1.001177917959719110e+00,8.248786325750814198e-06,1.585241319341072375e+00,2.282458901205670215e-03
1.139529538001593512e+00,9.045774134583522952e-06,1.287031311274905887e+00,2.830030440994848150e-03
1.989793809523286550e+00,1.142723071611696305e-05,1.799541456089261304e+00,3.554623499434025630e-03
1.839454222070851630e+00,9.333779289179394001e-06,1.258469369421672646e+00,3.693617599620693109e-03
1.045877667501005970e+00,1.183999330743647915e-05,1.345053811319104842e+00,3.034214948022884942e-03
1.287393683414081114e+00,5.047430372911641027e-06,1.433893829581876833e+00,2.128787725422469964e-03
1.765038094089653287e+00,1.322492179414865880e-05,1.149729729318841098e+00,4.505839491605535992e-03
1.720060536195589407e+00,5.038449801351162531e-06,1.078824297856934233e+00,2.834294501532828945e-03
1.437639947289187425e+00,9.272966240001831627e-06,1.994168709424319896e+00,2.585553071182789681e-03
1.978826609658460800e+00,8.811777972260239218e-06,1.205529864834784748e+00,3.803178041932333848e-03
1.726451358083571197e+00,1.296699289495373576e-05,1.035350856280292220e+00,4.650000893555224224e-03
1.811859763868270967e+00,1.255162425175273638e-05,1.151061860436642048e+00,4.444909500931062615e-03
1.267815688983614963e+00,1.014308279001263092e-05,1.483875976101033611e+00,2.943840285664133059e-03
1.431560791557882961e+00,7.037728695795799299e-06,1.185567219687143625e+00,2.915130937880376812e-03
1.898980139712788784e+00,6.245757623175625186e-06,1.500620582656010837e+00,2.811365591933648062e-03
1.554207555431162291e+00,9.572629372723583693e-06,1.756869647751574393e+00,2.910049391583313140e-03
1.594197007748620276e+00,9.102611810616737561e-06,1.596112998514761294e+00,3.015242103054047509e-03
1.264989403528174350e+00,1.182857087083946738e-05,1.722249086937960083e+00,2.947552846905962011e-03
1.341623235951665549e+00,1.177668812351640682e-05,1.704980640183984208e+00,3.044157698050093449e-03
1.506547603280576020e+00,9.344027690078756374e-06,1.406277846413976240e+00,3.163901251030632692e-03
1.683533595774801217e+00,1.280832903741599993e-05,1.468588748617985829e+00,3.831837058702339694e-03
1.132201726255058993e+00,1.413271569554168952e-05,1.789505687067947770e+00,2.990254661808639924e-03
1.807358715994049625e+00,7.793346011856521123e-06,1.358162617528856586e+00,3.220388535590277233e-03
1.915721772213729857e+00,6.732386384085384164e-06,1.749133786126601420e+00,2.715433800952336742e-03
1.751210504353269970e+00,9.786922816525842311e-06,1.811735055948942907e+00,3.075706670964135914e-03
1.898838719902721461e+00,1.036288447039727552e-05,1.082528343370568802e+00,4.263484904935554119e-03
1.582265920361348721e+00,5.088302451621172193e-06,1.459239899014847186e+00,2.348890915511614615e-03
1.075614562969404275e+00,1.478272063773979788e-05,1.418201819408464015e+00,3.348393595393300923e-03
1.571459976649860035e+00,5.665836401425751203e-06,1.828601695688369944e+00,2.206602563178252513e-03
1.776025971836303619e+00,6.200081536570877425e-06,1.841214164874367842e+00,2.445519910191822251e-03
1.894080259821316448e+00,1.449644186814830749e-05,1.771067518608157254e+00,3.937425404102718775e-03
1.536770199541148241e+00,9.067070745749117682e-06,1.835740234099655144e+00,2.755068200217616198e-03
1.977184048400633998e+00,8.967801358978134995e-06,1.214106555831142575e+00,3.821537598948632729e-03
1.959984266253011143e+00,1.459984230802862729e-05,1.402766632535411562e+00,4.516558727840520870e-03
1.720638581526857447e+00,5.046966421780737560e-06,1.302237990233152898e+00,2.582348521681061999e-03
1.669121322387687290e+00,1.092901722716440381e-05,1.643108833490049658e+00,3.331971995478595367e-03
1.664021969759307940e+00,1.386632761970548277e-05,1.396745575110198034e+00,4.064448306634059309e-03
1.458859278271799731e+00,8.665051813255396379e-06,1.646819266715650265e+00,2.770571185934568841e-03
1.325119467085297931e+00,8.883741876403155531e-06,1.445216692487449883e+00,2.854033051376715559e-03
1.921458396002894808e+00,8.346137297781031821e-06,1.262668551233753877e+00,3.563802049028228988e-03
1.953410861079769578e+00,8.167785558882129213e-06,1.686071456188867224e+00,3.076174547595532383e-03
1.439109541212181487e+00,9.048665607592739827e-06,1.654879787761786680e+00,2.805149229936465104e-03
1.031382838990905215e+00,9.356838213738825709e-06,1.350762038176923641e+00,2.672914625009353493e-03
1.379370185371930457e+00,1.133993064707941733e-05,1.010077959223738553e+00,3.935212320857997721e-03
1.617808303194616659e+00,9.630943903742562547e-06,1.739191706622611244e+00,2.993120688250382189e-03
1.811238787574602771e+00,1.479086841204012257e-05,1.578965791344461245e+00,4.119062020605864828e-03
1.795349390725395455e+00,8.465486486530426419e-06,1.262555546892628389e+00,3.469566393811932166e-03
1.497774002352881162e+00,8.962442080639055142e-06,1.384547940981769809e+00,3.113739858234198903e-03
1.113309652179815812e+00,1.378495337546406659e-05,1.760474325342313628e+00,2.952540000514215866e-03
1.906004350323694529e+00,1.160868511581150989e-05,1.759508443200021643e+00,3.546155550123050899e-03
1.075340551668541700e+00,1.378876860825141681e-05,1.036388709177668455e+00,3.782460637145238121e-03
1.731353295485499766e+00,1.115985561569253002e-05,1.038190243498399834e+00,4.314035010105383462e-03
1.233763451740562900e+00,1.236012085924481285e-05,1.428164318565200208e+00,3.267670217859947827e-03
1.824010085080451704e+00,1.109072792522846166e-05,1.778626988430121569e+00,3.372494145154701379e-03
1.505801129644146918e+00,9.852135443757434658e-06,1.445549627845402307e+00,3.203557275740989609e-03
1.339664897074928307e+00,1.392615859808923293e-05,1.016891230426059778e+00,4.283280403810758689e-03
1.221993246463453975e+00,1.123325419044071689e-05,1.585418161880711718e+00,2.942491937625527770e-03
1.223050353779453037e+00,8.237376700338578419e-06,1.785248702971059531e+00,2.375566920697591913e-03
1.685132398905540008e+00,5.238299042357063365e-06,1.361525943153664153e+00,2.546239186397402342e-03
1.738920799588369093e+00,9.541750088994567513e-06,1.875622149899553115e+00,2.974275840974345900e-03
1.936970364162330593e+00,1.445854964098153183e-05,1.864118969859304809e+00,3.876029200681298421e-03
1.547206539435154848e+00,1.078206771952119120e-05,1.305709236539085882e+00,3.574389993359309171e-03
1.951795999144337213e+00,5.774388365068500585e-06,1.826548802124743354e+00,2.484017015352030233e-03
1.512663987393486620e+00,9.288149523613745915e-06,1.207214585563725073e+00,3.411486020077578087e-03
1.539695819135945998e+00,1.276647335530336198e-05,1.550582854246011166e+00,3.560454565231260891e-03
1.724383264011210226e+00,1.191618752256448540e-05,1.111656513806291713e+00,4.299324796418381965e-03
1.829869515835867766e+00,1.137140723069490525e-05,1.967735480356664457e+00,3.251874745136985184e-03
1.970773507363177579e+00,1.336775719487623323e-05,1.041776364280211808e+00,5.028753896621504862e-03
1.257734696836283028e+00,9.464499996216057100e-06,1.353306232666162234e+00,2.965823606594745598e-03
1.609208356545649643e+00,1.302857972460604255e-05,1.603315279001777949e+00,3.616139795264426780e-03
1.392636972244528204e+00,6.064547359732015694e-06,1.310985214747359073e+00,2.538161542326286026e-03
1.436025204747268358e+00,5.392867520948831470e-06,1.777480669324050133e+00,2.087317258499716416e-03
1.561025933277774502e+00,6.687392114034207957e-06,1.965072389270764663e+00,2.304858013364697710e-03
1.020211928498615084e+00,9.411672338767134295e-06,1.433474299285510067e+00,2.588115433927259783e-03
1.239001764103107917e+00,1.108340341964813634e-05,1.302593036049233488e+00,3.246894346424486922e-03
1.871507189906841173e+00,1.174029335731639772e-05,1.170106293296031330e+00,4.333338015148169992e-03
1.255682993876080733e+00,1.106780424774321550e-05,1.284727415488135627e+00,3.289010386657006523e-03
1.104544686796184116e+00,1.260298716927551845e-05,1.648660601037291951e+00,2.905780217481993954e-03
1.598701112420618520e+00,6.540053763516511751e-06,1.168027504896482771e+00,2.991904748065459061e-03
1.920179762249894395e+00,8.124874387184982116e-06,1.121381827050461411e+00,3.729945746779201113e-03
1.547719033915512910e+00,1.235274972835883565e-05,1.812044907651420900e+00,3.248204807523990580e-03
1.587095211931562888e+00,1.345274943666526236e-05,1.728888684989300595e+00,3.514175943169488715e-03
1.274235932156607687e+00,7.035573387283084498e-06,1.300238763978446954e+00,2.625808910709126476e-03
1.795934542419689528e+00,5.424195880345078651e-06,1.262333596671132208e+00,2.777959203970570019e-03
1.358125933992512469e+00,1.024371396120416797e-05,1.525483472277865626e+00,3.019916877943791978e-03
1.877165426304403084e+00,1.396939243907493428e-05,1.070206169031965082e+00,4.950012633856927177e-03
1.164096483661348547e+00,1.072180441135281337e-05,1.186628563532240666e+00,3.243179826258651022e-03
1.436251590929167765e+00,6.272606371587243087e-06,1.817362731086296534e+00,2.226478316764748597e-03
1.610649304345001198e+00,1.401419674096144173e-05,1.038278703260173685e+00,4.662594281742076657e-03
1.734513792350341088e+00,1.185281377661669445e-05,1.175243811832253682e+00,4.182496852265484705e-03
1.486275382664685507e+00,1.115358061566186214e-05,1.888139490882072336e+00,2.963055319651380481e-03
1.736331451833411865e+00,9.775970484990811871e-06,1.994352351218302566e+00,2.917395522945434062e-03
1.354121498713889871e+00,1.246337494246030980e-05,1.152043903401611225e+00,3.827472964999871410e-03
1.363369888822853371e+00,1.036742160824236288e-05,1.381663765396178967e+00,3.198460892590927578e-03
1.455724971717453631e+00,5.873836606761403426e-06,1.090167712187776861e+00,2.800618408745762008e-03
1.512627217967750237e+00,1.248413953158528195e-05,1.498340539015150741e+00,3.550095184351930930e-03
1.796955896957554089e+00,1.200782638319444756e-05,1.600495748536171714e+00,3.671754592097205196e-03
1.689626628586719859e+00,1.214905269845425319e-05,1.580016196632996861e+00,3.604423488978557993e-03
1.299992254949928094e+00,6.579784921501894892e-06,1.690552067270202130e+00,2.249375475183951721e-03
1.055155320738121016e+00,1.222778657229267788e-05,1.998734621679018497e+00,2.540706823066900873e-03
1.507603358152517448e+00,1.009978261939224148e-05,1.696947442984044985e+00,2.995472696686222059e-03
1.677784525000585170e+00,9.749646337505542783e-06,1.927919456111612195e+00,2.912849727858870304e-03
1.076784729320864997e+00,7.252351060983547700e-06,1.971708014325191716e+00,1.990135067783652904e-03
1.962316934796822565e+00,9.168958996847012327e-06,1.285773246655028457e+00,3.740781990870660143e-03
1.909324829357993414e+00,8.300440911680345373e-06,1.751600003924347337e+00,3.007966689596533027e-03
1.068717418007761655e+00,6.125896078409761124e-06,1.565879398565881875e+00,2.044735330522049182e-03
1.366171804088507358e+00,9.808684972146973675e-06,1.835164381151410229e+00,2.702219144035490194e-03
1.209290219161803126e+00,1.071646690086726307e-05,1.060080487964021323e+00,3.496404440789225264e-03
1.803352407956609449e+00,9.154624679331332859e-06,1.860713828945181891e+00,2.978658956836452865e-03
1.420319217261294398e+00,9.417489740431346116e-06,1.987786363786305799e+00,2.594034250158864813e-03
1.695468553912622411e+00,8.204425544804199420e-06,1.146996174223474885e+00,3.482474732581055440e-03
1.918852761927374750e+00,9.591973075451613060e-06,1.136079668438568113e+00,4.025041916803769222e-03
1.783139077989363663e+00,1.377101682054624517e-05,1.846835799701726177e+00,3.646376181912984026e-03
1.350477330048427627e+00,1.011389282179682164e-05,1.703004253881205132e+00,2.832011132814878183e-03
1.478090781537337861e+00,1.162062176574136499e-05,1.309167030707080848e+00,3.622160641577114922e-03
1.896739619348829731e+00,1.413558084684925556e-05,1.692592580259174362e+00,3.980012820131989017e-03
1.215782676173257748e+00,1.253204487058267054e-05,1.771281645908252766e+00,2.932885677705404041e-03
1.448918025289201328e+00,9.459002479345100469e-06,1.906360716522268461e+00,2.681279188126863000e-03
1.450341566693865492e+00,7.312379054946215535e-06,1.114427824483912755e+00,3.084881752425899619e-03
1.639898798629989773e+00,8.499630871921290393e-06,1.609056150240736338e+00,2.943221563257932254e-03
1.764236276185138896e+00,8.190887684938003024e-06,1.014093754776397738e+00,3.774894384212208916e-03
1.940865866903147108e+00,9.498618358868037554e-06,1.211195944661914492e+00,3.901402666832920908e-03
1.082076620938946521e+00,1.311038739987190481e-05,1.350028412529004296e+00,3.241643973726388364e-03
1.030663230959528498e+00,1.080493877561612608e-05,1.506761856357920371e+00,2.718612051846654599e-03
1.042125572642317977e+00,7.532605613539233481e-06,1.966481363021142847e+00,1.997964300205054035e-03
1.327865037045907304e+00,9.147233989111387171e-06,1.437922874762891379e+00,2.906391173926704125e-03
1.137078453070562212e+00,1.018535035109514713e-05,1.659456039414002326e+00,2.641802367962124698e-03
1.078318825034700001e+00,5.758515029017486358e-06,1.296342098633080253e+00,2.188613296586914159e-03
1.321235614043986484e+00,1.414798499979249356e-05,1.645930386484760977e+00,3.370013957822888973e-03
1.201738521658295866e+00,8.960368520750305123e-06,1.041674844467845862e+00,3.215154438680805672e-03
1.863301477335296719e+00,9.812349397271508355e-06,1.916501044072583593e+00,3.088684410768787435e-03
1.440674506273140532e+00,1.006674213420836022e-05,1.988512936308881152e+00,2.700618244259912759e-03
1.858682271500017968e+00,9.927680725566220460e-06,1.209296197717683263e+00,3.906250906753025096e-03
1.335808846547021922e+00,1.120932099505734795e-05,1.887409707539613013e+00,2.816622981212392549e-03
1.972424367754929131e+00,1.211125819665717640e-05,1.906911600945168761e+00,3.539399055227060702e-03
1.878466007059997889e+00,1.287860454941735358e-05,1.243451660069758269e+00,4.410843215527850136e-03
1.838063048765752550e+00,1.461882410935199281e-05,1.938949946980172978e+00,3.722657863082660338e-03
1.039595404505642584e+00,6.362878367834432991e-06,1.390948223939759032e+00,2.180738063845601322e-03
1.404600739096951489e+00,5.062470306656925600e-06,1.526780640091555785e+00,2.158089086861235406e-03
1.352577912987976250e+00,1.353605434017379999e-05,1.922783734237395681e+00,3.085758759225976002e-03
1.535750882593124533e+00,1.370191135138871299e-05,1.793907441433647998e+00,3.424924070702575069e-03
1.916961418949469920e+00,1.490229676612956464e-05,1.962308271239867841e+00,3.815484317094780184e-03
1.142742071240266721e+00,7.336670855158628349e-06,1.145087729703937907e+00,2.705853290423652392e-03
1.473193790766755829e+00,9.279389299818790199e-06,1.490317029890937395e+00,3.028658490501995836e-03
1.708459842043516641e+00,1.265204131567047253e-05,1.986614637252956284e+00,3.298571275336536265e-03
1.327231519282003003e+00,5.266039035461747621e-06,1.832264931441903499e+00,1.953085454682530579e-03
1.864064437810548647e+00,5.612707674856147184e-06,1.338869632245331731e+00,2.795422952862381110e-03
1.537599814211037641e+00,1.179470254300434140e-05,1.969955282752615444e+00,3.034149468844036818e-03
1.878332174446462055e+00,1.274691816038293481e-05,1.054632973508040195e+00,4.764728124292233816e-03
1.401667509238023968e+00,1.112739062767225824e-05,1.097853244805516937e+00,3.769181279741253953e-03
1.730229624526387955e+00,1.023776403909044209e-05,1.742812823811866974e+00,3.188078865076222901e-03
1.111051151652250990e+00,1.168073539160237678e-05,1.693009909795670787e+00,2.768677489555455406e-03
1.294120424252860113e+00,1.489552095867272452e-05,1.292365284362388067e+00,3.862091443636383060e-03
1.264810013934009714e+00,5.899474165150381594e-06,1.819893346090889263e+00,2.024866199747359010e-03
1.946563952819064802e+00,1.227552417390404669e-05,1.731605113876180324e+00,3.714752908628036945e-03
1.493972449169198136e+00,1.362790030607679079e-05,1.197361921605247792e+00,4.123566919309496100e-03
1.219808595564394693e+00,8.925508838433577117e-06,1.037930477298284915e+00,3.238755806389293293e-03
1.020272120218523426e+00,1.336051016599399798e-05,1.661445687150555184e+00,2.864352454457471352e-03
1.161652976236134727e+00,1.345270576373764268e-05,1.359322118694328729e+00,3.390641197806163170e-03
1.300561727660528799e+00,1.095074290191303345e-05,1.349540555685851961e+00,3.248585534365794249e-03
1.409657706208740535e+00,1.395151221604180744e-05,1.475940554076745403e+00,3.650337700481635396e-03
1.379269255010490136e+00,5.542563388917164578e-06,1.420873631872843657e+00,2.319541433974251984e-03
1.083768854429945527e+00,1.316140131833307941e-05,1.227159862836592952e+00,3.409328334264385366e-03
1.151815252078296714e+00,1.027795875458843949e-05,1.191006291434341557e+00,3.152737554523812359e-03
1.164510963191585757e+00,9.072041205161292856e-06,1.462491576741958621e+00,2.687680318851238398e-03
1.093264919018880788e+00,1.066718514236490075e-05,1.344760898870440924e+00,2.944862937953336007e-03
1.655570555979932301e+00,7.057111063577498334e-06,1.778265628292050815e+00,2.563238431940041695e-03
1.171137171334167837e+00,1.238993205079844519e-05,1.522069343102315564e+00,3.087600664479341582e-03
1.649237017961780349e+00,8.015269042465937027e-06,1.008318274048869645e+00,3.620776937039641222e-03
1.511011319865832814e+00,1.234621618386948143e-05,1.509012730449723616e+00,3.516044360620344204e-03
1.570446834335776254e+00,7.084378946873512846e-06,1.854524947216723119e+00,2.449323623062119037e-03
1.862211557044000987e+00,1.025244505026834600e-05,1.425390375565019685e+00,3.659833456238201221e-03
1.984710115534412678e+00,7.449220347888048808e-06,1.472443887024774023e+00,3.168725182980959652e-03
1.152301197295394708e+00,1.336392103903788847e-05,1.625101530177642140e+00,3.078291246916481112e-03
1.689536638467337148e+00,5.112771992076022512e-06,1.594070007237535336e+00,2.327867861691838933e-03
1.228825430146789133e+00,1.081152497589411127e-05,1.563070777286419411e+00,2.915407396602562925e-03
1.674031168665802927e+00,6.567490392317045379e-06,1.296874987790913369e+00,2.911604861335463819e-03
1.934613648648799256e+00,9.505757965332906385e-06,1.132631257458306173e+00,4.029454242327229485e-03
1.960623477156302030e+00,1.044863519272582928e-05,1.524982311631856380e+00,3.665173006421157311e-03
1.409184528863176578e+00,1.067460841108542958e-05,1.498581922449193637e+00,3.168251613466024474e-03
1.588088866069648164e+00,9.781116879307945783e-06,1.746834703202165162e+00,2.981986817022877576e-03
1.935482930630074705e+00,7.676221726899531750e-06,1.779111740606651892e+00,2.889793536368462541e-03
1.136037746653901781e+00,1.013245659419653776e-05,1.212775511965696440e+00,3.080800295307873499e-03
1.901407012811317632e+00,1.484996699341902310e-05,1.188027656266637866e+00,4.875139130823462862e-03
1.658069683438474051e+00,1.196653614842943380e-05,1.068189994925341058e+00,4.309842156843250553e-03
1.179832461411593147e+00,1.118421235709395230e-05,1.568613876692110054e+00,2.900379630707061035e-03
1.744038415619369342e+00,1.301239197290143980e-05,1.829767291682550034e+00,3.521751124481215748e-03
1.808462641929577064e+00,8.766443237644245290e-06,1.892668715892469766e+00,2.894204281257033336e-03
1.074558218143469190e+00,6.366578082322660328e-06,1.945627865524062639e+00,1.875159096656621883e-03
1.713492049673184026e+00,1.051416626518847074e-05,1.087881129724874718e+00,4.069469007222006017e-03
1.159237505145523262e+00,1.244388184931433149e-05,1.819478372638716035e+00,2.815728018618417119e-03
1.117949403062417080e+00,5.101864319268122426e-06,1.030785817733583354e+00,2.352292420599785220e-03
1.192242072120237806e+00,1.161938320907689921e-05,1.808787268660538849e+00,2.767451463957271672e-03
1.191244538510217943e+00,1.383833275370576632e-05,1.438306206831027501e+00,3.385452062616152013e-03
1.602636975671037689e+00,5.756698805648102268e-06,1.556512179821361030e+00,2.434602542694877005e-03
1.427793275983678445e+00,7.689947836811054528e-06,1.776621526581585897e+00,2.485975837165842368e-03
1.365207005084245084e+00,7.232982821827880132e-06,1.683949125153452187e+00,2.421550260858450904e-03
1.638837882335154594e+00,9.684456920645942869e-06,1.006176689612821917e+00,3.971627481434283208e-03
1.461493721436001092e+00,8.473860621788293404e-06,1.115325925960505060e+00,3.332255062405966792e-03
1.701643958134918755e+00,1.194153952153947744e-05,1.639665307863875210e+00,3.520358593852823161e-03
1.134628865551429833e+00,1.348895482299494159e-05,1.722983035086988135e+00,2.980406922464851147e-03
1.129936526398659602e+00,1.055550499253431377e-05,1.598045440528152117e+00,2.731945111472261923e-03
1.537805128067943894e+00,1.462243859270561422e-05,1.508470631373970861e+00,3.860931761051274690e-03
1.525531150821392457e+00,1.282356820545073090e-05,1.341000883891017681e+00,3.819446675448453024e-03
1.478633296788602447e+00,5.757474636189148638e-06,1.443609138215455445e+00,2.428406833404087202e-03
1.625429025364988345e+00,1.275072820753757972e-05,1.931729363933648802e+00,3.275505694882739193e-03
1.515253151788051644e+00,1.393896162154759270e-05,1.550143952033836481e+00,3.691235840891716677e-03
1.781365409399389810e+00,9.585531954318804183e-06,1.421431013159029533e+00,3.465945454703545005e-03
1.954739354840502319e+00,1.479171074460081930e-05,1.255038131829103509e+00,4.799822425794735871e-03
1.341302426607294374e+00,1.138666218137400115e-05,1.152207915859752463e+00,3.640794328490722185e-03
1.783889626410415596e+00,1.438304574410793836e-05,1.581824597384640096e+00,4.027450937929435634e-03
1.907636887157782457e+00,7.825307091765086592e-06,1.820443034370305524e+00,2.863584506229737564e-03
1.994813632794029790e+00,1.394253462138715847e-05,1.354663733553031379e+00,4.531127444056056060e-03
1.003635448549534015e+00,1.447233256449088893e-05,1.361720746032377471e+00,3.265977857321156110e-03
1.639574928123256781e+00,5.342687413790672730e-06,1.125325406967069508e+00,2.790014465245315312e-03
1.693037168384942337e+00,9.701382650597789630e-06,1.227155570622541214e+00,3.658476351379433712e-03
1.398748892813546973e+00,1.362881552737788677e-05,1.283901978990181103e+00,3.853301578117749801e-03
1.093762902440380547e+00,1.093448158034350889e-05,1.078599011492958226e+00,3.329896111454684181e-03
1.023106869358429316e+00,1.157131426630328305e-05,1.572828515938424321e+00,2.743539121935395508e-03
1.051732554660638197e+00,9.966530631931326320e-06,1.823274106399159766e+00,2.397721178428689152e-03
1.356038529435789730e+00,8.947576172039774190e-06,1.149696097483488444e+00,3.248607093317649758e-03
1.807889412341455060e+00,8.452438890950644557e-06,1.839167206068160976e+00,2.882480269561042523e-03
1.736890936334403612e+00,9.231476981752172750e-06,1.903189697355486043e+00,2.902557493759600534e-03
1.471339911021542601e+00,1.259369559995537189e-05,1.241786900229659762e+00,3.862865320797739983e-03
1.421374982910741158e+00,1.129591813296619423e-05,1.722111466022588244e+00,3.053405422961691634e-03
1.840999863391699298e+00,6.217591855946988106e-06,1.055459469094046199e+00,3.293193146326511486e-03
1.511724250846213424e+00,1.146274326549143421e-05,1.497802452281392860e+00,3.401365513702457252e-03
1.420026799626002756e+00,5.372416710175180242e-06,1.983084427569783426e+00,1.961383483680877605e-03
1.159343592154375768e+00,7.753439678296073908e-06,1.257537668001959652e+00,2.673577562636929566e-03
1.131359753041637495e+00,6.096582560555797236e-06,1.253255621303663858e+00,2.345977063045300709e-03
1.565749661973712126e+00,1.391809228354738896e-05,1.253725930073193329e+00,4.169171065695506488e-03
1.495228390934713492e+00,1.370835018707579732e-05,1.314325700443814249e+00,3.949070276047784295e-03
1.905682642500733603e+00,1.114987123942100516e-05,1.157563743593213790e+00,4.284377771256488165e-03
1.156033330484902200e+00,1.384953560892092611e-05,1.497523579306632158e+00,3.269760543366496356e-03
1.954406083269114802e+00,9.572610300652932948e-06,1.831180358003782205e+00,3.196369896738891162e-03
1.900547245189800005e+00,9.332787740512591969e-06,1.329272873392828291e+00,3.652901471309629410e-03
1.297044280994989141e+00,1.030801260905717359e-05,1.529012419421236224e+00,2.957054750293027553e-03
1.965828558719788344e+00,1.102902678781688753e-05,1.714684009750125693e+00,3.555898589541461700e-03
1.464843388684507364e+00,1.065567092813986028e-05,1.362987322861962225e+00,3.384075855807290329e-03
1.781421806397680108e+00,6.074774868660803169e-06,1.028296775957409981e+00,3.244062695025889953e-03
1.119863344092101753e+00,1.093577966521282953e-05,1.867296627748289417e+00,2.560947845118874671e-03
1.858666461026503347e+00,1.312900937207966653e-05,1.249377185563995241e+00,4.419467298725388883e-03
1.841997290763169204e+00,1.484610169779199248e-05,1.369217739365200082e+00,4.469042148170652290e-03
1.372066870083731516e+00,1.370196084510690531e-05,1.523328860358085457e+00,3.513032479105079094e-03
1.656610379653247866e+00,9.720205360696074399e-06,1.443761332658832330e+00,3.339644245481867158e-03
1.410983856190408225e+00,1.204491911218566745e-05,1.262948111816973640e+00,3.668345329024329856e-03
1.877031016865304824e+00,1.477659762091395994e-05,1.117506256283884891e+00,4.981933964010381091e-03
1.304488388376439101e+00,1.096708467736094339e-05,1.180363380843870047e+00,3.481431410709188989e-03
1.484617804205137670e+00,1.036070453251294250e-05,1.469485403320686778e+00,3.235335613348694524e-03
1.247683085699931471e+00,6.785239452519471992e-06,1.988625978350150536e+00,2.063280049371416045e-03
1.606426419166672392e+00,1.078317277062629664e-05,1.262382041517887687e+00,3.704318298280179916e-03
1.401755498196755934e+00,1.154162167729957134e-05,1.173200291668117679e+00,3.713500358809296298e-03
1.609027823115132261e+00,1.388515223296477646e-05,1.530019858198781169e+00,3.821277401518459200e-03
1.461944934149367770e+00,1.246954580251174652e-05,1.939408389153725043e+00,3.065887323917622104e-03
1.128722173046112331e+00,1.405086981079053498e-05,1.715673269592910000e+00,3.040379815816560312e-03
1.826167787878931748e+00,6.547782333473301243e-06,1.666979947985042010e+00,2.678257119101534051e-03
1.323895360666790921e+00,8.073715132656036897e-06,1.859674965040518213e+00,2.397424939507398090e-03
1.864366685606948515e+00,1.325200156585724053e-05,1.398915147402042702e+00,4.202529008144192772e-03
1.976440008525974124e+00,1.264351592804836507e-05,1.895849223550856610e+00,3.630561942154300354e-03
1.420223987058048420e+00,8.923324637618291786e-06,1.108414449438258620e+00,3.381354302115536191e-03
1.760361056891843301e+00,8.716192900305438972e-06,1.152148590807774653e+00,3.649304026573563578e-03
1.663302702295678337e+00,5.620918303324124623e-06,1.312073689501521034e+00,2.669378570621397818e-03
1.687972498913460573e+00,6.541959801467263584e-06,1.363678224776818659e+00,2.845644646438972702e-03
1.073885602570858744e+00,7.284777046915351308e-06,1.137019581838751181e+00,2.623029471049749799e-03
1.910775467173178699e+00,1.330204957430642721e-05,1.818141733125491211e+00,3.738955028291980707e-03
1.305314866373350480e+00,1.092108953055791716e-05,1.271474950300498730e+00,3.348395284447167747e-03
1.831872931328462073e+00,1.197113870383299670e-05,1.471296927887404848e+00,3.860692749629465910e-03
1.631800874262095968e+00,1.314624690223075942e-05,1.698926675804214526e+00,3.553425014708634731e-03
1.691322426569947579e+00,6.718706535383326698e-06,1.864560001780675380e+00,2.468697390765747617e-03
1.825327422308911096e+00,1.099914948251637076e-05,1.460692709330801975e+00,3.707409090913250937e-03
1.692756057150932580e+00,8.851946306200121650e-06,1.595644218109574908e+00,3.064421793475222925e-03
1.264253042055512477e+00,1.251969915002592879e-05,1.581108536519094443e+00,3.163975474016377226e-03
1.380979732221456313e+00,9.634788959736625518e-06,1.894789784101439389e+00,2.649929001854100293e-03
1.902565899292503637e+00,1.404213122699840639e-05,1.840192911400557740e+00,3.810260698134745102e-03
1.035957586470872327e+00,5.149362765180845470e-06,1.078746662114691723e+00,2.223760436319068088e-03
1.024247074682144376e+00,6.483637009635583829e-06,1.777168247427354686e+00,1.933069372237123653e-03
1.556636703847221970e+00,1.214677784190497835e-05,1.954071533184011500e+00,3.110670055210280633e-03
1.238276562286160454e+00,1.197010203663847241e-05,1.378738884585104296e+00,3.278813696282756925e-03
1.114869572549262333e+00,8.289148224316797512e-06,1.040625611743670298e+00,2.980023774825268229e-03
1.281241406396074867e+00,5.826323094881612792e-06,1.255994648880958575e+00,2.437916745404317305e-03
1.762527371702245382e+00,8.628224083993950858e-06,1.288362841688307281e+00,3.435655008384648577e-03
1.095090915417007871e+00,8.711618382738029685e-06,1.206596331397949529e+00,2.811858804822449116e-03
1.924939571869907606e+00,1.072752319852968429e-05,1.424400699778541224e+00,3.807519991608363224e-03
1.977448500994555491e+00,1.413598976051151469e-05,1.946669613245729735e+00,3.789392376198818559e-03
1.277140785420369795e+00,1.061950062799832699e-05,1.865602620353980612e+00,2.696260585037277106e-03
1.178745942162562566e+00,8.837330191048138584e-06,1.860443147269658759e+00,2.366259904271768473e-03
1.467297515227450333e+00,1.382478692313436004e-05,1.506130320760079133e+00,3.669923728136951623e-03
1.915758486790410942e+00,1.256229781111234006e-05,1.630659318778664435e+00,3.841698722450339297e-03
1.024231520439998544e+00,8.800907034968762367e-06,1.430647581778500488e+00,2.510131378253238708e-03
1.792495946612499891e+00,1.081147233257720019e-05,1.754825305429485560e+00,3.323185371909316912e-03
1.898143893438239749e+00,1.103936832381128064e-05,1.533934837529686845e+00,3.696010721860957301e-03
1.859108671215252695e+00,1.132381286214862058e-05,1.561872566410246632e+00,3.671351206078176006e-03
1.946331246727002195e+00,8.491042965315760753e-06,1.300051657480005840e+00,3.565402724671148244e-03
1.581458354045341075e+00,1.481202029061727307e-05,1.343225605542726520e+00,4.176010173363486726e-03
1.045326671129347851e+00,1.427792143011329674e-05,1.139172358648943284e+00,3.619626760118280738e-03
1.340770807916602303e+00,9.034882772576148706e-06,1.032400185396349368e+00,3.425425266949659164e-03
1.925555511572135892e+00,7.641627513547587306e-06,1.491539111823560138e+00,3.140896537927011754e-03
1.597886199785992112e+00,1.259682050066012038e-05,1.916925432512312177e+00,3.240416118290855713e-03
1.996687145584337575e+00,1.248050724045110453e-05,1.142165155368929597e+00,4.670965675544724340e-03
1.047470856663280436e+00,1.156687726396450917e-05,1.276245188575650058e+00,3.081143880291049852e-03
1.057346686366374744e+00,1.207179987536598499e-05,1.953346627431666649e+00,2.556260206320850464e-03
1.784054612732640432e+00,1.311964423735872945e-05,1.795714617968455329e+00,3.610326196355627577e-03
1.703422804602106710e+00,1.126371775858093552e-05,1.312321422085974465e+00,3.823684047878059093e-03
1.274059251631966649e+00,1.294495731512064544e-05,1.168958269324204435e+00,3.756173293479344796e-03
1.622123489379331485e+00,1.403707968877867553e-05,1.436651225688871047e+00,3.981114472826132421e-03
1.091921479504687653e+00,9.703060863850304527e-06,1.127600284104407269e+00,3.065296533539017560e-03
1.451252257585818217e+00,6.416486358969497139e-06,1.669899383702720286e+00,2.361429256862154335e-03
1.578559488744879946e+00,5.302909956206747814e-06,1.307643160285936856e+00,2.530130836462544421e-03
1.864727886525525236e+00,9.045182185468189295e-06,1.297494153171900866e+00,3.605484953008442506e-03
1.384696648287315313e+00,1.316508240514903627e-05,1.740049433762238529e+00,3.236743750712095611e-03
1.731485449740629790e+00,6.130111145381911971e-06,1.264563148143857063e+00,2.897165713209540628e-03
1.625176365845933057e+00,9.555978699537342867e-06,1.595075274102132346e+00,3.120306415592237481e-03
1.878558750547127509e+00,9.318496644902671066e-06,1.445966294496127791e+00,3.479415010224262000e-03
1.490295585620860175e+00,1.407887650468913447e-05,1.252580629315601435e+00,4.092770209285238360e-03
1.652263994165544592e+00,1.031465494460055032e-05,1.936786738034443012e+00,2.966375804973433658e-03
1.580074527703313692e+00,1.005372172189406053e-05,1.167849914579339288e+00,3.688151049101831298e-03
1.027851359024107403e+00,1.431726978823931752e-05,1.297233589780071306e+00,3.368109240087412831e-03
1.458223828707581049e+00,1.389564589131918332e-05,1.803253772173466496e+00,3.352146880748624498e-03
1.260561616080917213e+00,8.853484133993316340e-06,1.807017547199568863e+00,2.485180636700376477e-03
1.575056721981650920e+00,1.330654852172624068e-05,1.225200300886841509e+00,4.135968884416493449e-03
1.545920356254693040e+00,9.742554005225403542e-06,1.676935930057455337e+00,2.996896426402946567e-03
1.928194359875186725e+00,9.911458381437587812e-06,1.523973248668835989e+00,3.541241239355763602e-03
1.788203472342828171e+00,9.599845138095795214e-06,1.345679977602681099e+00,3.571656506448671071e-03
1.203813487711378638e+00,1.152281872474174906e-05,1.350692002557097204e+00,3.204651466072557919e-03
1.907225943981393890e+00,7.509786915762561469e-06,1.065751088554053094e+00,3.665953801455718638e-03
1.283290112780145265e+00,6.155016962846501704e-06,1.985892974459142479e+00,1.994339685933061140e-03
1.800918705429445987e+00,8.180060855950471577e-06,1.572246489442824302e+00,3.061011808212422969e-03
1.466531358631994131e+00,1.268902071734766092e-05,1.569333068067952031e+00,3.443516490844619488e-03
1.505329631115856381e+00,1.166955896297773695e-05,1.396059830023281823e+00,3.547243577726357910e-03
1.441920766600730097e+00,7.784003302868594006e-06,1.557675963971032917e+00,2.684316029655591310e-03
1.088919392143145259e+00,1.204421153307795502e-05,1.598141857167958202e+00,2.864701596469739365e-03
1.105534247137371473e+00,1.045852241536610585e-05,1.805266323989701771e+00,2.530758042823418128e-03
1.744896469517626336e+00,8.908601320028252204e-06,1.088794430578799544e+00,3.778475829930247679e-03
1.224517036560671901e+00,1.154868222599890624e-05,1.566199152845171305e+00,3.004866204526558584e-03
1.131060948816403844e+00,1.061325971634222807e-05,1.532257886939550673e+00,2.798990776299408335e-03
1.557459858906170114e+00,7.075159030040623140e-06,1.800900846685157930e+00,2.473612307036833925e-03
1.249978478614863775e+00,1.159274501772020513e-05,1.750650352711003777e+00,2.877032062679683345e-03
1.536902777641178108e+00,7.907234613581658753e-06,1.836146240889816594e+00,2.572656932213538122e-03
1.758308613956036659e+00,8.199765690751429701e-06,1.872114261688449410e+00,2.775122108137528104e-03
1.208074820004906957e+00,9.198983900810084498e-06,1.017903651907276608e+00,3.304178563890257467e-03
1.158955646165047426e+00,1.239960794911842174e-05,1.034814519282285072e+00,3.726542923491851789e-03
1.984626150108584230e+00,9.646912775811652578e-06,1.229388228958120388e+00,3.946290076115624955e-03
1.673556248259652435e+00,1.350235225529938614e-05,1.899766125453962617e+00,3.448853953488397166e-03
1.433133874165938959e+00,1.116342782102873193e-05,1.814046216798489652e+00,2.969737009482590132e-03
1.432442397695186997e+00,1.261446278215575155e-05,1.353513355993062550e+00,3.653774079491178654e-03
1.952354169104227877e+00,1.177628362048809479e-05,1.247979976720672735e+00,4.292196753821447830e-03
1.656911813288250324e+00,5.978463153548978229e-06,1.541870574060794974e+00,2.534664694440450731e-03
1.426964332579402139e+00,5.042374919012832089e-06,1.576728831533523056e+00,2.136218252028239482e-03
1.005525651768409023e+00,1.146107251035382500e-05,1.608190037892802238e+00,2.676951626966368042e-03
1.089062687340169866e+00,1.275638359346647422e-05,1.798348883065683079e+00,2.779414058019961681e-03
1.603610613568672294e+00,8.924523401504854010e-06,1.488665198108937826e+00,3.100583699635976829e-03
1.238759553619222409e+00,1.388638109691659952e-05,1.365560455025434994e+00,3.549217241152382695e-03
1.559087179363409348e+00,1.083738598509076051e-05,1.204875632138111774e+00,3.744780445511468065e-03
1.407236367264179222e+00,1.461617343376249949e-05,1.779576551977929411e+00,3.399711243020806743e-03
1.501960459782254009e+00,8.717077341344527062e-06,1.638939069321875497e+00,2.826397858631649312e-03
1.257162589805632669e+00,1.137835559961964585e-05,1.228017390010152976e+00,3.412975865268415895e-03
1.812173120155166739e+00,7.644742637606700292e-06,1.766094767553141320e+00,2.800749550106834164e-03
1.949180746133414743e+00,8.128303754906006370e-06,1.310816651088921425e+00,3.476602547474039705e-03
1.728015323943829173e+00,1.374254984820826307e-05,1.092397095428152110e+00,4.662482200359953366e-03
1.497886108074484079e+00,1.450347826560834029e-05,1.183050723680909799e+00,4.285226658051523481e-03
1.732750828799533904e+00,9.947364495778628576e-06,1.551925001023338968e+00,3.332627001941008017e-03
1.336675324072188697e+00,1.048973137728829054e-05,1.160786154976888085e+00,3.475513974273012913e-03
1.169064427271926832e+00,1.170320086656411250e-05,1.163965562684630584e+00,3.428478945327325528e-03
1.054180628983008905e+00,1.456540698755838398e-05,1.214052567328349319e+00,3.556313857729251522e-03
1.621591972494099476e+00,1.126689805615265335e-05,1.472250729365903954e+00,3.522752130353457283e-03
1.152737465554336982e+00,1.147475395963211547e-05,1.224726932993515982e+00,3.286376081683437499e-03
1.307105313982888983e+00,8.009046155689664948e-06,1.935715268476356110e+00,2.325546086337827029e-03
1.105028540107861224e+00,1.310636269598516653e-05,1.456575604405079050e+00,3.153271187934921557e-03
1.700531794353401072e+00,6.137856595226433421e-06,1.550678535732720853e+00,2.594417463859289424e-03
1.408614830697268339e+00,9.071673945770818338e-06,1.002596218612051171e+00,3.570070671935690089e-03
1.317761624422916000e+00,6.965177596101392675e-06,1.278963757927563893e+00,2.678893239072787508e-03
1.574481306742972375e+00,7.167371696481020701e-06,1.304915788454733772e+00,2.940745730585851616e-03
1.097037237061784243e+00,1.087307687297016029e-05,1.897400302638792891e+00,2.507306526320182260e-03
1.440921244618377672e+00,1.400529675896109257e-05,1.759013959594451393e+00,3.387128218559495689e-03
1.180583875131661964e+00,1.235062500083139843e-05,1.122295575284757208e+00,3.604452162234439167e-03
1.488605089602785148e+00,1.391245648203742668e-05,1.816271949015972886e+00,3.376767983042269251e-03
1.846827491317675207e+00,7.848004614949070009e-06,1.638315415932842578e+00,2.974363419985380508e-03
1.821672043307245081e+00,1.081392967403617571e-05,1.870400665371066307e+00,3.245335070641283855e-03
1.261185883534895025e+00,8.360317144445983769e-06,1.426214680829390735e+00,2.718995416490455497e-03
1.239176076611581134e+00,6.627441778477399624e-06,1.073651549328901833e+00,2.765717344129086774e-03
1.114221867660590615e+00,1.345099656638455474e-05,1.222180986606254294e+00,3.501832009262095726e-03
1.459526170751183738e+00,7.201061055626473447e-06,1.628025220963053687e+00,2.540818399106846339e-03
1.097001524153957686e+00,1.032067243281209038e-05,1.326920972072082705e+00,2.921023719001196277e-03
1.176469612588325830e+00,1.129425352861277370e-05,1.567576442314557728e+00,2.911419316644691530e-03
1.672035080690161379e+00,6.348462680550175440e-06,1.718421559546139843e+00,2.485376122175389241e-03
1.473917598743376356e+00,1.312113560346813660e-05,1.989539130661567290e+00,3.117784340706101099e-03
1.827993497535284728e+00,6.710311328819010085e-06,1.588377806267539327e+00,2.778956528731916283e-03
1.258263393965044274e+00,8.181067005634983294e-06,1.151356655594989897e+00,2.990100722881442949e-03
1.655455865244396474e+00,1.495792614071572244e-05,1.633964223553085127e+00,3.892899787124806752e-03
1.562258162052448718e+00,1.058705487997060758e-05,1.007677045731878218e+00,4.051382991153912490e-03
1.100665533378915040e+00,1.420518287572122631e-05,1.480656523938099323e+00,3.249555328209437384e-03
1.978606513120344967e+00,1.215827674701843710e-05,1.119810519000100868e+00,4.634932973123897029e-03
1.999036264287232356e+00,1.274192164083196642e-05,1.913811413760857283e+00,3.648196573895605335e-03
1.655830896047656431e+00,6.813145494204666988e-06,1.120316597271594716e+00,3.173302234837984803e-03
1.643059895145316140e+00,1.375989483290334715e-05,1.949706317569079195e+00,3.405255126785567982e-03
1.789925613113027669e+00,7.150575695827820775e-06,1.470069409477168687e+00,2.950659361391451928e-03
1.812299831803630745e+00,1.036313569263079075e-05,1.498903772659739619e+00,3.539759378618971206e-03
1.460771052584562746e+00,7.928020614983820059e-06,1.783244397856531105e+00,2.548402533961343416e-03
1.956903922996688916e+00,1.413808253460513279e-05,1.324891133936289656e+00,4.569723376891351822e-03
1.118744742815451332e+00,9.271294441886210043e-06,1.497995660176291821e+00,2.631360875449304318e-03
1.650177685836633046e+00,1.455576293092900248e-05,1.700314013175059813e+00,3.758532196424201749e-03
1.534889140405470753e+00,7.603640419495905295e-06,1.473890223748490325e+00,2.813952245502660508e-03
1.879112894030876113e+00,9.722918671759604937e-06,1.308208727255249837e+00,3.737113102296431549e-03
1.082131253798496395e+00,1.361623931589601831e-05,1.454787433045341416e+00,3.182502750880135661e-03
1.356300537883531554e+00,1.455659374911551473e-05,1.846647357043499360e+00,3.269759900537457225e-03
1.306744217868586189e+00,1.033342515636930236e-05,1.706750858048332375e+00,2.812758059480003226e-03
1.767073768742751128e+00,5.481076446809861146e-06,1.523434957571836001e+00,2.521438101987418488e-03
1.158957498558033095e+00,8.369000545788404300e-06,1.702556907856646706e+00,2.386820363424655388e-03
1.753454709847623638e+00,1.456502965183105322e-05,1.144701525454522972e+00,4.723422915593622311e-03
1.693053610925124630e+00,9.978895037437453524e-06,1.025881771724802105e+00,4.058148413312893596e-03
1.318186888892558528e+00,1.186109895534995542e-05,1.394816597316011375e+00,3.348053623454706404e-03
1.339758927912689579e+00,1.083363943291032052e-05,1.679680330848671410e+00,2.939592970617994384e-03
1.580318082196597196e+00,7.356673403562481110e-06,1.513911288337564054e+00,2.771167513600408024e-03
1.235456485844211194e+00,1.322513780571862830e-05,1.399653500805235762e+00,3.416674154876214904e-03
1.767494409188893556e+00,1.335918270327609756e-05,1.997806255964666766e+00,3.437892437903342178e-03
1.738811714431571565e+00,1.274524237684649587e-05,1.494099123944506724e+00,3.851329024326183986e-03
1.760611260516954379e+00,1.098002905095406238e-05,1.741232620358618810e+00,3.332000706729122165e-03
1.319556611221759379e+00,7.960322119695002521e-06,1.845559950739718902e+00,2.385696843105033355e-03
1.141616527166445128e+00,1.040827992556721717e-05,1.961702950464102368e+00,2.461121095557457922e-03
1.164403352364538957e+00,8.670194862166316413e-06,1.349516727310342779e+00,2.735123977060913841e-03
1.979806535316886773e+00,5.812643703879418273e-06,1.826166742809219645e+00,2.510313799953239194e-03
1.871505166140642995e+00,6.253159930470583371e-06,1.088824709003482383e+00,3.278432900131617641e-03
1.869416967397370399e+00,1.110063155623358350e-05,1.734890165463256029e+00,3.458525177048435428e-03
1.104792455022579389e+00,1.356483696903107328e-05,1.305560260249758908e+00,3.388045062282757196e-03
1.381760106343040029e+00,8.746848466592949424e-06,1.020199030806104412e+00,3.441911290527881022e-03
1.981448638184499345e+00,8.451214007979034734e-06,1.753386783783902114e+00,3.090381497624711954e-03
1.308184414473677171e+00,1.434825532253931757e-05,1.091142130504810126e+00,4.147566624499496486e-03
1.299066696782616326e+00,1.094847422107341134e-05,1.089683204386846960e+00,3.612787321495625811e-03
1.708247515613147804e+00,1.310395020665548177e-05,1.800568928486632192e+00,3.525913390659362809e-03
1.018536128049741807e+00,7.619747482362367630e-06,1.807207129979996552e+00,2.072309142617472996e-03
1.186538868067806174e+00,1.439442731305548242e-05,1.222719951863661558e+00,3.737443883985900120e-03
1.016774290930114288e+00,1.261306363844899185e-05,1.231760906819083567e+00,3.226705753870718740e-03
1.801477998191333807e+00,1.274755843705816029e-05,1.380679006116821483e+00,4.078323072636296301e-03
1.264242190232595320e+00,1.128547347341237757e-05,1.079046621099444714e+00,3.636259989271461816e-03
1.981476807503984139e+00,1.445525737054708805e-05,1.391357593900133249e+00,4.537201109719931312e-03
1.964104285283346574e+00,1.254573763626015405e-05,1.586838467085013527e+00,3.940615055093865844e-03
1.176147165481131296e+00,5.974933865655228781e-06,1.519136713980852926e+00,2.150794684861261595e-03
1.388890825133114237e+00,5.261488264143070782e-06,1.639366762179037096e+00,2.111301687007610846e-03
1.908262415455266758e+00,1.406216081131949326e-05,1.555325735432058876e+00,4.153693044658659551e-03
1.250688701722393992e+00,1.339385725931860791e-05,1.803636566163876243e+00,3.047564673580592347e-03
1.325598823762090817e+00,5.417199806317363684e-06,1.606022364937197633e+00,2.114548680260626423e-03
1.419953782469070447e+00,1.227240289269901089e-05,1.409957814171607815e+00,3.515595073804126704e-03
1.868438314213196172e+00,1.308306114468493352e-05,1.830495225165171824e+00,3.654346865070679743e-03
1.932751074202167629e+00,8.712409918269449214e-06,1.903988413487592180e+00,2.973890416960744010e-03
1.478600224528287432e+00,1.124119746994057257e-05,1.718053714940129595e+00,3.110378945216778126e-03
1.591786544610459542e+00,8.843506033935421979e-06,1.019435683362166056e+00,3.715991717258565561e-03
1.817695536633531450e+00,1.288376903675882645e-05,1.761717366843079446e+00,3.645976943973147904e-03
1.160008745188288337e+00,9.194086943413847120e-06,1.411807722838892554e+00,2.748508967152663712e-03
1.654610048412468393e+00,9.546371176253408788e-06,1.126023960995890416e+00,3.745356575300456611e-03
1.375821574293959237e+00,1.209952831456448896e-05,1.092731647122180405e+00,3.903089565015940062e-03
1.011255283933060412e+00,1.272190438295430048e-05,1.073353983715720439e+00,3.462063101022613051e-03
1.307434419754135879e+00,1.118272876940967951e-05,1.280361678544381654e+00,3.379228187855329562e-03
1.459132060392098085e+00,7.773889978179471965e-06,1.322711766144990087e+00,2.928423521611395880e-03
1.795375264999111931e+00,8.674933281102568564e-06,1.691166733839375436e+00,3.034711963978909115e-03
1.481006404735797366e+00,1.301871953141964827e-05,1.587433640752021535e+00,3.485096548569017495e-03
1.861607475209691387e+00,1.102216759719338036e-05,1.328059207438882172e+00,3.930690451169634343e-03
1.642809282297894580e+00,9.695716784976037001e-06,1.835724013627848095e+00,2.945641162525457213e-03
1.452690031361252299e+00,1.288435978965387087e-05,1.434013142963169951e+00,3.612778487258937275e-03
1.493114681895958196e+00,1.044013807541296027e-05,1.542215800509242785e+00,3.179267935805919244e-03
1.875618585893182644e+00,5.641567661938690188e-06,1.443475737807581094e+00,2.707493484068594289e-03
1.936277425763692772e+00,9.332832421964255961e-06,1.202476871491575006e+00,3.876610422767458146e-03
1.938184727104751648e+00,9.285660038047600684e-06,1.289581218689582531e+00,3.735765641327981872e-03
1.345447434972370404e+00,5.641851139964288600e-06,1.090664169813848616e+00,2.638144964371215949e-03
1.421008014563323485e+00,1.347439330604559258e-05,1.378018302477503010e+00,3.727566334372186922e-03
1.551841225853663797e+00,9.193089612233899813e-06,1.151544329759944141e+00,3.519768163096606908e-03
1.489995235432820753e+00,5.760166972648113582e-06,1.019834982703170745e+00,2.900981929767432708e-03
1.912422143708258027e+00,7.193143191939417431e-06,1.849939133456709239e+00,2.726920739651543437e-03
1.390609788802756430e+00,1.431939657493279771e-05,1.588114347309785845e+00,3.540985227566842506e-03
1.685873166485409858e+00,5.731239162846410211e-06,1.381995466387988314e+00,2.644133666257790592e-03
1.525946484041284190e+00,9.722462643326182006e-06,1.374523969323910411e+00,3.285349931317949751e-03
1.502540087404469205e+00,6.698653516995460504e-06,1.992772726683875506e+00,2.247387214802135276e-03
1.210124885249547644e+00,1.245132672240584044e-05,1.166981181641014498e+00,3.593279371087819765e-03
1.682485706515345125e+00,1.322361741633182132e-05,1.155663787667346565e+00,4.387681321118335961e-03
1.513729470498816454e+00,9.179139704493485580e-06,1.172375021070564127e+00,3.442641856041061578e-03
1.701693299451585872e+00,1.477953332550613542e-05,1.213843450214752817e+00,4.551868061834999507e-03
1.122506397107613685e+00,5.641569665382241281e-06,1.557149132568235839e+00,2.016644220125640968e-03
1.240843136401367897e+00,1.134887032186497152e-05,1.958740391934025826e+00,2.681305620783949132e-03
1.410225273431513715e+00,5.325504836308806456e-06,1.504112878063114556e+00,2.234520913525464298e-03
1.548093645861011947e+00,1.024920325706277140e-05,1.263109058448303790e+00,3.544240974971285280e-03
1.132459183697584137e+00,8.564266083110612547e-06,1.841311666218651499e+00,2.295052912163461200e-03
1.823105626159351900e+00,1.368360459576040307e-05,1.109075567653773575e+00,4.742699459836089738e-03
1.911047013097102676e+00,7.269697414871163411e-06,1.980344577351411672e+00,2.648643278909827963e-03
1.354028597615752449e+00,5.922882776962600283e-06,1.248008654424479280e+00,2.534963372557758835e-03
1.848843252932216075e+00,1.474122220142514697e-05,1.562207396647703250e+00,4.176836234566578578e-03
1.739879509951041570e+00,1.019776790725888096e-05,1.214084919250101313e+00,3.822853157217395974e-03
1.864747809654821120e+00,7.318488613263558101e-06,1.615470952223365231e+00,2.906505685900312875e-03
1.812905241829479541e+00,1.290192550728122973e-05,1.383144951625327135e+00,4.112263825655914848e-03
1.896183942045403636e+00,1.205758992095450982e-05,1.860726048523889009e+00,3.505332893341261101e-03
1.137011454459040838e+00,1.232536791657282959e-05,1.221892840754703835e+00,3.386614829977718094e-03
1.158508157199335642e+00,1.441103835534882942e-05,1.408117635462395878e+00,3.443322625165059440e-03
1.913721825721568237e+00,8.741082647167263905e-06,1.051969720481839898e+00,3.987680903446794330e-03
1.458783804684979257e+00,1.223056099980166325e-05,1.416002769867974465e+00,3.549658753409702487e-03
1.498439495306603586e+00,9.328820923465750521e-06,1.878269525421590647e+00,2.728060691195349254e-03
1.705736793827916653e+00,1.412695163623787641e-05,1.228985540278746846e+00,4.427992242566379695e-03
1.975821117632368784e+00,7.917765980426153785e-06,1.311029521137718312e+00,3.454370424342075377e-03
1.707306860945001503e+00,5.147877371436699326e-06,1.735937523259425852e+00,2.250105306504400493e-03
1.442919550769092396e+00,6.618123724391369331e-06,1.463309174995683248e+00,2.554585554929248228e-03
1.441064924513767442e+00,1.131047990217940211e-05,1.695988178584539874e+00,3.100065568678241588e-03
1.258503501073001463e+00,6.269084951981047937e-06,1.864713864495650020e+00,2.056947425858536745e-03
1.714827664983415323e+00,1.413461975417958330e-05,1.156916948885108543e+00,4.577213958928637132e-03
1.711048804294653003e+00,5.846307874880524433e-06,1.154578926036196940e+00,2.943474152606131034e-03
1.315913383261176683e+00,5.776602643824595306e-06,1.297222349632936034e+00,2.420709575120581856e-03
1.091594304847437913e+00,1.401433079456203889e-05,1.013285963697001080e+00,3.885534767987052808e-03
1.309876663437839817e+00,1.144273910722370842e-05,1.845940703197406219e+00,2.849517493280601024e-03
1.480343283780758190e+00,1.494188584920902132e-05,1.074688325134038003e+00,4.536727149656140726e-03
1.156389469541311943e+00,1.468709884228617282e-05,1.711360148301247053e+00,3.150281520454004548e-03
1.604178873352025247e+00,9.257627921631667254e-06,1.260620336830729826e+00,3.432291008653772218e-03
1.637796604302454551e+00,1.033076742705652499e-05,1.248400181710750179e+00,3.681453877301003874e-03
1.356154213156550714e+00,6.400626622903036625e-06,1.897678854485364663e+00,2.138722441006833935e-03
1.927025049077987218e+00,1.173502290597455699e-05,1.801637066665441989e+00,3.542843730159324443e-03
1.387701709594526100e+00,1.209706807918807913e-05,1.548645829894398140e+00,3.292396037473116141e-03
1.515978435647119760e+00,6.945326121626975918e-06,1.824842153279236268e+00,2.402039700845572459e-03
1.639979346178997321e+00,1.498034512783680362e-05,1.599248547157014144e+00,3.919422815693363212e-03
1.072069156760766973e+00,1.003147676757001475e-05,1.645460820461507545e+00,2.556525115917008227e-03
1.629636428913286306e+00,1.492796331153257753e-05,1.934750247622094133e+00,3.545954725211142907e-03
1.624829219845346895e+00,8.030878176902340895e-06,1.089214461854693949e+00,3.461215817774798524e-03
1.230270585296466379e+00,1.456810635289651457e-05,1.511296633260994948e+00,3.443713510841577962e-03
1.524395883282496422e+00,7.523772736232894313e-06,1.453388481829622547e+00,2.809156022987779368e-03
1.327393460266662828e+00,9.541678281612605506e-06,1.464441289886927677e+00,2.940872787892056910e-03
1.023175829164500117e+00,9.056113854567608701e-06,1.203388798617113675e+00,2.774872868831314027e-03
1.159577252276663417e+00,9.572889625502821015e-06,1.346193303321297829e+00,2.871558421846897007e-03
1.329552287263854549e+00,1.414799663144440014e-05,1.059780321472396203e+00,4.213007760244179625e-03
1.443198578518789521e+00,1.219266418412574781e-05,1.137256979584712724e+00,3.933535255348971291e-03
1.158488456560166968e+00,1.269516685227015570e-05,1.640151549234369011e+00,2.994491417554149843e-03
1.918325018295635065e+00,1.469861461784571682e-05,1.641217440732058774e+00,4.144920787990364654e-03
1.197706854337323268e+00,8.785740735140203932e-06,1.366035784282831234e+00,2.775450083950205347e-03
1.522911642744547045e+00,1.421712059515643266e-05,1.982000039738612607e+00,3.305151320368785416e-03
1.323724181850382653e+00,6.761528221165991527e-06,1.133085023107268441e+00,2.810541058981919343e-03
1.462229703102301714e+00,5.163047269288431447e-06,1.183421250545474646e+00,2.525754699102091168e-03
1.578698972484965601e+00,1.249344912795572476e-05,1.111086009118860130e+00,4.213247774368999304e-03
1.279638714553021472e+00,8.842742799509368330e-06,1.980574054920440474e+00,2.390240712005791638e-03
1.976969250198394867e+00,1.253492469192359449e-05,1.054081813594856643e+00,4.848681549246742356e-03
1.074969562358843334e+00,1.409907502535102207e-05,1.174648992923473134e+00,3.592024904978841516e-03
1.724711180705331248e+00,5.800126101797408975e-06,1.819800549351582308e+00,2.344579759001861642e-03
1.433596644641897733e+00,1.482287875114952216e-05,1.028614848058635012e+00,4.545203908542788142e-03
1.278610033595567241e+00,1.135532515709882252e-05,1.492507103285667380e+00,3.118965982093894074e-03
1.164947698234089613e+00,1.325743431858754238e-05,1.911551191913387626e+00,2.842431382062663488e-03
1.996484242870785852e+00,1.309329618232173571e-05,1.624649937165482116e+00,4.011229776036377356e-03
1.290824204829316812e+00,1.486357961403887652e-05,1.708482178388317951e+00,3.351120392628904182e-03
1.689506644466629126e+00,7.419940593081186488e-06,1.983221269659618979e+00,2.514169655286807581e-03
1.129394798343913209e+00,1.121191157293655354e-05,1.569278646385903642e+00,2.840617059570393465e-03
1.466331014121795118e+00,1.080663373902295766e-05,1.110253250965567595e+00,3.777897752144955372e-03
1.658898653654734101e+00,1.301766776648520510e-05,1.350616419605434437e+00,3.998623430266089879e-03
1.204488964619549574e+00,1.474772778487328699e-05,1.165561660384262233e+00,3.903878946282891838e-03
1.764209179617872048e+00,7.305924455084110468e-06,1.932774681272944717e+00,2.582391082925211689e-03
1.668088603523573354e+00,5.644839428381576508e-06,1.221763195042789185e+00,2.776143011957392555e-03
1.157260625919585006e+00,1.083640098095096037e-05,1.467664694307178941e+00,2.923106902637866763e-03
1.498239194874359193e+00,7.976882850528407170e-06,1.237083879404118569e+00,3.108190368589206724e-03
1.072660864271766989e+00,8.013821161010251890e-06,1.277433994402662254e+00,2.594070688696242799e-03
1.750407095483735853e+00,5.959421313829723599e-06,1.293095538554894119e+00,2.840248053272107290e-03
1.731868308717793514e+00,1.205181538911917011e-05,1.929197753554084294e+00,3.289237963035704978e-03
1.548514845773490967e+00,1.436411842540281887e-05,1.964857058167333248e+00,3.364586472927485940e-03
1.817114289972551644e+00,9.262589044626400042e-06,1.311937242150730709e+00,3.581795525411773581e-03
1.517537693972173862e+00,1.301159568617482325e-05,1.276445694376228346e+00,3.933089708451683458e-03
1.104505407275992113e+00,1.231014026315060599e-05,1.039263327960214811e+00,3.617034260958791343e-03
1.231996407869492050e+00,7.646240851709339072e-06,1.340959921615670902e+00,2.650457280570139764e-03
1.793156465623704232e+00,1.385625380306825395e-05,1.960055443563281541e+00,3.560392109794487201e-03
1.661858377146103738e+00,1.166447623892754456e-05,1.358077367153355919e+00,3.778047126450014177e-03
1.721316140090747959e+00,6.342692248735975177e-06,1.135352960913369680e+00,3.100999469043180280e-03
1.383936709922128472e+00,5.437775658952817467e-06,1.533578021182251838e+00,2.215214676277240443e-03
1.033115191395950871e+00,1.166138270652158638e-05,1.742676058906945213e+00,2.629305595156685403e-03
1.560626123437790058e+00,6.061635581420122325e-06,1.572348097193116523e+00,2.452844395918776527e-03
1.107461234956405693e+00,1.286765915889285058e-05,1.959702719464140097e+00,2.696614983868714753e-03
1.922569864793153283e+00,7.184927595487689239e-06,1.964881144036460636e+00,2.651454145951167088e-03
1.999500392640217949e+00,6.979666564840992444e-06,1.922951914740686830e+00,2.693976931769810450e-03
1.965353316800692252e+00,1.199307802576661883e-05,1.505358120717029458e+00,3.956997106743529238e-03
1.466452199802335876e+00,1.264639709587634696e-05,1.449917287477345607e+00,3.576397222502365747e-03
1.617942139900190313e+00,8.738996531482296230e-06,1.913720486997784409e+00,2.718147523057508948e-03
1.600943577658582306e+00,7.364871189254971300e-06,1.087970977252569860e+00,3.292015988050543858e-03
1.485700064847968793e+00,7.025360618229115401e-06,1.886813633026245940e+00,2.351989504008986098e-03
1.942105270022280727e+00,5.415708879546184000e-06,1.776381296999018922e+00,2.433301606395172918e-03
1.613671120675669091e+00,1.163956095672837607e-05,1.336533482760833280e+00,3.748744928969178960e-03
1.453276636003992817e+00,6.613144441420505277e-06,1.592398963430745606e+00,2.456700458645338318e-03
1.949948353729716199e+00,1.306507730075283938e-05,1.580835409909373324e+00,4.014433041714738845e-03
1.004413087956307349e+00,7.979521140413489754e-06,1.688111641028821497e+00,2.178933690846960019e-03
1.117778336443895126e+00,1.076711788635447025e-05,1.971623109415201913e+00,2.470675042647691669e-03
1.605046237488934047e+00,9.466189629138396357e-06,1.466220906901805510e+00,3.219079260691717903e-03
1.384413444647246472e+00,6.936285978429513192e-06,1.150526238252857159e+00,2.889003950373334514e-03
1.857892574050997947e+00,1.191417650832978223e-05,1.299142329220347669e+00,4.127755337841746211e-03
1.842645711400748176e+00,7.566372618269449310e-06,1.552414657080399607e+00,2.996821774947766755e-03
1.622158426379848528e+00,1.238235408788824642e-05,1.603445238113708982e+00,3.539330974356575711e-03
1.692708931912023651e+00,6.072249321136124700e-06,1.947990382403198328e+00,2.297061041874684691e-03
1.684824445979223428e+00,1.030775311237580477e-05,1.194992329779644535e+00,3.812209618295228381e-03
1.766054558009252151e+00,1.204468895405867780e-05,1.784547771254578308e+00,3.452516504772534627e-03
1.146236547655692606e+00,7.030666176103483281e-06,1.180192663057836988e+00,2.613117326046814418e-03
1.686443463689998978e+00,9.944435910648900990e-06,1.167768340437296493e+00,3.789637082494616820e-03
1.597952339955304391e+00,1.023931272655118059e-05,1.795749841499153732e+00,3.018522353108420153e-03
1.032502505253593217e+00,1.355863979042227875e-05,1.332406409948801551e+00,3.241419660199318115e-03
1.772724283371935439e+00,8.251456392540472136e-06,1.489281481685007069e+00,3.133989280490211572e-03
1.838498329689962407e+00,1.447392617190197044e-05,1.964863050540110567e+00,3.680091809896066362e-03
1.186187407013802098e+00,8.280495632158326548e-06,1.922494750900861193e+00,2.260332030902216429e-03
1.590899453246069406e+00,6.597756819333067670e-06,1.958506714458114306e+00,2.315031933323350409e-03
1.050075672589842579e+00,1.101849502667003779e-05,1.344047431189283603e+00,2.934027235961746746e-03
1.473179620276397150e+00,1.338350746653106725e-05,1.454942806005985467e+00,3.681203812728326558e-03
1.836240464042886433e+00,1.441269367660224680e-05,1.938329748980381240e+00,3.695077266988368216e-03
1.044798357001976541e+00,9.213176024396645624e-06,1.017800174587260020e+00,3.075315409393350723e-03
1.412762243000327267e+00,7.618945407589798447e-06,1.160620802720637501e+00,3.045347071655205972e-03
1.844677742342139659e+00,1.447943131777577102e-05,1.156216005426243809e+00,4.806362448696291714e-03
1.027854857445862358e+00,1.072576099891391557e-05,1.832755835425430080e+00,2.452605221512351493e-03
1.725105571050172371e+00,6.610209486520177906e-06,1.205826728185400043e+00,3.075197389430477449e-03
1.870242079858518425e+00,1.220093361501882616e-05,1.427824326546414113e+00,3.997680260162296204e-03
1.820292530337404457e+00,1.076707150618890993e-05,1.711205632808526111e+00,3.384295617453926801e-03
1.853202738138524985e+00,1.161245868873068477e-05,1.952015952916235975e+00,3.320334792921248064e-03
1.314353691332448726e+00,9.797247068135916644e-06,1.118272624892123535e+00,3.393394158839981630e-03
1.055935103957807097e+00,5.441609390379397166e-06,1.547676275674522595e+00,1.926824826149493592e-03
1.566879916648674431e+00,1.248059659910084990e-05,1.786188357960214468e+00,3.308810557980135757e-03
1.143402368619763187e+00,5.428645421941619755e-06,1.031847170106351186e+00,2.452661382647525722e-03
1.795847694813977213e+00,1.367814056989421231e-05,1.029265658594167077e+00,4.885224659981276737e-03
1.298901593384215847e+00,1.366929865122100277e-05,1.735337057192545718e+00,3.198669139962278217e-03
1.934504963933639132e+00,5.219749065266555102e-06,1.087796870623144674e+00,3.046743086107028386e-03
1.216891499681008737e+00,1.409027594665592220e-05,1.371553573542144910e+00,3.535731599880180976e-03
1.129988937934364168e+00,6.500248516923594832e-06,1.548938786507180865e+00,2.177634302226952139e-03
1.530173685201853484e+00,8.563763916277314391e-06,1.313177755091670562e+00,3.158936885993050836e-03
1.185202210689460633e+00,7.944784010213033824e-06,1.118557447480002409e+00,2.901403475736335624e-03
1.208908718846723573e+00,1.492270451203853463e-05,1.565305645919102817e+00,3.394852805284608813e-03
1.187211451030932619e+00,1.190880299122427290e-05,1.107644663731972567e+00,3.572710809915348104e-03
1.714522232193499196e+00,7.285945710702895885e-06,1.072388113603987669e+00,3.413017618168002858e-03
1.798513368513602551e+00,8.279865189767405872e-06,1.268820581310742490e+00,3.425850135397783946e-03
1.663445769849329903e+00,1.038745257822755180e-05,1.208694458182828946e+00,3.780946960622312471e-03
1.646796978961187374e+00,6.407073127850900988e-06,1.790369233382943293e+00,2.427608045787816617e-03
1.811390178800379891e+00,1.122918732792489420e-05,1.739115138853547293e+00,3.419920417333935109e-03
1.628947618286484600e+00,9.672778897251192655e-06,1.550781545067808187e+00,3.187527041469419373e-03
1.641549913738651778e+00,1.232014608069532455e-05,1.228186165896612891e+00,4.057914332854795948e-03
1.851001549433546112e+00,1.100137118999403533e-05,1.832058507478140807e+00,3.333935018539787003e-03
1.298284170811339955e+00,1.417044347695744586e-05,1.493243261750858863e+00,3.510033975329375066e-03
1.015828294362993933e+00,8.596338230464297032e-06,1.322967496044961333e+00,2.569166869648525833e-03
1.987501761018615642e+00,6.947059626659832549e-06,1.274917091895513721e+00,3.290889519517741727e-03
1.656810164431348653e+00,6.502257034160974568e-06,1.937492872984923675e+00,2.358024889649740826e-03
1.393935247586940651e+00,5.285585895640044382e-06,1.286304347853349128e+00,2.393293705728944364e-03
1.154939000945192973e+00,1.050338760591699186e-05,1.103971983445736438e+00,3.314860020971864205e-03
1.429751758232048697e+00,1.461999321859475473e-05,1.686862756888694026e+00,3.520173184597488042e-03
1.393826468139328867e+00,5.638721347817779334e-06,1.169561822518632610e+00,2.592286980360637358e-03
1.518175126714591094e+00,9.090346844113677871e-06,1.364491775520991101e+00,3.180282517271160788e-03
1.667401965122363938e+00,1.449942787939429093e-05,1.132213667279468261e+00,4.620951294555412925e-03
1.541809188540999909e+00,1.361857798334465073e-05,1.675188747781823917e+00,3.540375463359451622e-03
1.138843365775086269e+00,1.076516315602299656e-05,1.693254100380501281e+00,2.690798880278001855e-03
1.626278202302289255e+00,5.513760634341266793e-06,1.919060784823458210e+00,2.161608349753785154e-03
1.023557617754657034e+00,1.299471929776536741e-05,1.336293393367058657e+00,3.154922447312726898e-03
1.935153484772232257e+00,1.337526258711810222e-05,1.474939944037032546e+00,4.189109359288234469e-03
1.036901414638590424e+00,8.032396807153899447e-06,1.444442693770212616e+00,2.401270871235606282e-03
1.372149483632970401e+00,9.939438578183440277e-06,1.095366050580848682e+00,3.528596525852691415e-03
1.995302982414972615e+00,7.061078044301963448e-06,1.345823665418807158e+00,3.235533131270779475e-03
1.742810937013550276e+00,6.583487982680125500e-06,1.892487725328371173e+00,2.462275400379645984e-03
1.736120937491385741e+00,6.096678615114330431e-06,1.920245670638854207e+00,2.347784553398266343e-03
1.646274318925370350e+00,6.615638791546924542e-06,1.920174653284089317e+00,2.381587970236115955e-03
1.764378788095899431e+00,7.564092185203943567e-06,1.533707061635189550e+00,2.949871594334032253e-03
1.901333814708003223e+00,9.268798021035510595e-06,1.241774076941615235e+00,3.767208007639262675e-03
1.185900584076208908e+00,6.301286457081745057e-06,1.168124907066213636e+00,2.529263699361581144e-03
1.837793601931525300e+00,8.722947248486546978e-06,1.045944946885056570e+00,3.914944210924579948e-03
1.246020754723547341e+00,6.259171889508683228e-06,1.648170049651179969e+00,2.175304550612153828e-03
1.757341321510712540e+00,9.784835192572534634e-06,1.737022407547962333e+00,3.146314325321612412e-03
1.808653122335548424e+00,9.150810229753788449e-06,1.733348179213514140e+00,3.090042917929925522e-03
1.150199698718180175e+00,1.412479120169259132e-05,1.432700818379464058e+00,3.367440172456323284e-03
1.846134999188689285e+00,1.180268302854210822e-05,1.185671095899023975e+00,4.286866740284699280e-03
1.429875544481642446e+00,8.286611485125094530e-06,1.466159745091591082e+00,2.842804291014184963e-03
1.935188491831483448e+00,1.080478986911691074e-05,1.928774713765347482e+00,3.292524740768355308e-03
1.814007772924067341e+00,1.039325933594473445e-05,1.186798055392053630e+00,3.985722339733843191e-03
1.579124546599832257e+00,7.954877987202816682e-06,1.556287184134471424e+00,2.841057889849194027e-03
1.214167369711459443e+00,7.589617912794299116e-06,1.125455747571681542e+00,2.861442499329431167e-03
1.615152469789722822e+00,7.740681058338093161e-06,1.123953418558735873e+00,3.335202390176307281e-03
1.479157904260667733e+00,9.333697159823914517e-06,1.470592758861496430e+00,3.063994000392145523e-03
1.398798266652125699e+00,7.136241053892018990e-06,1.999928368878011842e+00,2.234112703750556865e-03
1.006329348686862524e+00,7.739997893098521251e-06,1.094728639100062573e+00,2.667394495927589374e-03
1.666091590544640066e+00,1.056040908972996535e-05,1.451909273097968800e+00,3.481128603777546189e-03
1.068345105964779052e+00,9.197078203586459591e-06,1.628301231472763178e+00,2.456480644060212749e-03
1.797577532980205284e+00,8.833476627877185863e-06,1.789103052888918022e+00,2.979147249246103055e-03
1.281225605549370705e+00,1.413288034045957390e-05,1.200374711792867810e+00,3.883915091035198414e-03
1.711341851195281372e+00,8.242673015579969311e-06,1.000152712656046328e+00,3.755512941888638177e-03
1.169106610056484197e+00,8.020745442552550523e-06,1.747917523777988036e+00,2.316188795444252841e-03
1.395566280147029659e+00,6.778769012407145908e-06,1.059151707913517981e+00,2.988625970358858332e-03
1.614158850164191028e+00,5.695759051472388966e-06,1.062809417127247746e+00,2.941177556991800453e-03
1.680355430159596430e+00,7.425488338304491550e-06,1.125968783599175183e+00,3.328893582482921141e-03
1.674768807252797309e+00,1.146741762712819609e-05,1.768421698175633772e+00,3.295469745258913698e-03
1.549904955939128248e+00,7.619725114212616615e-06,1.457030846113821942e+00,2.847002264136995649e-03
1.758710383323422111e+00,1.263335302022762600e-05,1.983126361877592947e+00,3.347197095439385667e-03
1.948954167133870818e+00,1.130273918065907935e-05,1.428739374957965547e+00,3.926595451825748428e-03
1.547034850416320939e+00,1.001905846266829017e-05,1.602568044487103327e+00,3.109963304964157536e-03
1.257525510835102445e+00,1.488817915669743953e-05,1.660253004772681562e+00,3.358087883454738236e-03
1.964480492113467980e+00,1.173792559221033731e-05,1.543393284491672679e+00,3.865282435202244300e-03
1.650824925199593229e+00,5.197706629220088410e-06,1.147412549383133973e+00,2.734617524683472401e-03
1.684314730563121865e+00,9.502029698898683093e-06,1.573712020849844961e+00,3.189019567845443378e-03
1.829317680876166641e+00,1.202019384940159330e-05,1.759337785074949201e+00,3.535295225652196945e-03
1.816172264905359546e+00,1.315144525420561982e-05,1.780837268993447076e+00,3.662293467962027260e-03
1.385116892821615764e+00,7.152467055411452342e-06,1.304257143330411761e+00,2.756065495687941031e-03
1.215977906031344702e+00,1.233381619857387845e-05,1.003076463421265441e+00,3.866736322901812451e-03
1.125380419505969343e+00,1.347876294060835627e-05,1.675915582389864600e+00,3.008490368018923878e-03
1.251163719655361550e+00,1.114388851039238142e-05,1.203372238661470917e+00,3.403889525060248104e-03
1.242754606829583608e+00,8.598968679790424627e-06,1.516076105835596710e+00,2.654944047761766124e-03
1.289565858689869948e+00,1.392963985127068318e-05,1.581507146457293622e+00,3.370203520596890684e-03
1.284895716121499554e+00,1.124632692256817979e-05,1.381892056733900809e+00,3.233718657160958906e-03
1.984801880633436655e+00,1.306573875879566833e-05,1.721146945063290801e+00,3.881651948785879141e-03
1.124099176916235177e+00,1.472663938741100199e-05,1.503054802263815493e+00,3.318690356258469348e-03
1.409450644472767022e+00,5.302289457721301299e-06,1.736552580768806697e+00,2.074496391406202046e-03
1.289214274280513273e+00,1.065275419986990059e-05,1.567621600397008041e+00,2.959871700007647970e-03
1.027836530771361279e+00,6.885072762959893765e-06,1.896554163033553841e+00,1.931673254269203202e-03
1.531588457528682223e+00,5.705105864683059978e-06,1.426408591872023290e+00,2.475032597120913752e-03
1.769612734458859471e+00,1.489526522636881021e-05,1.018722665070404432e+00,5.086689793779796374e-03
1.483059204418646138e+00,1.133983075010097670e-05,1.187749175078574471e+00,3.762878208320957155e-03
1.726414479767644838e+00,1.448743721013618307e-05,1.885107467201869280e+00,3.642505879190959927e-03
1.240976153692285422e+00,1.486326655483777241e-05,1.088160204645520324e+00,4.117109632396487480e-03
1.594079915854503593e+00,8.142017081921913788e-06,1.096004457340911564e+00,3.441239421998613154e-03
1.257478628683811550e+00,1.241410789751754351e-05,1.779410829913051995e+00,2.961896984237978765e-03
1.234468767682056933e+00,1.311899344499741393e-05,1.338207604674358064e+00,3.478792812414517252e-03
1.376422295444001520e+00,1.396253389847813112e-05,1.210227658227517988e+00,3.984964278041908635e-03
1.653169409860670847e+00,5.079012271853027540e-06,1.777169837371835648e+00,2.173621116301820318e-03
1.424453395798706890e+00,5.901080592078176940e-06,1.157360757288229403e+00,2.694979829610894429e-03
1.481229136409991209e+00,7.243739376260449394e-06,1.358696362232092891e+00,2.810161794099970498e-03
1.469942737312937453e+00,7.523421058941570915e-06,1.790086342437096523e+00,2.485540837838951488e-03
1.326521825744375160e+00,1.131140355875601864e-05,1.016833833837481826e+00,3.841408157801661644e-03
1.721571673612189546e+00,1.345177650404718567e-05,1.116330054022144358e+00,4.554661092701217141e-03
1.105894908633019424e+00,1.468282444749869373e-05,1.637133269786081868e+00,3.149341204291469104e-03
1.122622515522691433e+00,9.580175835179813971e-06,1.150031908941717251e+00,3.058078778485403409e-03
1.709672717979544121e+00,5.328490031358488739e-06,1.224370493956323802e+00,2.727734785373390775e-03
1.940649079617422057e+00,6.012109423057684199e-06,1.903552023445945096e+00,2.475737347734217712e-03
1.576577605305500507e+00,6.606790622927406284e-06,1.496602350735613873e+00,2.638151530420382567e-03
1.041024831697489716e+00,1.422157186852078078e-05,1.117441777350689058e+00,3.639920452212148418e-03
1.294808528039079976e+00,6.180901327503870917e-06,1.155601944647410395e+00,2.631628304671014117e-03
1.415970304997673290e+00,5.581893220323487227e-06,1.115316819251870761e+00,2.662065329377267999e-03
1.285677602989110824e+00,5.803656277747815443e-06,1.092121087927568013e+00,2.613854953894962242e-03
1.700269283482930938e+00,1.270941573877076096e-05,1.636475405954436191e+00,3.633849246153770304e-03
1.854152318992224213e+00,5.940183851177130125e-06,1.853855695794145664e+00,2.437444214897548957e-03
1.934125933536018138e+00,8.581320055839610308e-06,1.204370651184346386e+00,3.712268175037795794e-03
1.328602167799865841e+00,1.419053872629758893e-05,1.941588142894948632e+00,3.116150068605503046e-03
1.624935898205400964e+00,7.092665300540874364e-06,1.613594111584550461e+00,2.672549141468092641e-03
1.443281901187222882e+00,1.340611986120771048e-05,1.609903275622234675e+00,3.466787642083315590e-03
1.402493593842917274e+00,1.003470270746781419e-05,1.746232711627584422e+00,2.838910091348683436e-03
1.787573078253686276e+00,9.568932020890793725e-06,1.829022911535649332e+00,3.058116770751096239e-03
1.807249924153888632e+00,1.376592207598233833e-05,1.949156851368053278e+00,3.572632680604590546e-03
1.941666645494121823e+00,6.840088479291083913e-06,1.007073444625495640e+00,3.631513163679495580e-03
1.843220574139049273e+00,8.696964123780724136e-06,1.459052945624836894e+00,3.314644588027878831e-03
1.207936207237987336e+00,6.427934653318641227e-06,1.628224994105176515e+00,2.183737930108859554e-03
1.436393429322298854e+00,9.316053520675515129e-06,1.800316217718953560e+00,2.726329202713694781e-03
1.465988082185656793e+00,8.327401237828132495e-06,1.905396231709111099e+00,2.531204968023783967e-03
1.228295973903508642e+00,1.028997146902146583e-05,1.302981670801756975e+00,3.114507967498561600e-03
1.422537534848260066e+00,1.127725434628077596e-05,1.403783828971663095e+00,3.380519437512774505e-03
1.014564798114023336e+00,6.284758916449939662e-06,1.646218769679352878e+00,1.968069503496464815e-03
1.729406705633719010e+00,1.154182143950555471e-05,1.538141117138118741e+00,3.602364498685357158e-03
1.718945693575466560e+00,5.188045088382101010e-06,1.037023179105249326e+00,2.932504702531176302e-03
1.687520158318748020e+00,7.906113296600461178e-06,1.047391866796281379e+00,3.569039897860638681e-03
1.176222763400371019e+00,7.104848790998575077e-06,1.686763114460171131e+00,2.225846249119426117e-03
1.297138729778843036e+00,9.524806111226661454e-06,1.528907649518213674e+00,2.842697571351826026e-03
1.184647977511208872e+00,1.374415175845179570e-05,1.934159143126644942e+00,2.901399467758532247e-03
1.507801156516659802e+00,6.620849377881204017e-06,1.408760673258675045e+00,2.662013663627924281e-03
1.426233907904483900e+00,1.078440065350155295e-05,1.333569610144925477e+00,3.396139653415925375e-03
1.174279644668975831e+00,1.255411149309915694e-05,1.444907191294188431e+00,3.194175547949268043e-03
1.028232460452864094e+00,6.850092384718118102e-06,1.964889370462197249e+00,1.893323466698508756e-03
1.791821105334154396e+00,5.834425015578698200e-06,1.407467967644345785e+00,2.725380193405821643e-03
1.054027542872495227e+00,1.394348104629150348e-05,1.277974588944095657e+00,3.391177139413824228e-03
1.212825573681743263e+00,5.149412786393237368e-06,1.717819890157918028e+00,1.906730058373604054e-03
1.042324782081794687e+00,1.081538702060053848e-05,1.425416303657403905e+00,2.812235610839270393e-03
1.166489143917311289e+00,1.420545001569369566e-05,1.452668455051324914e+00,3.377416306799066459e-03
1.874439444880467320e+00,1.089447055508519676e-05,1.269925690900952864e+00,4.010048428453185689e-03
1.040873933307338017e+00,1.087301524538994099e-05,1.727973154381130527e+00,2.559207909230680738e-03
1.801766169045561750e+00,1.047498218459258366e-05,1.575324807072019162e+00,3.461312450474654349e-03
1.755908349288704873e+00,1.160997683902684603e-05,1.991045882760058339e+00,3.199823064482181390e-03
1.023404546311392771e+00,9.046873940446189491e-06,1.736901655785198173e+00,2.308794747927934293e-03
1.008983776497362594e+00,1.486310728881079710e-05,1.838372886324079136e+00,2.856143968399418604e-03
1.917342344965076162e+00,6.494522182329863883e-06,1.986755132859838513e+00,2.503521136244502097e-03
1.862410204559290072e+00,1.414800950491336035e-05,1.316782880239847131e+00,4.473302390010030528e-03
1.026778196789914332e+00,1.202786518178256048e-05,1.623102882000118541e+00,2.758414774724198253e-03
1.937135396453359082e+00,1.259355936384367878e-05,1.217466199159633167e+00,4.476367964121851124e-03
1.296368834193838859e+00,1.328142629511329807e-05,1.213658989616054340e+00,3.766502938204685947e-03
1.239393095365943109e+00,1.317309003141721124e-05,1.652662817697224229e+00,3.143085810916136213e-03
1.885483918083741495e+00,5.945188971784658467e-06,1.156725656796710355e+00,3.112999591750361793e-03
1.073163886500862585e+00,1.043190560742906256e-05,1.489240142724518323e+00,2.741779229422334607e-03
1.497086398114923389e+00,1.148079194312128532e-05,1.448870562615923507e+00,3.444249160605551349e-03
1.817207801235075859e+00,6.015680138095438176e-06,1.413654418805534219e+00,2.780821015311083725e-03
1.773263894919371086e+00,1.284373211326580262e-05,1.318064904654486114e+00,4.156845727775498878e-03
1.328338550141192620e+00,6.658479932001390314e-06,1.210687439713854285e+00,2.702874727093333967e-03
1.293593911259733886e+00,1.432637904168105626e-05,1.719299799930931405e+00,3.283155054306280667e-03
1.383685565174254339e+00,6.505420761757434473e-06,1.721568295276493465e+00,2.286621448483289968e-03
1.798522552298336796e+00,6.438424640020974727e-06,1.661366740000635556e+00,2.640067290996019663e-03
1.966048164306877677e+00,6.450212809514087878e-06,1.257736857159861055e+00,3.175332469279278525e-03
1.333533867781780735e+00,1.297202124376207357e-05,1.768789207051739698e+00,3.127287513411011483e-03
1.623630718547699470e+00,1.492363331724872718e-05,1.063329321487160861e+00,4.773610934423048666e-03
1.652208106467661697e+00,1.280407458924000169e-05,1.017596529304586106e+00,4.559515154535952706e-03
1.510567231227899931e+00,5.065920897330181021e-06,1.934289161018755143e+00,1.989017172161170778e-03
1.347825475580119559e+00,5.583192791596244248e-06,1.910662166902684200e+00,1.984568942612568217e-03
1.058546920659815704e+00,1.334049772109048863e-05,1.517929389202907542e+00,3.050108497865361510e-03
1.908813329095631062e+00,1.225803241477421717e-05,1.716317309334701946e+00,3.692268889462096710e-03
1.603160802820706943e+00,5.176987703195222158e-06,1.015405460065120113e+00,2.858955281958030538e-03
1.330655129995411912e+00,7.276911459099922686e-06,1.696268188740550187e+00,2.389235961543442494e-03
1.885723658763699406e+00,6.158870839691581449e-06,1.749290923095337069e+00,2.576668521473638850e-03
1.947987703126759396e+00,1.045226928706767702e-05,1.120778437313995068e+00,4.262246051462791410e-03
1.976404239641763816e+00,1.430609140957306500e-05,1.860162004098544264e+00,3.898728579534120955e-03
1.929208090027344058e+00,8.134007466379193088e-06,1.876935872792795612e+00,2.891459430450086035e-03
1.029257648689118287e+00,1.454727573003267968e-05,1.193238117211502969e+00,3.542332532838609639e-03
1.670568017354758572e+00,1.197360103515143981e-05,1.325879457368807079e+00,3.884118327683407958e-03
1.179241322333712816e+00,5.581826123510602968e-06,1.571781083740925400e+00,2.046413855575150188e-03
1.513403908846641110e+00,5.124095057986523135e-06,1.906514530874324098e+00,2.016814498482192609e-03
1.699927282896936509e+00,1.069190486310199508e-05,1.074456543818280041e+00,4.112901297519403615e-03
1.561218279607408110e+00,1.010786783761714094e-05,1.930413662552284748e+00,2.859146441442804096e-03
1.382567978257434493e+00,1.034711240203352333e-05,1.279281217049845321e+00,3.344027334099651007e-03
1.698733900531886665e+00,1.325713534140608355e-05,1.093380815317681831e+00,4.538389828371543547e-03
1.225353057837187842e+00,7.553889807728112679e-06,1.607373476624067266e+00,2.399703269488660112e-03
1.125410862375165522e+00,5.050341307760725135e-06,1.280121403101283750e+00,2.107125177881833018e-03
1.282308264789712604e+00,5.179226643970996730e-06,1.958771103972017702e+00,1.841352070607165823e-03
1.761624854343731617e+00,6.056857330095981105e-06,1.627636853633597891e+00,2.560363510243171027e-03
1.664571726607515512e+00,9.266762550246500818e-06,1.798724581528832855e+00,2.928417135141056764e-03
1.047491134122624068e+00,1.284536825979884866e-05,1.877534705311513008e+00,2.677037598963654882e-03
1.513110704944277796e+00,1.415564719449781178e-05,1.840564204637182399e+00,3.411337835919793417e-03
1.967625147980953448e+00,6.458900123246150980e-06,1.402891871057297291e+00,3.009805055803476369e-03
1.302084282268417770e+00,1.439597798562069979e-05,1.638109192813329784e+00,3.382740720823948673e-03
1.857058583338952573e+00,1.071903951436243965e-05,1.010378622923470138e+00,4.438627132495058004e-03
1.915179688147551129e+00,7.218529195804649673e-06,1.075398969506658364e+00,3.585455314173202190e-03
1.947529894666236494e+00,5.211581681700814879e-06,1.000413272748276849e+00,3.185203016668537376e-03
1.517582907891916300e+00,6.023495591852891668e-06,1.224369473996376190e+00,2.732399927253094558e-03
1.209670706059480239e+00,1.360967234701573032e-05,1.869962682699844336e+00,2.967159871093189797e-03
1.466023389952820555e+00,7.007670577899970116e-06,1.202345060345785033e+00,2.923093632828153467e-03
1.763061456382090331e+00,9.081196029766637950e-06,1.153487428478224608e+00,3.725622245085893468e-03
1.806838822172816661e+00,1.359236802393321879e-05,1.239320193208953924e+00,4.451593566438010428e-03
1.354301982596297860e+00,1.165474367137010777e-05,1.481890048231642609e+00,3.263631600029430566e-03
1.692308170151364699e+00,5.035347613238200611e-06,1.063683612010540402e+00,2.830402636525185082e-03
1.994843757694053199e+00,9.524062160188189504e-06,1.103804398094959449e+00,4.148771285214785699e-03
1.157659821266381783e+00,8.020057284119430096e-06,1.748237996245841863e+00,2.304511809101004050e-03
1.198911104021996632e+00,9.034396645875549859e-06,1.192236791685132857e+00,3.014128811513172232e-03
1.677369412104656288e+00,1.366430315670885963e-05,1.516440358053264603e+00,3.887724100863862355e-03
1.647797769135193713e+00,9.259852983041169479e-06,1.474667869651614671e+00,3.216672840002963735e-03
1.781194533033839678e+00,8.982677624443325743e-06,1.263843243623370416e+00,3.558049437169596291e-03
1.925723112572003792e+00,1.173576711818623955e-05,1.301778915898380573e+00,4.166621458951505833e-03
1.048255521252265066e+00,8.641211989468275951e-06,1.543600950705044328e+00,2.422442015198549362e-03
1.932030528080808107e+00,1.456418795587243533e-05,1.101604435836069928e+00,5.054023904500506981e-03
1.157837066138364346e+00,5.135531800460068857e-06,1.449506036419354160e+00,2.025379554331751403e-03
1.381471541157970329e+00,9.105454922779170426e-06,1.175417096527006766e+00,3.271340829324088321e-03
1.850718796751280149e+00,5.869707403906158135e-06,1.920530283705152996e+00,2.378306728423474920e-03
1.588537424789131958e+00,1.008451619309156717e-05,1.359242149700295776e+00,3.433031928936075648e-03
1.035197629331755076e+00,5.371017743927406633e-06,1.061073130693014566e+00,2.289113198293418749e-03
1.161471997352094832e+00,6.248243282032997696e-06,1.760830263577389587e+00,2.030133465389669881e-03
1.101455815204281707e+00,1.336486951410338449e-05,1.238239812688399333e+00,3.447970327635812432e-03
1.829911338612124183e+00,1.288031112516904635e-05,1.528294602301747407e+00,3.927124423062909944e-03
1.426861424074405305e+00,1.312007467313997886e-05,1.453208537457858718e+00,3.589178697609575301e-03
1.125915240040512355e+00,5.810746612217278570e-06,1.468330146604982289e+00,2.110847993159635592e-03
1.813887388755898833e+00,1.056495178254384710e-05,1.426692979042730958e+00,3.664997293920101498e-03
1.791539008372964314e+00,6.734201061476258860e-06,1.936719389444732098e+00,2.495874957667777467e-03
1.313238774815340015e+00,1.379225343158763865e-05,1.445225899028084626e+00,3.540149439025872327e-03
1.708033233841827814e+00,8.012332787219517865e-06,1.020141582378820022e+00,3.662666891778023140e-03
1.856814057778866101e+00,1.361567724335381208e-05,1.759621093411288806e+00,3.790480371297527164e-03
1.284232069079043859e+00,1.489535724743289161e-05,1.853246374559879950e+00,3.212777410747477691e-03
1.209362254445085494e+00,1.175351146051585054e-05,1.256852184119342297e+00,3.362946205605473957e-03
1.608213646986303980e+00,1.289489149376967379e-05,1.418274426357626350e+00,3.823847657422861819e-03
1.261997721227305247e+00,9.677429128245256353e-06,1.266644844849113660e+00,3.105144785779390126e-03
1.080414737201193409e+00,7.484001358558041290e-06,1.250772182747490469e+00,2.542570896848347830e-03
1.870178006504036317e+00,7.331674246545000906e-06,1.112511140642804985e+00,3.510676956385765188e-03
1.850833687746537004e+00,1.499988065448651928e-05,1.791259465727498279e+00,3.936845310070098518e-03
1.739780137522286552e+00,1.302737152278975215e-05,1.407879790535894404e+00,4.012294441450765282e-03
1.824094803024246758e+00,5.744019363285799523e-06,1.982566477457520460e+00,2.298887777936671570e-03
1.564194675459433137e+00,7.695641903370131927e-06,1.468745025597415932e+00,2.862823823445743467e-03
1.799362324607512553e+00,1.477095243811188814e-05,1.301803765802959312e+00,4.518463719965529375e-03
1.683893124664950447e+00,1.241875216151944635e-05,1.171509255323292642e+00,4.224967571257141896e-03
1.966218474779588998e+00,7.085520083854764106e-06,1.309368161158471544e+00,3.261901667416619143e-03
1.063413995756571806e+00,5.082397638929805791e-06,1.692212124913320404e+00,1.787138064241883262e-03
1.467618956151974574e+00,1.449649877274491235e-05,1.906309362007854391e+00,3.340731156876267181e-03
1.227161043157464437e+00,9.013912483603623492e-06,1.844220525338762240e+00,2.449069010414783518e-03
1.054385620640569066e+00,7.658469012760715482e-06,1.270021676914681930e+00,2.521535867775899411e-03
1.789499406975610496e+00,1.146364200974358741e-05,1.142640357750181135e+00,4.237135059867301601e-03
1.229889385752820807e+00,1.306633032933647871e-05,1.765698911140585192e+00,3.016834728358292871e-03
1.041582328417848036e+00,5.129350628733453046e-06,1.314739667803439316e+00,2.015849530774934534e-03
1.163831048161452886e+00,1.043950342760555444e-05,1.925109509939055830e+00,2.512217117084541464e-03
1.587405918742783806e+00,1.288017705596755243e-05,1.862497205995301996e+00,3.313272067505495470e-03
1.650976683272842971e+00,1.049742772053799831e-05,1.584953044077061168e+00,3.306767923711748970e-03
1.673049520082870334e+00,1.220509749702875504e-05,1.743092526056240654e+00,3.422668232634057221e-03
1.093891591202656333e+00,1.189863449096373657e-05,1.543373664668259870e+00,2.904023732124725796e-03
1.165896659091010035e+00,8.377092598790441253e-06,1.126269106642707962e+00,2.944798621365766339e-03
1.482040166940936654e+00,7.805908290565051748e-06,1.966752799668731289e+00,2.425307562012557396e-03
1.500558588576514918e+00,5.318876290056748860e-06,1.676657739452299678e+00,2.181796366357755066e-03
1.172432035874346745e+00,1.338837013944547898e-05,1.897095036202429696e+00,2.876491862529066083e-03
1.569394511218886290e+00,7.601014097835578884e-06,1.999819679762545377e+00,2.442341644913269706e-03
1.985170592013614232e+00,1.230495189428095417e-05,1.693035496863583234e+00,3.798445020343833075e-03
1.546233883966477318e+00,1.247088822027299146e-05,1.792585594584380715e+00,3.279792249876814676e-03
1.645745892345289008e+00,1.409076839933169734e-05,1.189210673447848032e+00,4.415901006720772230e-03
1.243563000349768188e+00,5.190741367579517013e-06,1.287831911790832340e+00,2.238819082614657268e-03
1.486700379539594330e+00,1.020688650510671272e-05,1.803947810858072209e+00,2.900323119237662502e-03
1.959439480948438561e+00,5.552288851263315098e-06,1.573940058292947919e+00,2.629104561682279410e-03
1.460378337350956457e+00,5.682614658329463673e-06,1.878880518162814095e+00,2.101634615856693127e-03
1.863469359210720544e+00,7.633137261035629787e-06,1.850864273992960163e+00,2.772205225201699978e-03
1.540250791598890778e+00,1.054006655377780601e-05,1.397362311558739467e+00,3.408496748866628439e-03
1.544159290005675089e+00,5.855463763786836899e-06,1.096222560799174683e+00,2.871953012673323334e-03
1.632750666021537844e+00,1.127909557417013797e-05,1.855434812672413614e+00,3.150461833846541961e-03
1.988801213418011749e+00,9.789283875051358653e-06,1.277783638560480384e+00,3.903394878740733959e-03
1.785208157601787748e+00,1.224954399545321072e-05,1.037293517789326547e+00,4.591489128057234768e-03
1.479339333345879304e+00,7.084346214501811345e-06,1.435321299241321125e+00,2.702148584438793071e-03
1.214545106203402058e+00,1.039340433496734311e-05,1.965897640662941814e+00,2.533992265611814329e-03
1.823339607609059998e+00,1.129416420659113177e-05,1.451416604400735277e+00,3.766732578488779515e-03
1.379431483208171993e+00,6.672613797666431376e-06,1.613865330520527053e+00,2.388165474297087101e-03
1.682137110171078254e+00,1.199496157207483226e-05,1.374704888875895037e+00,3.831116758704819318e-03
1.222436503321438828e+00,5.897870095381233798e-06,1.882182256458848624e+00,1.957176168010966392e-03
1.645578704324570429e+00,1.099335675672041243e-05,1.014946770108805962e+00,4.221850566467348805e-03
1.488090369004350544e+00,9.729480322018102111e-06,1.000052215167989811e+00,3.804942839625567817e-03
1.364008476005995174e+00,1.123628767305383738e-05,1.927239756224086387e+00,2.820019337063637416e-03
1.593231310609382056e+00,1.185163801648263514e-05,1.595091957628807844e+00,3.440612341853467419e-03
1.487559367511724684e+00,6.885535185064787456e-06,1.991642090261825704e+00,2.267777053610419823e-03
1.057127412549183632e+00,6.628004700964320337e-06,1.358994332994347687e+00,2.270629356146970125e-03
1.214349669346257876e+00,8.701103627223808268e-06,1.622846535268939405e+00,2.551645417129814152e-03
1.003078112892562324e+00,5.314952133688602044e-06,1.773929588919954892e+00,1.733599875232519003e-03
1.371620604333247950e+00,8.049350046216627636e-06,1.463561626896327628e+00,2.746577766956282817e-03
1.638215004459027124e+00,7.964698101352465600e-06,1.171470975318701369e+00,3.337369883760394045e-03
1.879661716977972574e+00,1.266644364547500528e-05,1.178454360516367760e+00,4.494804550651518987e-03
1.092976338318707885e+00,1.258945005051725865e-05,1.570581421976320780e+00,2.959910174662264744e-03
1.314935777728110988e+00,8.708219961560176555e-06,1.059767016066079037e+00,3.287091300661287331e-03
1.196409789869058216e+00,1.341049917755453855e-05,1.790826615466570182e+00,2.993199615874844385e-03
1.218297894164538597e+00,1.280277373932345666e-05,1.925233281709028299e+00,2.846342133487377371e-03
1.143419825157194758e+00,1.140737381959713476e-05,1.545486369904701007e+00,2.905113510892191799e-03
1.890196300170043253e+00,8.309610047508993690e-06,1.743313656589119631e+00,3.001622071032502594e-03
1.274194725648591486e+00,1.086323148039754928e-05,1.831919967423827345e+00,2.748806507284301710e-03
1.811434192699702850e+00,1.300001839867736809e-05,1.359713954079425635e+00,4.161591873963890048e-03
1.986843727354463240e+00,5.754046327663009436e-06,1.893504084780937458e+00,2.457171156558619982e-03
1.230358251791287216e+00,1.134581690549167095e-05,1.155855576342975644e+00,3.475216713817030380e-03
1.269928492753297888e+00,1.121487484710916889e-05,1.847794090495488373e+00,2.776259530722293908e-03
1.973850202260053699e+00,7.231442064618232444e-06,1.745871202044658066e+00,2.859324530337999971e-03
1.502495777156161338e+00,1.422883144364693313e-05,1.763891130970150378e+00,3.481411496267763223e-03
1.477352689993916668e+00,1.056874577639278374e-05,1.350965995079311144e+00,3.399629667412560913e-03
1.474048691107266773e+00,8.832154633472465637e-06,1.143888979651473514e+00,3.373628903185391537e-03
1.632122873322802592e+00,5.095728402051229065e-06,1.188243762235471124e+00,2.645615889458512518e-03
1.249164080806445254e+00,1.279597980410572409e-05,1.663306610617854897e+00,3.099990479693053025e-03
1.313721088044272012e+00,6.989060140999892287e-06,1.768531015933338058e+00,2.278529386435699470e-03
1.104752962141165806e+00,1.428897248558978728e-05,1.777319596416007119e+00,2.980233708983885156e-03
1.344416377617497993e+00,1.306052098870690156e-05,1.758371867184367110e+00,3.160034212318232807e-03
1.995866164228421669e+00,1.043998746221598878e-05,1.707945253656043549e+00,3.492840254023456010e-03
1.444764803141426412e+00,1.217881844019279248e-05,1.011838056078057324e+00,4.170092128125075896e-03
1.820265557670890377e+00,1.053274912393387539e-05,1.748421116521471586e+00,3.311427295616732082e-03
1.062964025573464699e+00,1.067834407195327819e-05,1.728168778007077577e+00,2.562820334440116168e-03
1.197050350989846912e+00,1.367406852600133539e-05,1.258641129324991947e+00,3.606235842145428649e-03
1.786383246239028555e+00,1.463176488415878006e-05,1.510642721854743797e+00,4.159630884857723650e-03
1.050052250317520919e+00,1.392570432359225310e-05,1.524757560850070970e+00,3.096803449793451585e-03
1.070718885862444569e+00,5.458364568136739409e-06,1.281915851165432496e+00,2.135203350372081189e-03
1.797866296015528942e+00,8.241772863029563930e-06,1.453553860085152749e+00,3.192812770347895884e-03
1.419306603394060673e+00,1.080115840277123843e-05,1.904982879405447083e+00,2.836793615437402643e-03
1.062327737192827026e+00,1.366342861219271899e-05,1.898227972892896798e+00,2.765253317441102553e-03
1.104798267218530583e+00,1.031572475783085980e-05,1.364381580771431457e+00,2.890170349456722739e-03
1.709176265016375984e+00,6.384371237303022623e-06,1.491118035163978117e+00,2.705181951729018156e-03
1.542024177393774842e+00,5.761054930095056980e-06,1.063931456198554670e+00,2.889613614854649910e-03
1.453019015806102932e+00,1.234002642014696798e-05,1.177918985331212864e+00,3.901539273312832311e-03
1.119564023276968356e+00,1.389442956765021183e-05,1.239131789899599045e+00,3.543121769977983920e-03
1.542576137112045442e+00,1.442598660967857975e-05,1.880377725605779426e+00,3.440119410836849512e-03
1.716907391218314149e+00,1.271993385560413488e-05,1.967665887834794347e+00,3.331502805326889017e-03
1.442008176148510179e+00,1.427154859388127939e-05,1.674036262243046469e+00,3.506202387122163682e-03
1.808767888609967844e+00,9.830803643890840377e-06,1.726801573108154075e+00,3.208963022958031316e-03
1.528219616347501919e+00,7.313296485317590545e-06,1.164818667649190065e+00,3.097564184317803341e-03
1.678930664591983035e+00,1.473611206529012855e-05,1.517842193871187462e+00,4.037332592316839053e-03
1.714031307126982373e+00,6.548688529358564163e-06,1.783947086038616181e+00,2.508392873418425605e-03
1.665107103842148550e+00,5.034567503053735351e-06,1.916408012112258863e+00,2.091501507701730000e-03
1.293035628763093969e+00,1.207236703210394754e-05,1.808660267671494903e+00,2.937804976174834132e-03
1.116389217250690624e+00,1.296860014052360262e-05,1.183198837009532767e+00,3.498045864994010420e-03
1.374931914988925197e+00,1.283798108295055597e-05,1.742555006776024040e+00,3.182700072723065095e-03
1.719774417309453352e+00,7.670947391304201900e-06,1.353030456046961483e+00,3.122528838513014948e-03
1.206340945908511930e+00,9.663910117529363495e-06,1.036841795678539402e+00,3.353167342072038010e-03
1.239798653188207034e+00,6.142294270993108236e-06,1.531252282621608618e+00,2.230064966602304192e-03
1.188609850520906175e+00,8.996510597391454978e-06,1.757500725429648192e+00,2.466658084681618967e-03
1.215170537727022548e+00,1.015453756802070810e-05,1.403442307053886839e+00,2.965182367111263064e-03
1.323609080255583770e+00,1.459289356847649419e-05,1.834214229139846219e+00,3.245081042516239581e-03
1.461862077228166079e+00,9.928022959995347170e-06,1.153943331763414903e+00,3.546437785591618607e-03
1.620350768507144767e+00,7.604567543755573402e-06,1.784092300779334783e+00,2.628046958541936130e-03
1.813286031827145983e+00,1.478774470313112742e-05,1.037327965239132954e+00,5.084240515031859461e-03
1.958129230957982747e+00,9.532095369060463971e-06,1.190742780656584676e+00,3.959185827350131595e-03
1.533724660614439017e+00,9.954546395402257637e-06,1.219347941852114925e+00,3.538511513668633930e-03
1.840949921243443255e+00,1.166183949623804760e-05,1.858267982699981502e+00,3.398993586868483824e-03
1.917459858624724678e+00,8.834070932232266444e-06,1.750557889615324436e+00,3.110680042929850862e-03
1.709544728581768647e+00,1.222018478158736830e-05,1.426012772442247112e+00,3.827519507782792089e-03
1.825236508618673703e+00,1.335700376656412868e-05,1.977076645709528346e+00,3.511578203771324042e-03
1.225808923147306162e+00,1.310746451270966399e-05,1.424668509214499501e+00,3.358256175961569535e-03
1.065002980902973739e+00,1.257545039562218283e-05,1.169313310939786632e+00,3.384322483410597080e-03
1.084367506177263962e+00,7.383476846091683466e-06,1.273296729539395100e+00,2.507574786822912207e-03
1.947879497181054909e+00,8.773003271988551204e-06,1.446807337258681159e+00,3.436765005671786003e-03
1.050339886061822714e+00,5.423437518864734632e-06,1.437863526049309781e+00,1.990413991821420037e-03
1.200435103604112985e+00,1.220563958644902138e-05,1.746604002757462748e+00,2.896358983969607101e-03
1.579472886649968766e+00,7.024362907413963900e-06,1.317578233302273638e+00,2.901825897401748636e-03
1.066234919797745651e+00,9.139432860852557601e-06,1.904544794640410599e+00,2.261988947156789564e-03
1.292116319136072278e+00,1.352705982460282276e-05,1.750050627391627645e+00,3.160291949533362930e-03
1.620585521673866936e+00,9.829644552338643476e-06,1.251477140911206209e+00,3.567741856149248426e-03
1.867535700827573253e+00,1.263362888710082478e-05,1.656294503638924498e+00,3.774241917849755629e-03
1.302307673900680252e+00,1.406945832417273601e-05,1.219099054707243113e+00,3.876823159976363047e-03
1.180432006458624894e+00,1.241857782994088667e-05,1.563683504857317663e+00,3.061836476197671644e-03
1.558120200355459284e+00,9.557390015962654700e-06,1.680638284216863898e+00,2.976685879650634633e-03
1.162501115948917363e+00,8.529053234243435340e-06,1.652486905881425328e+00,2.449503635340258278e-03
1.241935599692066905e+00,1.425198417874511548e-05,1.395221880314791552e+00,3.561767482638690703e-03
1.797527647823100594e+00,1.406168200756744181e-05,1.139088406568661949e+00,4.710616076412234114e-03
1.660813433140414297e+00,1.241540860633982268e-05,1.824588435110319207e+00,3.361696284712907285e-03
1.915522551100839799e+00,1.428436754546703394e-05,1.135080581003550471e+00,4.909766020049988015e-03
1.209586988457161949e+00,7.011711709092799391e-06,1.902052587862272048e+00,2.111637271519209869e-03
1.333668820877580874e+00,1.436680672943973163e-05,1.513871658692899524e+00,3.557620299438742518e-03
1.213531883259148181e+00,7.605371583930592747e-06,1.501617580138728147e+00,2.479169054605431105e-03
1.156392222823812155e+00,1.197936835616199422e-05,1.432057113873009602e+00,3.110207549858975875e-03
1.106716471815023750e+00,1.488674900980205669e-05,1.088957982769430455e+00,3.889668220122652949e-03
1.454013572654899722e+00,1.064874029865915984e-05,1.694609576388013128e+00,3.022724178391334761e-03
1.339360779239480603e+00,1.116169397509430448e-05,1.675975229477611794e+00,2.986620531992540458e-03
1.849392671951942457e+00,1.343540016040156211e-05,1.586664351455828958e+00,3.957285074707189709e-03
1.520285680285766494e+00,9.292124255544948749e-06,1.842867880178059359e+00,2.768681548370745781e-03
1.839713602717519603e+00,1.326050127881578432e-05,1.186249943397369444e+00,4.534892309368101886e-03
1.150836302837785707e+00,1.034412690486050920e-05,1.263305634571315395e+00,3.069725062407131690e-03
1.368286725968913764e+00,1.456000569157905029e-05,1.997882667465664008e+00,3.157797958794640852e-03
1.849949766949216201e+00,1.182959539247674361e-05,1.396902565227517989e+00,3.958055283405014120e-03
1.839026599798346817e+00,1.189911172011458183e-05,1.780848405168122373e+00,3.505401762466155754e-03
1.841989435896464578e+00,6.768593104541962443e-06,1.551148787336631418e+00,2.835084726532905754e-03
1.315209914403521640e+00,8.076083866727636222e-06,1.028596589367950287e+00,3.213478563595310259e-03
1.989785719556556032e+00,1.325385521964046336e-05,1.814666686642793625e+00,3.812201366013225675e-03
1.521168429716490689e+00,1.314495362758100018e-05,1.759554841100138045e+00,3.371062288841291353e-03
1.473559615357566077e+00,1.173149936468011331e-05,1.409679814837291545e+00,3.501872868554939400e-03
1.064568528545803083e+00,5.130267460935033686e-06,1.581636326878600673e+00,1.858247253248637926e-03
1.317384220173673182e+00,6.894898154026317016e-06,1.170618859977236248e+00,2.785559233191502084e-03
1.041849182336275215e+00,8.031767094907439288e-06,1.746930719441888158e+00,2.188618872487802305e-03
1.553211770560865901e+00,1.449790742112657156e-05,1.764345362163681763e+00,3.572532575515160059e-03
1.997788792010326997e+00,6.254645928860904765e-06,1.728868648214202608e+00,2.688407829857765701e-03
1.720634432454532625e+00,5.358548131182061076e-06,1.522464167811153457e+00,2.460902076533386020e-03
1.956439163263219427e+00,7.999079693724346282e-06,1.716863950365704161e+00,3.019153853500990484e-03
1.536560422364092515e+00,1.276428537164523444e-05,1.065129867222462057e+00,4.291131193746551033e-03
1.835648741941814599e+00,6.945321149938558857e-06,1.674531619308841979e+00,2.759270515992858115e-03
1.630869364630336937e+00,1.003080557103659833e-05,1.262772785470198222e+00,3.599273813974075698e-03
1.595168224228809883e+00,9.878424926140843095e-06,1.586149990409102539e+00,3.151918434848196161e-03
1.781864315288311129e+00,1.191664909963040500e-05,1.815664518010579043e+00,3.419767554203874838e-03
1.611419847895090518e+00,8.002345382043812041e-06,1.637838656243907121e+00,2.805933935541948636e-03
1.335004782197804385e+00,1.108836716391603056e-05,1.091011736735910231e+00,3.683498509457101399e-03
1.678403396541497283e+00,1.035876781730898012e-05,1.099852824731069045e+00,3.975895279101888426e-03
1.251223032416322933e+00,1.404223949694118163e-05,1.833320753450159213e+00,3.095753165543535610e-03
1.086771628788672395e+00,1.337841278846266878e-05,1.850524417198267768e+00,2.803006030523795978e-03
1.084184499824309089e+00,1.035194280702785542e-05,1.852983073721136353e+00,2.461086073370982816e-03
1.038374316401320163e+00,5.667052699367404739e-06,1.183684101582253678e+00,2.229655094307979053e-03
1.825169516766056432e+00,5.297680385819333708e-06,1.570939533979459402e+00,2.480931340818615105e-03
1.518021418856193350e+00,7.390655058869150300e-06,1.828583520245057104e+00,2.476982940441396167e-03
1.441303271705372868e+00,1.011649449108742319e-05,1.496958319642274216e+00,3.120957515248364532e-03
1.023483308454063767e+00,6.262905641530323331e-06,1.535477258146461299e+00,2.043179969006110163e-03
1.960337819134470916e+00,1.384458585954646842e-05,1.852875455787129422e+00,3.827210324118781887e-03
1.136476317832662675e+00,5.944208541157350924e-06,1.069944616526538272e+00,2.512734281134145452e-03
1.549011937136015593e+00,1.035392942625143654e-05,1.842914617561099533e+00,2.950036402889345214e-03
1.973574809326552604e+00,1.085561160541730216e-05,1.851451161897673225e+00,3.401714134959549739e-03
1.190264402707197799e+00,1.165264553155261290e-05,1.574703055012303565e+00,2.967800170493959267e-03
1.566989108203094450e+00,1.149334821104390024e-05,1.703781750202402190e+00,3.251241952045104844e-03
1.709315632524001760e+00,1.082137893470767515e-05,1.849768211041951993e+00,3.162232362501686718e-03
1.853730308197506060e+00,6.649600506700734868e-06,1.994118892240694052e+00,2.486254193414493430e-03
1.869872597086902566e+00,1.019362142706185291e-05,1.431848405945199243e+00,3.648562067757266537e-03
1.202839438891790014e+00,1.489586970620743750e-05,1.410801631815957080e+00,3.563721732268004209e-03
1.492108503890243743e+00,6.920264703858680514e-06,1.501456665084639708e+00,2.622437551552466058e-03
1.761096220222802433e+00,1.404504955550248162e-05,1.362401380731209644e+00,4.260893143105221222e-03
1.990050525442283780e+00,1.379830412556547255e-05,1.446144810206880127e+00,4.357516258572468638e-03
1.187683223001274158e+00,5.568230416187599705e-06,1.700619981870411745e+00,1.971992556025727733e-03
1.435309850812782173e+00,1.079849361935506083e-05,1.198197232326184025e+00,3.596584470317631520e-03
1.602044307148379421e+00,6.675730131982088561e-06,1.801256963851125992e+00,2.436681752603971334e-03
1.483801226575442556e+00,1.074907701748608943e-05,1.055253204125401689e+00,3.887721178633976333e-03
1.521892744310913592e+00,7.534816518039573634e-06,1.733165359672687256e+00,2.572221498334071894e-03
1.965756291743816941e+00,1.430932490603322813e-05,1.937093035036507871e+00,3.810650949560594712e-03
1.834281932545644533e+00,1.304449778296476629e-05,1.203477845274591562e+00,4.458899418932808258e-03
1.910862402053670195e+00,1.477209410072412399e-05,1.817470221959434973e+00,3.940960558831434549e-03
1.149700975583890505e+00,7.619184188499329802e-06,1.359754711698827556e+00,2.538144830536279498e-03
1.756662977766542566e+00,8.681587426399569945e-06,1.727630474720206255e+00,2.971107513953382198e-03
1.217893016132061135e+00,8.610147372925133037e-06,1.396463826277162479e+00,2.740280481827025213e-03
1.236000369941616661e+00,1.403347697863445532e-05,1.613898234817913391e+00,3.278339076401559030e-03
1.482496399661248132e+00,5.114850970141386484e-06,1.469349853149637619e+00,2.271698592111088405e-03
1.938015263871654792e+00,1.343219068846379121e-05,1.983910111566861367e+00,3.622355128607824756e-03
1.855641406591578058e+00,7.778589442895650919e-06,1.074010888917917628e+00,3.666005482005007480e-03
1.463802122816618256e+00,5.987625503806834393e-06,1.338688910838173207e+00,2.558754786976178124e-03
1.631168093227545413e+00,1.133043801340335085e-05,1.437240963907077784e+00,3.585980429258137179e-03
1.819504289327825930e+00,8.136544956177214503e-06,1.193621596637804760e+00,3.521788102937199218e-03
1.106406506825620140e+00,1.037461476316904579e-05,1.168012976449916529e+00,3.134869859615851788e-03
1.967899609837858499e+00,7.506775086007854859e-06,1.246091494311655445e+00,3.443128300331382754e-03
1.709530656053940945e+00,9.688993053652285677e-06,1.467456803444156854e+00,3.359658275816322648e-03
1.176249771136081756e+00,6.230210578077313905e-06,1.552752084079417116e+00,2.172451444376781188e-03
1.017157517751258178e+00,5.565862193831833694e-06,1.701513556174222286e+00,1.824074720409613439e-03
1.345828485270673225e+00,1.207938877012733663e-05,1.684319376881785679e+00,3.106741474078909913e-03
1.301240713217555633e+00,1.156322855123577883e-05,1.467731387019534539e+00,3.201806526702053249e-03
1.564676401997839417e+00,1.397595562301904825e-05,1.793904728865523657e+00,3.491429969795078764e-03
1.283007894632632429e+00,1.291487850079078842e-05,1.214592135587559518e+00,3.693555203905457898e-03
1.357257534763158136e+00,1.108596992970639573e-05,1.458611734920772784e+00,3.211797288695995671e-03
1.720664203101451628e+00,9.040520322342300322e-06,1.154571146933233372e+00,3.670577728433191758e-03
1.143085571765641184e+00,1.185856023809795875e-05,1.430049292875310574e+00,3.078788457786881157e-03
1.582080404193678014e+00,1.157896614205201864e-05,1.304202879249944047e+00,3.747801583491828029e-03
1.852360773446380726e+00,9.171348774363039034e-06,1.597044372567631765e+00,3.261526421536578915e-03
1.920998176263392532e+00,1.373249570001293111e-05,1.290344918138365937e+00,4.521528829389264217e-03
1.169538887228551038e+00,1.430646790422802613e-05,1.730046851364013261e+00,3.109887033496855878e-03
1.122504623654128064e+00,1.032833323575564342e-05,1.585826108494050812e+00,2.703842612831265906e-03
1.929865728331630725e+00,8.831538807250171938e-06,1.037234508863102311e+00,4.053622099902179192e-03
1.573664283978068124e+00,8.135887053394387692e-06,1.741368213907791285e+00,2.711522378722202968e-03
1.351262247174733089e+00,1.133582325040072050e-05,1.787573431326798357e+00,2.927280966376083742e-03
1.433978951663588353e+00,1.348135963783203561e-05,1.737608333304739627e+00,3.335510331390123973e-03
1.878568641878632928e+00,7.654242143742419726e-06,1.638014937076354371e+00,2.962822976747203022e-03
1.934454877541778473e+00,6.630047330995077792e-06,1.753250360243142403e+00,2.704678495154830623e-03
1.465129691323528327e+00,1.166067731294345820e-05,1.176803019754562918e+00,3.810202312987039878e-03
1.141983285239738910e+00,7.102361870001910833e-06,1.914614815329130693e+00,2.058214171568146459e-03
1.014512893651207115e+00,8.184427210926351829e-06,1.977733304458268115e+00,2.048986359740949306e-03
1.903942692038441908e+00,1.375865063571268489e-05,1.579407442030594133e+00,4.072562589989729871e-03
1.583431749939462563e+00,5.174536414764948176e-06,1.751313540194709972e+00,2.162984690377919936e-03
1.950279730189359073e+00,1.230611211118772982e-05,1.527062808438631070e+00,3.964427108304639964e-03
1.121504236735830329e+00,1.044418695598583380e-05,1.129693998498655816e+00,3.220011087791597830e-03
1.093772350049256659e+00,6.783280178308215610e-06,1.896134055976607335e+00,1.978102668298114142e-03
1.550457682754626365e+00,1.308992810108384948e-05,1.276748821687371249e+00,3.986996518044287618e-03
1.229775316130230500e+00,8.968217038548686060e-06,1.621339087425864189e+00,2.608128677591098170e-03
1.774875671144392708e+00,8.450366309171540360e-06,1.060405481268360095e+00,3.760847763861431461e-03
1.701804520935180864e+00,1.488266652183874286e-05,1.217659935246264258e+00,4.560707329151732561e-03
1.661182251645914487e+00,9.710794958528977134e-06,1.663343009798418093e+00,3.114190134628357261e-03
1.225750325489316950e+00,1.496687348711238166e-05,1.132282316768934205e+00,4.025215997253049627e-03
1.767663998148346405e+00,1.294670869559857526e-05,1.690051984943631513e+00,3.679844905575530185e-03
1.591610438241542358e+00,6.862860025173342874e-06,1.938780945764082109e+00,2.373594836174662635e-03
1.595626940764767188e+00,5.690559701319805360e-06,1.642530913447753704e+00,2.351182801017817452e-03
1.478681626689243078e+00,5.454486444525996864e-06,1.075451958945093489e+00,2.738537953455630076e-03
1.028092679542829124e+00,1.036091280041310817e-05,1.247972419228649432e+00,2.921545464026641548e-03
1.111635335369985267e+00,1.464930015601150759e-05,1.611983772626190081e+00,3.178405309787679048e-03
1.499725018962410727e+00,1.338385015552328469e-05,1.810078040249691433e+00,3.330026590069973171e-03
1.561098796181320747e+00,8.585972952797322035e-06,1.238704266997068482e+00,3.289471557614139733e-03
1.158626717049961563e+00,1.197568768660857197e-05,1.462480899962916414e+00,3.080185688840418341e-03
1.415553155378586725e+00,1.015604237382223025e-05,1.163945413340363055e+00,3.514463494446436707e-03
1.890181725774494836e+00,1.409017887155726415e-05,1.336843800776591262e+00,4.463439988608106437e-03
1.229974393113668185e+00,1.263872474410143620e-05,1.719354866442837526e+00,3.006885575095234395e-03
1.373435461869545904e+00,1.278192717392066612e-05,1.471780594275444276e+00,3.453669390628796160e-03
1.736476455486740011e+00,9.411204537940348489e-06,1.784129394940431101e+00,3.026522322104305707e-03
1.944496416566299679e+00,1.255016707881070364e-05,1.722707988048642669e+00,3.763764950162611523e-03
1.072229570553277167e+00,5.629907074291597147e-06,1.954985004921791614e+00,1.757206447519299702e-03
1.328824659820939003e+00,1.058511688894798482e-05,1.039124724994059834e+00,3.679152836296386078e-03
1.986029068592631841e+00,1.407714106978474731e-05,1.412930271912239411e+00,4.448254910017727416e-03
1.558289237422543438e+00,1.387149824653150288e-05,1.048517345959454783e+00,4.540439690911294603e-03
1.975180084154898097e+00,9.131882992275679477e-06,1.561661173613623443e+00,3.398522203325744003e-03
1.959989043525579344e+00,7.262236216032439440e-06,1.939100311379680086e+00,2.709329771257033836e-03
1.779409397804432968e+00,8.479582757244358114e-06,1.172323721240875916e+00,3.587578437686509553e-03
1.740426763550250611e+00,5.952617611138282382e-06,1.075490815535850242e+00,3.103691279727589618e-03
1.770734356696248790e+00,5.773411863065017411e-06,1.527903915414842384e+00,2.586693400797791809e-03
1.463316159864100463e+00,1.298171001555721571e-05,1.907080468440102372e+00,3.156098341523168229e-03
1.824472275685007805e+00,5.658279603143524985e-06,1.613858321181611100e+00,2.529170650013341185e-03
1.899698840396125243e+00,1.065874136557393018e-05,1.138599350486523498e+00,4.217060921194080124e-03
1.466340781341449073e+00,8.465508326206335970e-06,1.091185836541689991e+00,3.372831281170305534e-03
1.912968266430967734e+00,1.344100325756050033e-05,1.625477556049009786e+00,3.977216544967940130e-03
1.736923305711414178e+00,5.995093084480798243e-06,1.727892438808425801e+00,2.454878116548814618e-03
1.342646939109515269e+00,9.471680961483159618e-06,1.256435541976748116e+00,3.181444394473880062e-03
1.190519245305598828e+00,1.274827891955357485e-05,1.035330087494170215e+00,3.828728499757567353e-03
1.827071665015743918e+00,1.430345606352292331e-05,1.724849138557889905e+00,3.892447165058717396e-03
1.948553201448576688e+00,9.884672438027964541e-06,1.876090902058203280e+00,3.204131534815944822e-03
1.488980157524350201e+00,9.071590859371377020e-06,1.093295168401515749e+00,3.514936374805691446e-03
1.993435481497159545e+00,1.414323578350927714e-05,1.816513225420532063e+00,3.939636938210568096e-03
1.153869424179942538e+00,9.243124518906773192e-06,1.882291937237624779e+00,2.380368768758331192e-03
1.973818821731444961e+00,1.466854213528691493e-05,1.039650626241124476e+00,5.277198247885433839e-03
1.185447143856136254e+00,1.130246931039737074e-05,1.104001299150344506e+00,3.483717846253755329e-03
1.879215792310870992e+00,1.469838309262616130e-05,1.337426269609480745e+00,4.544521718690935040e-03
1.716514880294534029e+00,1.325948317049086702e-05,1.396108682082913610e+00,4.037638850728223622e-03
1.451305542699697027e+00,7.942792966605279262e-06,1.176859786663956076e+00,3.129707038639163285e-03
1.420368886103155592e+00,1.343073845520885911e-05,1.160926918854455092e+00,4.053667101764478302e-03
1.108762833763126565e+00,8.312155285736312309e-06,1.328047140337945242e+00,2.634325333559005798e-03
1.970581038855806488e+00,1.242289261157340793e-05,1.127232868846565150e+00,4.660169288138853519e-03
1.590773490396105938e+00,1.059908154903240724e-05,1.280829857385905157e+00,3.628211269106387023e-03
1.417568232395293837e+00,5.272337601583154901e-06,1.484613029882721369e+00,2.243711210599964347e-03
1.930915939754865418e+00,7.738449445844142868e-06,1.207753464317766312e+00,3.517381805533763804e-03
1.729816474140057458e+00,8.532244861934963669e-06,1.440750289343164292e+00,3.200643562682895914e-03
1.723790355437196720e+00,8.864454608572891670e-06,1.790041972450777674e+00,2.921706766445871656e-03
1.231879999990273866e+00,1.182335842767278411e-05,1.700485013538388657e+00,2.926632732029900430e-03
1.282526913170976890e+00,6.576457560867576723e-06,1.518456879962809758e+00,2.356828725376467707e-03
1.868253709981945843e+00,1.066857829207613158e-05,1.970653105257284210e+00,3.180285506356581374e-03
1.378219681178601608e+00,9.317836454856173555e-06,1.329283571713746781e+00,3.108192776064805374e-03
1.018694465159360130e+00,1.180426250746915911e-05,1.104282573723586847e+00,3.299903906293045683e-03
1.698739819345590707e+00,1.037618199365206552e-05,1.638889076337910478e+00,3.279498551832731035e-03
1.242112859772213307e+00,1.363628635104589853e-05,1.884117279714472737e+00,2.998296784460261627e-03
1.905406830062708945e+00,7.181326626031895013e-06,1.480668895750013592e+00,3.039955471344476471e-03
1.461916293223486374e+00,1.417724369255874027e-05,1.755159419431143064e+00,3.436361707291537594e-03
1.183406109794122418e+00,8.849948038178173112e-06,1.811319714210423815e+00,2.404582637872370969e-03
1.469560118925069325e+00,1.316570123508585053e-05,1.785877572931525714e+00,3.291469497894221937e-03
1.062372739437384750e+00,9.983978712970785629e-06,1.454224019114739530e+00,2.700689310663070396e-03
1.088083168082731866e+00,1.247366973113515098e-05,1.184987258990953141e+00,3.384319264710648149e-03
1.415841950782669389e+00,1.177531026594278495e-05,1.032143081958281083e+00,4.019051901251191779e-03
1.065795237818584429e+00,8.351446741627989624e-06,1.168469005786986425e+00,2.760000413590794725e-03
1.019140902720763631e+00,7.984838219674912486e-06,1.286269272510081940e+00,2.515267789394494500e-03
1.693243717574094198e+00,1.260617819265388083e-05,1.298876070226904877e+00,4.053849295652883246e-03
1.654029492203592078e+00,1.461719894550494628e-05,1.635780741412658834e+00,3.844511444348485199e-03
1.729704617466743422e+00,6.236825929744279890e-06,1.891289715358098755e+00,2.388299311520002046e-03
1.126188470566313438e+00,1.213463749284817378e-05,1.951097791459369901e+00,2.646545855528230438e-03
1.662189673772886511e+00,1.413845907689218194e-05,1.239229468519011057e+00,4.354772416617028012e-03
1.570187186699927739e+00,7.339291728043621176e-06,1.135509100570728735e+00,3.185719106751698244e-03
1.706149574189217866e+00,1.379397938664917448e-05,1.040449074773794003e+00,4.756011797178886363e-03
1.421307106774112761e+00,8.478332384234299845e-06,1.427728229450608843e+00,2.905202504009913624e-03
1.643451117147313623e+00,7.675776651131722473e-06,1.686355279509089478e+00,2.735048435608535694e-03
1.469543992981670932e+00,1.144935814264650553e-05,1.120274178725064740e+00,3.875428272073404810e-03
1.294377693792367889e+00,7.159869825993617044e-06,1.529964833854727591e+00,2.461174172178089495e-03
1.282186962737590807e+00,1.114027648164266635e-05,1.184681185052193886e+00,3.472345390575276493e-03
1.345319888126200292e+00,1.464641378306445814e-05,1.606060254694870792e+00,3.502656215992910015e-03
1.259728839767872977e+00,1.412161048000865280e-05,1.419110852160900382e+00,3.540564328329881029e-03
1.665812553700333432e+00,5.398496941255152457e-06,1.407653097814554055e+00,2.527561170576911320e-03
1.931409632393515263e+00,1.416008390530941067e-05,1.543282734049636673e+00,4.209663299757233565e-03
1.937249406814346209e+00,1.499155614588156416e-05,1.827402943448389383e+00,3.986566069256956488e-03
1.991819212017075014e+00,5.468575970891022236e-06,1.779578475477245902e+00,2.474021738521595733e-03
1.304750657539445635e+00,9.086118733814163204e-06,1.971699449741474597e+00,2.452068557244973645e-03
1.662924321154353846e+00,1.198692221634585422e-05,1.150962142305386404e+00,4.161592639103049544e-03
1.057100673578676764e+00,7.266979746988464638e-06,1.246749892175464502e+00,2.482249775122025333e-03
1.329508814186692200e+00,1.173104055597819245e-05,1.424231679230755887e+00,3.309204130789059322e-03
1.556795953308128810e+00,1.170602475998534152e-05,1.580097924725476721e+00,3.396085103824873254e-03
1.657353304147179074e+00,9.138555626137628265e-06,1.237123162383539476e+00,3.498967108622736636e-03
1.327776802365558062e+00,1.149085733555805611e-05,1.659142620217349817e+00,3.032472665975841346e-03
1.128192238967050010e+00,8.900379205762325632e-06,1.506453530731329815e+00,2.581772314144579247e-03
1.709859482479709314e+00,7.641339745115700968e-06,1.753720079784038655e+00,2.729510869166325814e-03
1.128087231672173507e+00,1.336250081346391979e-05,1.059442999164988741e+00,3.772041102359125798e-03
1.683141151351783105e+00,6.429327759246154561e-06,1.345008015132632906e+00,2.836485814712067476e-03
1.046810755389926184e+00,1.053743325724624258e-05,1.375829914189176773e+00,2.831516733504048366e-03
1.010441868626210882e+00,9.546541653426287330e-06,1.659802435292001777e+00,2.410740721075212319e-03
1.635289998604677830e+00,1.179251443531032589e-05,1.498841895848579631e+00,3.586928225759576476e-03
1.125045506482520885e+00,1.276401791039712214e-05,1.404560967913061509e+00,3.197484511529857104e-03
1.916709858600620819e+00,1.056222666430027108e-05,1.245635874305308644e+00,4.031441630329140637e-03
1.242985926029493982e+00,7.016670568301961369e-06,1.559638283766743516e+00,2.364758011995484691e-03
1.434217010169951845e+00,9.651227210530996745e-06,1.293980917292225641e+00,3.270655248411733374e-03
1.387558478858260447e+00,1.087018160664235178e-05,1.108760421653903094e+00,3.688291096777002436e-03
1.310430794479954031e+00,7.369055517796636805e-06,1.452950008222534395e+00,2.578027961780585825e-03
1.047680114242723004e+00,1.400428559865729287e-05,1.862342228767948749e+00,2.806823373270436652e-03
1.376167162754174278e+00,1.331768973645478091e-05,1.818165426891799275e+00,3.174924076112937543e-03
1.906032264019223543e+00,1.110805433309900020e-05,1.772145222673545906e+00,3.456483335806149592e-03
1.154247080212075893e+00,1.112095741227433704e-05,1.026883940460256550e+00,3.535572930651946846e-03
1.546900921373344895e+00,1.011471637483102763e-05,1.835782548546688098e+00,2.919426092333427501e-03
1.155178731135711345e+00,6.065983474676879283e-06,1.467653929214965292e+00,2.185060029470301153e-03
1.200347384947002549e+00,7.287537220833203461e-06,1.416166356473335330e+00,2.485345278276096959e-03
1.407788561817289619e+00,1.324589068784345284e-05,1.966682556266145410e+00,3.079230264398076424e-03
1.190800438291497620e+00,1.278737778266223390e-05,1.024714224762690140e+00,3.854862204052090027e-03
1.056682853963632374e+00,1.266940804972334079e-05,1.706200995401923493e+00,2.801143750281841725e-03
1.300850649306949158e+00,1.013592520390235930e-05,1.524902095967510363e+00,2.940522026439467904e-03
1.165269002585259006e+00,1.377387764897805770e-05,1.135133102579737763e+00,3.760259464640445647e-03
1.262059179266663556e+00,9.336308629070654133e-06,1.702213900297927296e+00,2.630997245909178807e-03
1.897333750935858099e+00,6.561738484964559244e-06,1.676363746733048110e+00,2.725192562195310250e-03
1.020054795479167886e+00,9.373772403948794522e-06,1.747059546788218842e+00,2.339457173771621306e-03
1.712727990987430449e+00,5.684862051697736687e-06,1.115302405574328359e+00,2.954662250531295623e-03
1.235644249025638075e+00,7.504753262403516959e-06,1.517563421895514519e+00,2.471960405514011735e-03
1.110250193709310329e+00,1.267228865187525969e-05,1.841823926000066169e+00,2.763846390279256320e-03
1.645916484340333108e+00,8.157735620318670613e-06,1.011127182141827729e+00,3.644062506229475869e-03
1.923304098784277771e+00,1.142333365925438409e-05,1.315028721830257652e+00,4.087453173895086271e-03
1.201274927210879362e+00,1.246394906123595055e-05,1.689890078345333668e+00,2.976595432216690238e-03
1.445479493394172366e+00,6.841666487974810568e-06,1.938954417543364173e+00,2.258411712931526413e-03
1.495739589672793635e+00,1.166875178622005429e-05,1.501198706896324619e+00,3.409738744711562214e-03
1.392337961160609705e+00,6.428764204240788947e-06,1.301039841612211756e+00,2.622954653387808525e-03
1.592371080918057125e+00,1.412673673459760064e-05,1.750757457478970824e+00,3.584512294262117045e-03
1.567523078106811907e+00,1.224712341574969948e-05,1.843014935612099503e+00,3.227450510545406930e-03
1.896011858090438373e+00,9.848126937999941434e-06,1.615689140432932769e+00,3.399526575071876340e-03
1.860869548932966300e+00,7.098214903753294805e-06,1.402281110537196840e+00,3.069127951955121988e-03
1.136565128715392836e+00,8.623072642369147272e-06,1.351984627661621641e+00,2.692416907599358075e-03
1.198577485309379798e+00,1.495093655091823972e-05,1.739111852453738560e+00,3.209988669613907282e-03
1.740478194251943389e+00,7.346085965406420463e-06,1.764361978584600754e+00,2.691959063128742096e-03
1.373508354129111542e+00,1.417572077371708744e-05,1.283079531346427160e+00,3.895484128960636280e-03
1.524620797766295777e+00,1.378228791245606407e-05,1.766497836792757958e+00,3.448935114521713922e-03
1.084096506212518296e+00,8.924097608883753980e-06,1.383543723462156816e+00,2.644354549788346595e-03
1.589592473501881820e+00,6.788159187947191993e-06,1.221449175268785048e+00,2.972221748861281296e-03
1.239213427655154964e+00,1.039035081747121911e-05,1.950817352251696946e+00,2.569093178359225117e-03
1.943142407205139532e+00,1.071994461716073553e-05,1.282022638323578434e+00,4.030888069259770494e-03
1.250386082117181719e+00,1.142832089140162067e-05,1.460198383070656192e+00,3.128292453555404570e-03
1.855015458070367496e+00,1.244356908210684308e-05,1.443525951338847646e+00,3.998839286078074116e-03
1.862681799414078299e+00,8.760932328764595262e-06,1.019467712279772176e+00,4.000900589012447266e-03
1.403268065176482615e+00,1.051605131226850646e-05,1.608008871443136867e+00,3.029370897970113611e-03
1.222191778554406305e+00,1.052367200268414302e-05,1.779048715819787407e+00,2.688805640837561677e-03
1.341628228181948934e+00,1.295887342132142673e-05,1.387707053264916279e+00,3.539572560884201441e-03
1.490756493655489123e+00,6.928220982221510224e-06,1.821425056968518419e+00,2.381269597619163451e-03
1.047278513429136249e+00,8.371245607365508640e-06,1.498469843770187104e+00,2.418812114366120525e-03
1.815188571783491689e+00,6.439300829005301426e-06,1.987080878412341711e+00,2.425339051572284951e-03
1.206729280682972583e+00,1.210099343561947571e-05,1.039109555709984090e+00,3.748735239522149078e-03
1.857883235563013935e+00,1.192980085342204108e-05,1.865850061082973799e+00,3.446572626350652944e-03
1.593178057691148952e+00,5.750583292693501030e-06,1.830116242469389309e+00,2.237426459037943332e-03
1.101244499377415309e+00,1.070128000599463408e-05,1.562055089194450908e+00,2.746702146598524290e-03
1.583294100947574723e+00,6.281136705177009921e-06,1.479198518814501373e+00,2.592905494614195470e-03
1.943650007496252163e+00,1.490901918286884767e-05,1.625327070365234050e+00,4.222437059130803444e-03
1.633505801852337180e+00,1.022298987021117049e-05,1.210387322958164313e+00,3.714386760572976204e-03
1.814545319221579689e+00,1.277845983668473648e-05,1.154200786940700496e+00,4.482109711234757467e-03
1.741014623410625850e+00,7.360064599997547384e-06,1.343316454840272289e+00,3.088537332738383861e-03
1.271478145032172158e+00,8.845877822240282598e-06,1.718808884453180141e+00,2.558062335260192707e-03
1.608451837181712696e+00,8.274045583379888952e-06,1.863078149209445478e+00,2.672682985916516839e-03
1.417385412834872849e+00,1.344537033391353341e-05,1.299072902667824270e+00,3.830130767819797926e-03
1.752835619896020880e+00,1.374115558990177455e-05,1.805409464805034503e+00,3.652534831281319637e-03
1.728484218674994910e+00,1.286742062667477768e-05,1.708419743525318335e+00,3.608121615514192290e-03
1.773242679051151516e+00,1.336247216283635439e-05,1.780841557336591663e+00,3.647664223694493165e-03
1.428472500164950976e+00,1.321095152670507525e-05,1.636770593052451872e+00,3.395541828247793451e-03
1.122003172249252501e+00,6.348037189950214423e-06,1.875313677071152263e+00,1.948856280846458615e-03
1.124023938014064861e+00,1.491969094874210362e-05,1.064915245558124557e+00,3.968351849976192031e-03
1.282379008031662604e+00,7.620274689985243841e-06,1.227019725297071595e+00,2.822069735306646267e-03
1.775949714778042754e+00,7.835592705274507390e-06,1.312477683040528031e+00,3.256156688270352671e-03
1.030773921886611877e+00,6.073364008893663001e-06,1.773670015136368683e+00,1.878710899473199063e-03
1.612320405520793365e+00,1.412658426084153026e-05,1.552982642034825167e+00,3.829666506606239397e-03
1.159155993407938956e+00,1.323106150719889653e-05,1.306681526482813549e+00,3.425968859500302683e-03
1.382197750495793853e+00,1.360103842569828278e-05,1.685895699626636102e+00,3.339302582001172671e-03
1.722642530585468235e+00,1.255751185269690382e-05,1.213644370048346577e+00,4.221858353061431861e-03
1.987587726783069497e+00,1.410167205547618326e-05,1.720315766566145044e+00,4.036401637320258425e-03
1.690038676144968388e+00,5.647734476766747207e-06,1.054095376985058063e+00,3.009161541491312940e-03
1.413956961361154452e+00,7.203942926570584937e-06,1.489101015230745562e+00,2.615418233260332487e-03
1.489596857884271985e+00,1.176630310569087146e-05,1.187681155095213992e+00,3.841532014864118983e-03
1.650090230791218415e+00,8.593614526554518320e-06,1.838806596795820703e+00,2.776986411002435595e-03
1.039226969342637474e+00,5.619559363034503491e-06,1.992031896690897197e+00,1.712214584287938442e-03
1.898572541787650225e+00,8.928687379586386315e-06,1.045688542007034982e+00,4.026300933367196917e-03
1.089799297844367132e+00,1.002633179261988344e-05,1.121851751295292132e+00,3.120876355302744549e-03
1.707390760916821737e+00,7.288208577155047725e-06,1.296495045660395196e+00,3.098071447714272758e-03
1.525917760643837218e+00,7.051872447501135910e-06,1.545733574048391068e+00,2.638459717867296973e-03
1.416498486074544871e+00,1.056989668731918548e-05,1.867626171798322243e+00,2.831381909717730835e-03
1.878806248444170546e+00,6.652015982259541656e-06,1.877681142686193017e+00,2.579922841377855526e-03
1.752480480044991573e+00,1.268126327667354304e-05,1.509024832017290763e+00,3.837599606754842681e-03
1.224613401317586447e+00,1.437902940049922917e-05,1.213040779583272943e+00,3.810014155121849849e-03
1.105647293563764899e+00,7.701588857176341045e-06,1.178091892223950055e+00,2.688492846519132361e-03
1.830820622229413441e+00,7.327458901293402505e-06,1.252509813904505664e+00,3.272721312817698965e-03
1.640796561568736989e+00,5.564761288421287753e-06,1.201644691111877883e+00,2.756529230636255937e-03
1.357777232370722675e+00,1.020864599317927563e-05,1.936831706985529422e+00,2.675176187097624749e-03
1.823099373572261594e+00,1.216483454745379625e-05,1.462001363440812440e+00,3.894793040979633875e-03
1.208534395644390802e+00,1.255458888193736292e-05,1.561106325089416380e+00,3.117557797576070260e-03
1.117159521296927860e+00,1.471564918797099283e-05,1.421193276505454239e+00,3.401110455981974125e-03
1.428866240407744570e+00,1.302532994989965206e-05,1.460097620440684807e+00,3.570254767706866096e-03
1.142710822055814646e+00,9.773642384377760091e-06,1.715084830822246165e+00,2.551840873786350231e-03
1.555865289439652521e+00,1.067914265383238647e-05,1.897428909100398187e+00,2.959180342767332803e-03
1.898510389713713664e+00,1.270681479614502383e-05,1.195572035361217811e+00,4.491971219074724492e-03
1.341869741133423943e+00,6.051780078194503503e-06,1.671890244987264795e+00,2.203904982128658801e-03
1.227935794028098160e+00,9.839436441116387966e-06,1.710758194719102843e+00,2.657532763330263791e-03
1.118298526238279633e+00,5.139214700496315807e-06,1.534851950171276069e+00,1.935058111855038170e-03
1.859098487835848079e+00,1.333912738924585898e-05,1.448592722273777555e+00,4.137535750876973790e-03
1.449258758513730205e+00,6.049038536684706757e-06,1.428985570432545593e+00,2.476864341290678506e-03
1.950568889845973430e+00,1.272570420089749914e-05,1.963333974522831538e+00,3.555694727638244665e-03
1.264573410451176549e+00,9.513335816624128970e-06,1.916831236495716517e+00,2.505223619721762187e-03
1.175273147029709531e+00,7.784881422804449579e-06,1.092139319171759437e+00,2.894385582522529098e-03
1.299044634629941353e+00,1.314029717231754218e-05,1.938578709561532776e+00,2.967378262105633321e-03
1.431247555676929739e+00,7.812722894703550653e-06,1.754260701025070146e+00,2.524710127739455620e-03
1.405740366795221297e+00,1.297582194809566975e-05,1.068217281956877152e+00,4.132284335207023554e-03
1.813557385800716570e+00,9.357891293370128284e-06,1.186709218762413531e+00,3.781660097280682697e-03
1.321335458153308551e+00,8.546250015635856908e-06,1.243936667608332103e+00,3.012972770025393755e-03
1.281558816513957977e+00,1.102524111849176890e-05,1.350621138207382721e+00,3.234421000924792705e-03
1.025024510741976425e+00,8.992117495618633365e-06,1.805057747688345593e+00,2.259709240271621546e-03
1.539537963109739227e+00,7.787857488989568644e-06,1.600225189949927351e+00,2.737244853152348903e-03
1.946423664884319837e+00,7.903849240124376975e-06,1.921034457067384515e+00,2.829895734967580959e-03
1.044441725173228530e+00,1.225196646870130483e-05,1.402303388191140199e+00,3.020814204878365279e-03
1.355185693796223223e+00,1.449768669532061873e-05,1.789816193414505818e+00,3.313176274190995571e-03
1.501312484014836635e+00,1.406356541124146486e-05,1.446698960929123423e+00,3.820271089975523643e-03
1.023514323615194677e+00,6.513391617536727247e-06,1.663088722288460497e+00,2.002132652703267953e-03
1.199594926454865540e+00,7.449819001924733838e-06,1.755930706696205101e+00,2.255986435553805451e-03
1.323067893333206069e+00,6.627320579179578884e-06,1.014355778234611760e+00,2.940118948530252851e-03
1.766550267800485408e+00,5.179604572296094337e-06,1.608798076900205043e+00,2.384847062889210601e-03
1.120085556488318090e+00,1.339518550470019642e-05,1.728452411164515645e+00,2.946261232814121646e-03
1.218456032606425099e+00,1.202299657229463170e-05,1.690682563775545155e+00,2.943609907718098846e-03
1.859605115304500123e+00,7.371288918930200444e-06,1.964839913618479539e+00,2.641304656915676070e-03
1.073005183758646064e+00,1.238518631831770188e-05,1.320680749483059913e+00,3.172146662256702422e-03
1.011674578306868799e+00,1.208602859779324071e-05,1.554280184512465635e+00,2.804772057832392602e-03
1.806896767864185627e+00,8.978953488259753423e-06,1.979855784286719711e+00,2.862613750612899924e-03
1.746148131098637091e+00,7.797837426402370439e-06,1.697771872525261294e+00,2.831965529779002441e-03
1.197026847440349817e+00,6.508183898985358126e-06,1.157212642419905402e+00,2.594629005475990527e-03
1.594816324864600787e+00,8.486479594368379146e-06,1.697996750800354615e+00,2.823258825960135721e-03
1.596501612712430518e+00,5.838376104799120113e-06,1.274642792828402538e+00,2.704185425075285743e-03
1.356410583134305625e+00,5.029853050370605347e-06,1.439667467171963811e+00,2.176918338784084028e-03
1.825696744167139229e+00,6.493151438757513596e-06,1.835596912963521454e+00,2.541285316943071512e-03
1.920650971453077727e+00,1.197348967655127280e-05,1.413952891865263295e+00,4.032896968888990963e-03
1.424015262105574831e+00,9.929420325598406011e-06,1.366742316723798423e+00,3.216443663552498358e-03
1.461678979657621280e+00,7.752823961411303645e-06,1.340996133072802188e+00,2.906981041097928768e-03
1.449125538095753063e+00,1.342114652268075711e-05,1.647240514593311111e+00,3.436127784462759266e-03
1.413507570159963533e+00,1.307009080421836394e-05,1.458952286124325148e+00,3.558507023612077821e-03
1.146318104823978334e+00,6.918924717606617604e-06,1.824094135901197511e+00,2.085202586007014157e-03
1.657601916807134756e+00,1.049294993071713580e-05,1.033277378634698263e+00,4.102801065470080416e-03
1.644570736321654181e+00,9.205356504201592750e-06,1.267521004824438524e+00,3.455962352026346798e-03
1.574895526086605546e+00,1.349545149194382606e-05,1.077329791478819132e+00,4.441659365556108532e-03
1.791601288642804768e+00,8.616696744542798260e-06,1.833596810130153187e+00,2.901610840004585634e-03
1.818186682736161242e+00,1.248340190687879384e-05,1.958127202807097511e+00,3.404593473842874689e-03
1.388152176754340772e+00,6.655578303609973866e-06,1.559706045350865544e+00,2.433828991976022017e-03
1.916610812482633541e+00,8.069830649781325972e-06,1.687085708250728011e+00,3.027823840257007869e-03
1.137543264858492220e+00,9.848105930495970730e-06,1.523985302587876678e+00,2.711252266563783132e-03
1.958528977979177021e+00,1.268955757933381567e-05,1.443381699742682489e+00,4.149517914058787130e-03
1.174478142237041611e+00,1.047839418539163743e-05,1.274317264530731464e+00,3.107642497748312055e-03
1.466421837792929006e+00,1.120626818088616328e-05,1.210345096311891133e+00,3.684727350507542316e-03
1.901839410430384403e+00,6.772602873215651950e-06,1.149879239018775534e+00,3.346868200317004542e-03
1.120177809779715261e+00,1.094160533023717266e-05,1.113590158468119595e+00,3.317579305373339650e-03
1.043385662008142312e+00,1.143632323044976759e-05,1.531144472951491586e+00,2.791628076134030495e-03
1.740031862818125719e+00,1.261934373421125263e-05,1.082441844530442898e+00,4.503961808295796516e-03
1.572232977021339906e+00,7.779088188314519972e-06,1.169440765522192560e+00,3.233952849349804471e-03
1.946363173605165642e+00,1.193390355950352815e-05,1.354111487714575235e+00,4.141674748531917576e-03
1.691422205827013414e+00,5.493293482920661560e-06,1.218692390541744830e+00,2.761184109067511827e-03
1.734203371419230866e+00,1.421479455979126949e-05,1.344372394471424315e+00,4.282136566729670760e-03
1.374070991499175332e+00,7.005538128043878340e-06,1.620448844939543775e+00,2.437292619251780253e-03
1.709673651592134469e+00,1.179235187333637644e-05,1.070638418032988426e+00,4.339457232629123987e-03
1.829865496822856041e+00,7.635262153192307622e-06,1.997795907330778054e+00,2.644514795188400089e-03
1.578047737801546724e+00,8.588659331618154900e-06,1.466488632584371121e+00,3.040068759301522202e-03
1.528644773970856630e+00,7.284881421806525040e-06,1.406258898380448485e+00,2.814050518283911680e-03
1.025962634109116145e+00,1.370478152545030840e-05,1.863603521646994832e+00,2.746787542326200975e-03
1.225792526260717663e+00,1.227735243385507733e-05,1.776688153709101492e+00,2.910417162135112406e-03
1.598148898995147338e+00,9.430388114482592186e-06,1.187067581070502253e+00,3.563162927184115435e-03
1.206357574707412006e+00,1.074745230738201939e-05,1.319673037337703914e+00,3.134423099480975871e-03
1.514228092036274065e+00,8.412087487025504511e-06,1.442899093826255363e+00,2.971184080991593618e-03
1.180264327214850084e+00,7.087024394820097564e-06,1.284697817843525769e+00,2.551650044088519653e-03
1.865148205702336970e+00,5.792091249963993702e-06,1.950264797613520784e+00,2.353572495415025799e-03
1.740011492152666595e+00,8.143918497474365281e-06,1.890095797760118934e+00,2.738109798473280839e-03
1.799845168166755105e+00,7.755798236384756550e-06,1.994348050209971301e+00,2.645637562831816038e-03
1.662107362005670552e+00,9.281127244371440148e-06,1.024319169252721373e+00,3.880719473209337956e-03
1.801170809597799849e+00,1.279420400089040902e-05,1.208690853907043117e+00,4.366429652886865027e-03
1.846624336927336074e+00,9.416302236341005317e-06,1.674623282981273498e+00,3.222336641493436186e-03
1.940813928284150336e+00,9.135683697447292783e-06,1.824615437512345562e+00,3.117287118967320639e-03
1.547264453932589712e+00,7.790720506459365726e-06,1.972667234219619425e+00,2.471975549424667608e-03
1.977549781913084725e+00,7.470379339604103255e-06,1.042507508500815305e+00,3.764397223824159349e-03
1.103483067731185985e+00,1.474065882856602077e-05,1.135665109227169456e+00,3.784566514496763828e-03
1.787452303539661447e+00,1.148181218789885545e-05,1.678577025548660728e+00,3.496647178117268627e-03
1.876797969978756253e+00,8.766966031071814208e-06,1.854333804981991296e+00,2.978787114866964132e-03
1.844216813341778893e+00,1.161145266619512902e-05,1.257947780611234911e+00,4.125892991418404765e-03
1.489451432746828452e+00,6.353377293472360336e-06,1.592792188863492386e+00,2.437451247412922815e-03
1.439548001352291662e+00,9.369745178441111499e-06,1.745109911422566107e+00,2.780133000063943812e-03
1.267794391218686645e+00,1.310957464529894170e-05,1.158465468920404362e+00,3.787713893022421480e-03
1.568919860588544601e+00,1.252122068355822037e-05,1.350574542182719995e+00,3.813857267984767114e-03
1.828184316921471098e+00,1.476676470108481042e-05,1.492345509954050353e+00,4.253221252096837067e-03
1.517620740555624348e+00,1.462743286504112432e-05,1.716741505514708166e+00,3.595946566596707090e-03
1.803950313299848007e+00,6.084240902066556092e-06,1.832941046728448597e+00,2.447040954893662124e-03
1.704440423465832355e+00,1.493529680352834730e-05,1.753940129505450196e+00,3.809697204704245218e-03
1.765904193702788172e+00,9.019660509304576969e-06,1.260724100920554314e+00,3.554419125620253851e-03
1.425162520697874857e+00,1.209570306536800752e-05,1.503543356357629479e+00,3.386022009738200948e-03
1.300602243690995419e+00,1.363034396108164919e-05,1.500800973613192424e+00,3.436877917893832630e-03
1.912006126774782988e+00,9.430078575696794322e-06,1.398030214440256991e+00,3.591236585484128881e-03
1.461040585285129811e+00,8.509622132759996123e-06,1.708784173786085603e+00,2.697383343630862292e-03
1.362220017608849254e+00,7.786492804533269555e-06,1.939499864607836521e+00,2.338566345560818063e-03
1.141284057731621893e+00,5.550219482492872351e-06,1.335444348157684979e+00,2.177905626886406879e-03
1.093758212547073505e+00,1.273068426897435983e-05,1.602632940115122695e+00,2.947606494645367385e-03
1.247576150179737109e+00,1.404573307485926448e-05,1.431713705681376236e+00,3.498465907574117503e-03
1.238623050506746592e+00,1.423349407503041438e-05,1.311579681382921692e+00,3.666300021364294389e-03
1.088920275514545954e+00,8.447782137673421403e-06,1.870768403112078815e+00,2.217478316012418647e-03
1.512870139180161111e+00,8.913780030894050772e-06,1.605838117097142526e+00,2.897883356526090304e-03
1.925583888553330514e+00,1.314090944912170986e-05,1.969652780874748377e+00,3.584256622372871629e-03
1.828083793022745596e+00,7.685723659357589690e-06,1.630949775044539862e+00,2.935081319095362087e-03
1.022447802083310098e+00,7.582870820416555863e-06,1.189161837791836707e+00,2.553388628075346691e-03
1.517204962424609338e+00,7.086557123058315303e-06,1.519718408720214686e+00,2.659856526347065698e-03
1.920926861754633119e+00,8.351549763195493289e-06,1.088203687144944976e+00,3.839581185436779544e-03
1.801251067139180373e+00,8.481059898262406575e-06,1.829367717988949593e+00,2.889759401139474059e-03
1.588297965762484276e+00,9.487732748081939869e-06,1.753573947693090496e+00,2.931468075489913807e-03
1.180939906201202483e+00,7.542512017712650393e-06,1.354715437509058651e+00,2.564176199392992177e-03
1.227360485260185374e+00,7.341307846279422828e-06,1.047952425481011085e+00,2.932256805569526722e-03
1.908981035203734633e+00,1.235866627215560375e-05,1.128784973973352423e+00,4.571734483954185795e-03
1.288650121323380304e+00,8.977435377049156409e-06,1.251595706600507008e+00,3.040266267585701662e-03
1.243893431504760949e+00,1.334719907612483690e-05,1.425945030928289059e+00,3.412206172378493951e-03
1.582290295011272052e+00,6.398261925337790025e-06,1.047394943948812607e+00,3.108986620146374138e-03
1.518110189655959452e+00,1.406286059522400206e-05,1.368561437861243846e+00,3.949629283003080679e-03
1.467830852175866951e+00,9.585306766886053772e-06,1.838347812912396684e+00,2.766477693700712150e-03
1.582986415877385866e+00,7.443054707343681146e-06,1.122296819546919844e+00,3.240114319520530795e-03
1.895298395194453978e+00,1.036466282777559418e-05,1.093947178245234353e+00,4.237582930784015989e-03
1.906198572035560312e+00,9.663226109086883373e-06,1.641493023258735029e+00,3.349852002309939951e-03
1.458380108638825945e+00,1.322826748488017845e-05,1.606042136263919451e+00,3.465838984828236054e-03
1.862680120168173303e+00,1.300502756855842346e-05,1.904190062013451534e+00,3.566725043989145850e-03
1.710842895788273310e+00,6.620932479274770898e-06,1.237822692985893092e+00,3.025069972183368552e-03
1.244828569316322131e+00,5.667243187090138484e-06,1.756533362209473204e+00,2.004068198941850749e-03
1.575611261092749960e+00,1.495455918274935596e-05,1.535847968387531681e+00,3.916852634242568368e-03
1.182046309181991717e+00,1.074704715840284796e-05,1.142382210258957809e+00,3.334694914513209544e-03
1.863759935013836300e+00,6.853552555104853216e-06,1.183369766255638833e+00,3.285433073927211938e-03
1.604025289687678324e+00,1.175949722140949279e-05,1.970915661420721054e+00,3.093612844804164482e-03
1.497380215270775139e+00,1.208504981938155775e-05,1.221188819722206498e+00,3.849451551298018349e-03
1.368992863029072193e+00,1.233243517415010925e-05,1.800738791469506328e+00,3.061960983869961486e-03
1.041760187342864574e+00,5.145489562149742878e-06,1.376171106938147704e+00,1.973608518937576030e-03
1.752308203508092355e+00,1.302502971474519568e-05,1.641081856450857135e+00,3.729318593219555639e-03
1.500330144050427528e+00,6.783626937536405990e-06,1.425310989609304801e+00,2.672203808963516999e-03
1.796714431850134464e+00,1.087103961875708664e-05,1.131001753225878925e+00,4.155692727613117220e-03
1.331571955668465757e+00,7.578857959298434316e-06,1.525428976448549800e+00,2.572102123141814176e-03
1.174847237028301183e+00,5.488853035970756585e-06,1.295954111794430208e+00,2.230676999564927803e-03
1.123302916258837492e+00,1.041749191798703564e-05,1.332859003863316794e+00,2.963042796516675466e-03
1.808543823396361550e+00,1.137688179913393625e-05,1.921689982704770205e+00,3.272159599564511499e-03
1.674498599517967090e+00,1.327617410523929234e-05,1.035526620021591793e+00,4.633383311240090591e-03
1.352793816562792184e+00,9.771172928654264117e-06,1.547948032796482520e+00,2.922206928743282476e-03
1.500990365847735930e+00,7.637577940108264749e-06,1.537840487107697385e+00,2.730304813198774182e-03
1.546548540733988508e+00,1.085611207782987862e-05,1.114181350432133399e+00,3.881870065371069174e-03
1.352500147639038586e+00,6.824621440988205080e-06,1.752389183417239593e+00,2.295052696542026864e-03
1.011142977113119068e+00,8.462442064223783334e-06,1.067121589539667070e+00,2.831699641945766965e-03
1.934747065830066504e+00,1.484408947960265415e-05,1.872690955391466350e+00,3.916118488966492846e-03
1.860476446168732423e+00,1.033855248151408494e-05,1.717887858923589750e+00,3.346143418624434804e-03
1.341432745315172426e+00,1.413321264078003323e-05,1.790393188025748206e+00,3.254098464616537491e-03
1.076583352685014372e+00,6.506524321491960027e-06,1.629753790782958234e+00,2.073181662570919900e-03
1.072689707693368355e+00,5.330332150249503265e-06,1.926291660231914227e+00,1.722872625919520933e-03
1.734025485277515655e+00,1.208506100155146335e-05,1.871466874137994285e+00,3.346270843436410704e-03
1.389547048858223333e+00,5.358507237522712840e-06,1.278423026916672534e+00,2.413355200788058329e-03
1.486297872156995492e+00,1.118474212637680045e-05,1.094619206033129455e+00,3.897035695610547544e-03
1.397038805107269077e+00,6.630987210984210460e-06,1.139592415638650547e+00,2.851140077152612261e-03
1.369250980819903818e+00,5.708416032128217049e-06,1.814562246557289260e+00,2.075455392356760718e-03
1.040591459613621206e+00,7.825999894332708558e-06,1.345726103490370473e+00,2.459980752766681520e-03
1.796859308485766915e+00,6.495424471053378360e-06,1.837990569891573500e+00,2.519933998868206272e-03
1.198544010723840092e+00,8.083161040803009344e-06,1.776736844142486671e+00,2.335103068220747893e-03
1.332301897081984432e+00,9.592237584534767689e-06,1.090562723976972848e+00,3.423229074305347754e-03
1.580990925650874734e+00,7.492619669043964548e-06,1.095154960407327849e+00,3.288847569049532446e-03
1.089223992085670112e+00,1.136650988951141913e-05,1.143067950108833220e+00,3.291062595023467111e-03
1.000201735064541131e+00,1.162252275692443997e-05,1.676211859984160446e+00,2.633477121892886363e-03
1.734706337353899563e+00,7.456662546766738022e-06,1.937470990924716752e+00,2.583851933080107827e-03
1.233562662674197563e+00,1.395846034852319786e-05,1.342093601181497675e+00,3.581854692876788263e-03
1.323500317837391194e+00,6.688860957897982998e-06,1.665135556168982456e+00,2.305755811156961956e-03
1.701120460145004731e+00,6.086590439056387017e-06,1.432293574968522165e+00,2.688676503613607067e-03
1.721202411348004002e+00,1.007548468496055512e-05,1.364440028779898340e+00,3.565100036088868305e-03
1.871221261004213376e+00,1.227478775074424848e-05,1.115931505170787874e+00,4.536812155433656707e-03
1.275390577943305015e+00,7.129572312897533725e-06,1.265532847783526815e+00,2.680505053011696288e-03
1.484032828554384231e+00,5.539809355822025189e-06,1.071706888500471688e+00,2.769689934241158485e-03
1.479688238624996544e+00,7.473539905972744407e-06,1.346151092746643130e+00,2.866166303058460124e-03
1.167458239568329059e+00,7.208561809227782149e-06,1.638216797763368593e+00,2.266518682726648137e-03
1.788317381124969518e+00,1.231556887457179112e-05,1.225608926670967769e+00,4.239099200391575374e-03
1.842038334078578865e+00,5.314011318816897255e-06,1.899058262466513991e+00,2.270342740392167127e-03
1.344742144337833789e+00,1.304648108838042658e-05,1.932013713067631144e+00,3.013429948882054288e-03
1.465871329983485793e+00,5.672502358872894328e-06,1.339255644253837918e+00,2.491744597501235718e-03
1.381029001162116687e+00,5.586933799867275477e-06,1.182827792443729376e+00,2.554038277938915167e-03
1.311317016942527447e+00,1.047038833216496409e-05,1.737310258779832361e+00,2.811231115928211882e-03
1.598147010543023328e+00,1.036811245971644532e-05,1.950814117380874402e+00,2.914407447893274487e-03
1.230662709288302459e+00,5.758415146258475801e-06,1.014354690011270321e+00,2.643176020142936049e-03
1.530693417166008707e+00,1.024075471842603695e-05,1.970831534243279393e+00,2.820235260194957957e-03
1.319762443618694547e+00,5.171608902831959214e-06,1.176149407408654035e+00,2.408959357550075498e-03
1.127398562036620255e+00,6.094813775514371096e-06,1.623656437630791372e+00,2.057178084766106245e-03
1.069509845953149796e+00,9.094154828053894310e-06,1.551880305150156403e+00,2.503481893236489224e-03
1.886434092353802550e+00,1.394241290407253559e-05,1.562625161303641708e+00,4.102630287609120886e-03
1.001161025401133164e+00,1.258816600883782947e-05,1.515152515270405953e+00,2.884064856159754189e-03
1.917337867252159933e+00,1.374308014788288516e-05,1.453671625369563181e+00,4.257534812537407468e-03
1.908904717501623383e+00,5.610145554892442964e-06,1.611134836604710685e+00,2.578180065239588266e-03
1.107915471197596702e+00,6.822307576776622749e-06,1.872772794686158981e+00,2.008983709753144054e-03
1.616419818096112682e+00,8.860677154851248269e-06,1.731323588014122006e+00,2.876215462625415515e-03
1.379679906612451656e+00,1.069722903220811526e-05,1.279757879162540357e+00,3.395947055886525297e-03
1.446401447787171612e+00,7.628031305982426098e-06,1.698568957396999979e+00,2.548643350841742119e-03
1.753093403971686115e+00,1.485786675517838628e-05,1.453568507780492958e+00,4.233143636005224156e-03
1.108322444171643273e+00,6.452589169773486613e-06,1.218737459995165917e+00,2.422395167255697070e-03
1.280374312958509897e+00,5.272058609670560393e-06,1.778825317968460329e+00,1.948013400642430214e-03
1.956484881693626887e+00,8.361086985069575276e-06,1.377414980129086253e+00,3.446174131232641272e-03
1.033177832329723600e+00,5.248669942146343420e-06,1.184771057629790736e+00,2.139414590138690158e-03
1.381566347360612568e+00,9.042833744356265088e-06,1.780999826615744741e+00,2.648537994916270316e-03
1.950392914452196536e+00,1.357072293633877392e-05,1.475157780708206801e+00,4.235876701105611465e-03
1.507856806695510921e+00,1.422010986338844625e-05,1.903905257556337327e+00,3.355898829825102684e-03
1.158846227321479017e+00,7.367392613284376237e-06,1.054017069456536948e+00,2.846072707777600689e-03
1.783507743344745489e+00,7.735204681957048557e-06,1.885948025056053634e+00,2.704634258410828357e-03
1.822254305929978280e+00,8.476184445296248561e-06,1.018038608918001131e+00,3.895135476317975604e-03
1.069811559871444162e+00,6.964233110075211653e-06,1.033192574170874956e+00,2.685342311939021339e-03
1.066821520164658033e+00,1.328667513867575061e-05,1.773837651344875699e+00,2.826813181009321316e-03
1.793256335162832560e+00,1.489738046601883119e-05,1.350995703683699034e+00,4.446815979648848817e-03
1.972344214823210873e+00,8.310116687241303945e-06,1.281333412866149546e+00,3.576546210444235280e-03
1.675925792865978980e+00,8.122755160523348144e-06,1.831562660007031607e+00,2.726265723331575477e-03
1.598662895475291723e+00,7.259600632171302764e-06,1.817052412211148882e+00,2.527266759447035441e-03
1.365202849381790706e+00,7.260009749020164096e-06,1.814489718344990621e+00,2.337168041592414119e-03
1.896884101757005725e+00,6.325850287805192535e-06,1.347468361027973849e+00,2.984149417881050252e-03
1.824301561543595795e+00,1.249981241068890976e-05,1.482375646414014092e+00,3.922120450222092540e-03
1.982235832851384272e+00,9.957944657726472719e-06,1.892687796569088921e+00,3.229408800828418788e-03
1.834020199329519540e+00,9.838480164059933884e-06,1.919970732095833466e+00,3.065623102502754074e-03
1.708126920153085315e+00,8.694141829666832954e-06,1.056365586549537605e+00,3.749439122674752545e-03
1.069584784912895437e+00,5.281788189128949137e-06,1.248560081506016495e+00,2.127126782843313628e-03
1.142984059070061953e+00,9.689523366891108724e-06,1.437751142292406747e+00,2.775424599414014811e-03
1.583458490195180479e+00,1.472582909196019175e-05,1.998837870633944913e+00,3.415501141340494904e-03
1.024649753162510502e+00,1.066031400395520530e-05,1.265988317091731430e+00,2.937364687377317859e-03
1.897721260017554368e+00,1.194881687559513061e-05,1.014448571197445137e+00,4.727849536976618666e-03
1.445227336223148251e+00,1.065677232068348163e-05,1.432862473918673718e+00,3.278526308548794076e-03
1.840594654342129433e+00,6.824601164749087397e-06,1.648851800575060311e+00,2.760113267735769121e-03
1.753117376714233622e+00,9.942774655915198750e-06,1.182911225078828732e+00,3.838691570723242949e-03
1.225543657998267033e+00,8.564669302384180427e-06,1.798319952026042223e+00,2.415940373212451062e-03
1.676031225122825985e+00,6.621684944241140195e-06,1.891520501179102087e+00,2.422254565109492608e-03
1.020018456979444377e+00,7.192465329703009473e-06,1.255656945306894201e+00,2.417171150008520439e-03
1.426134891258439730e+00,7.610771408079148117e-06,1.358563031400965126e+00,2.826537458754276814e-03
1.439257308559476423e+00,8.172580944699822664e-06,1.063511507415123791e+00,3.325659184310840802e-03
1.893282997439949433e+00,1.092229807332285647e-05,1.130101443333256572e+00,4.277658050510956683e-03
1.681744126023004160e+00,1.364118692848383788e-05,1.034769197580459821e+00,4.708518635594316840e-03
1.173386297075868168e+00,7.070400107643686344e-06,1.332459102454002231e+00,2.495258579534603231e-03
1.590751749739700127e+00,9.677815058984054185e-06,1.451711688555273216e+00,3.256489463197342893e-03
1.118275818026412738e+00,8.597280070166710229e-06,1.871599733045082870e+00,2.266462391257593502e-03
1.446909227127340491e+00,7.499114983088806056e-06,1.451500854451690747e+00,2.734116410021137245e-03
1.558576232069487366e+00,1.373470399888338704e-05,1.851194377700229321e+00,3.400538258585920730e-03
1.359793630665361963e+00,1.312235987097175457e-05,1.990009143180226037e+00,2.994435323838243700e-03
1.171220379284068969e+00,7.044858022634640777e-06,1.966670283076292769e+00,2.048281559132306747e-03
1.344524575589730375e+00,1.321612297178007073e-05,1.911915906626988182e+00,3.048611016449883672e-03
1.030049486708810136e+00,8.428383710915998418e-06,1.235759668892599361e+00,2.650538921652309185e-03
1.068339929907395014e+00,1.026912622843868803e-05,1.816356675233227413e+00,2.457654953468974869e-03
1.370572400301188321e+00,7.989381179310547397e-06,1.278631366827956306e+00,2.926408064988614451e-03
1.541229281712698240e+00,7.338910632285250811e-06,1.025928566591368885e+00,3.320403507935936350e-03
1.189878708399180862e+00,1.490149507011013935e-05,1.724139750159232598e+00,3.206860261950767680e-03
1.542849766692493407e+00,5.501090068911079348e-06,1.697384137408065152e+00,2.236125261207189824e-03
1.397532372946724610e+00,8.365450027633157003e-06,1.129942508613048346e+00,3.216602679903053826e-03
1.348205420391751508e+00,1.012959985801309564e-05,1.049293353089237657e+00,3.607660975303259542e-03
1.851818451042605229e+00,6.973732385130926611e-06,1.446556896480659660e+00,2.987886404403660660e-03
1.712335751348997626e+00,7.917859482505703461e-06,1.151914370933597276e+00,3.430743577317998515e-03
1.144834298259377325e+00,6.663187527088076359e-06,1.503440380640111762e+00,2.252522971829458778e-03
1.768591725628594347e+00,1.302115213802451204e-05,1.107221012566103724e+00,4.560593263865491895e-03
1.575185637894945145e+00,6.034506291014248412e-06,1.994116366878741609e+00,2.183290348219403890e-03
1.062366216617215420e+00,1.095929942085699263e-05,1.298876400459604952e+00,2.993950453817878238e-03
1.340654273141948405e+00,9.220068857704157161e-06,1.187367377149364023e+00,3.226509323148615306e-03
1.444301996506294206e+00,1.405384396736065726e-05,1.666284453479680128e+00,3.490213534887097110e-03
1.685146181911056029e+00,1.304807594704630110e-05,1.257487747278981605e+00,4.181577471089877734e-03
1.016973959376364478e+00,1.234736382588212647e-05,1.476495004655776988e+00,2.916258703023001490e-03
1.687048480171790654e+00,5.924659074329200821e-06,1.991487484084403015e+00,2.240302549385386147e-03
1.762455251247420529e+00,1.328546693315573411e-05,1.499906723610108017e+00,3.951075558136586501e-03
1.827254193557078077e+00,8.044274364754144742e-06,1.139018103596068254e+00,3.592341434400935559e-03
1.764407308759917026e+00,7.871051290943189004e-06,1.876802032578480439e+00,2.720235867735056653e-03
1.619113601077531772e+00,1.221874499565590363e-05,1.183740070178239012e+00,4.088121424501389017e-03
1.305387559927097874e+00,1.299143091274673338e-05,1.470624634715289147e+00,3.395840710999110511e-03
1.132327995017180289e+00,1.115935602001984382e-05,1.120402562052605244e+00,3.358293449312730293e-03
1.196725681151781240e+00,1.292494663080406516e-05,1.313716223304550290e+00,3.431317483558953430e-03
1.129084986626468723e+00,1.439551592477035044e-05,1.020648365150971681e+00,3.990606093238957194e-03
1.500643511142450759e+00,9.215960280118195251e-06,1.020604559469338923e+00,3.681122858606975662e-03
1.775165102251362592e+00,5.817347327125845829e-06,1.923748231191471314e+00,2.316902489330327584e-03
1.785686789954869624e+00,1.370927397619969206e-05,1.093454876169889678e+00,4.731615414963387216e-03
1.939252527296936757e+00,1.021503624354939224e-05,1.471668002104239426e+00,3.668869085795125728e-03
1.499479391684891194e+00,9.057032860748806815e-06,1.587256275878483391e+00,2.925093117242915167e-03
1.511996268778644570e+00,5.906753453262761010e-06,1.868735610060676899e+00,2.186129329850927151e-03
1.964587513912321892e+00,1.194320930623530145e-05,1.548614677300725218e+00,3.892463294874946161e-03
1.953761784231056176e+00,1.185951431082432245e-05,1.758576482094158067e+00,3.629849564755219249e-03
1.513382177012087659e+00,8.199960097222077469e-06,1.062553616115498700e+00,3.417470309721716733e-03
1.888041112387334852e+00,6.753208648465393801e-06,1.683940559380074919e+00,2.751676841051820845e-03
1.020744217363165340e+00,1.410756455612666955e-05,1.501222362727240078e+00,3.097148111779912671e-03
1.942246052888367158e+00,1.252515363323695386e-05,1.579647692497565536e+00,3.924312067493049457e-03
1.725216125673860734e+00,5.706304873832265879e-06,1.849209965239732245e+00,2.307310951715132400e-03
1.721607984270597136e+00,1.341336794467561460e-05,1.856674698603043128e+00,3.526696959775220842e-03
1.937557691239061963e+00,1.065470679549554054e-05,1.395724643679186583e+00,3.845901875384164122e-03
1.895012942304904247e+00,1.241812490987919838e-05,1.317842306241169492e+00,4.225736176588659396e-03
1.223736533695625850e+00,1.315121134316843984e-05,1.270546333155964103e+00,3.559029500304360018e-03
1.631195823760508201e+00,8.821136139409477788e-06,1.142444568978735919e+00,3.548932539708469190e-03
1.985990555863493157e+00,8.560205823877289238e-06,1.769653801835490814e+00,3.099463570821304071e-03
1.101873632633372679e+00,5.465317128354075320e-06,1.829861348420187106e+00,1.814113633123580266e-03
1.538527970876812923e+00,5.738566766573075740e-06,1.627211385881900618e+00,2.329337563907502625e-03
1.750684586097128292e+00,8.108448551907892888e-06,1.059183918516541922e+00,3.660893944200881243e-03
1.117483137734699206e+00,1.087924977269361546e-05,1.625129653406562902e+00,2.735117294894260937e-03
1.817231890608933753e+00,6.672769403671629318e-06,1.383604147876938750e+00,2.960413020043224305e-03
1.546380032264787596e+00,5.967869120827221555e-06,1.185454169997120832e+00,2.790136030166413122e-03
1.683405755815878369e+00,1.448994075236696727e-05,1.776896117067108261e+00,3.705072320781993209e-03
1.284118789813758266e+00,7.410821343034672735e-06,1.011666357994348786e+00,3.067023602350504429e-03
1.194959792812186450e+00,1.229699921079746930e-05,1.817020636189268679e+00,2.843781922093173604e-03
1.774750856695958667e+00,7.958554021480653391e-06,1.516254999528907188e+00,3.052106322848769163e-03
1.441352882649614031e+00,1.120334834523522305e-05,1.872142961180840448e+00,2.936902815786366760e-03
1.715216095384172412e+00,1.274988732207194112e-05,1.450946497346407682e+00,3.882280368429455019e-03
1.556738796120527679e+00,7.677765055475750848e-06,1.194871350654900688e+00,3.162748871413951363e-03
1.957449336849194754e+00,1.460241196320023058e-05,1.550462491388438391e+00,4.293652883076813295e-03
1.017265471120754050e+00,1.206115437859771656e-05,1.135056833902561291e+00,3.287780278356665972e-03
1.394968656968307741e+00,1.478105349938815688e-05,1.525952391249420614e+00,3.675906255151853257e-03
1.989113540705588434e+00,9.150180958616035875e-06,1.026646099331044226e+00,4.210505584338285028e-03
1.700800588308003958e+00,5.087014736908341029e-06,1.264650652142585763e+00,2.615609526270678588e-03
1.882841582358037780e+00,8.123823631158351861e-06,1.022439040016100975e+00,3.867839299128622566e-03
1.916067867940733915e+00,1.491821560459663732e-05,1.665973747282123441e+00,4.142188007669035318e-03
1.372689497819219895e+00,1.121959125453374505e-05,1.515560194453450915e+00,3.187778065646536436e-03
1.028704952029182218e+00,7.538871127130879210e-06,1.242023717329800547e+00,2.498812273206131324e-03
1.553284104375191710e+00,7.707067796675506172e-06,1.936776318654489515e+00,2.486167045336083476e-03
1.825655006784425938e+00,7.223385982478656970e-06,1.340185140076365577e+00,3.136876120765173283e-03
1.831366232085972712e+00,1.408916198263487245e-05,1.675515375183958877e+00,3.924243733655250269e-03
1.193198019475349536e+00,8.399556322886858497e-06,1.780871444886585220e+00,2.372292031353589667e-03
1.090435212337228288e+00,7.496297209966750101e-06,1.689225808773523019e+00,2.199781159099142326e-03
1.990746039500512321e+00,6.923164397704381135e-06,1.262582295004910815e+00,3.303926710151055580e-03
1.317434361708683443e+00,9.118174640363835927e-06,1.928494388991707442e+00,2.495796989446171042e-03
1.866919132427692141e+00,1.015654491211139706e-05,1.307611226466734111e+00,3.807995527145969020e-03
1.147945876014377919e+00,5.413385444641786541e-06,1.548602876367873638e+00,2.003203870921746888e-03
1.248895308062350606e+00,7.948386436797738515e-06,1.803244253729969993e+00,2.346255076762640730e-03
1.019662675049662681e+00,6.032460382227163983e-06,1.868002872522944724e+00,1.814624333862934185e-03
1.044538299795886083e+00,1.060034891563709885e-05,1.187903330872015717e+00,3.053034518542288578e-03
1.302418878116090362e+00,1.244531398411087237e-05,1.610561930439931011e+00,3.172411792779380752e-03
1.434059100974285350e+00,9.156108391835405662e-06,1.205230776752519439e+00,3.300683491249090887e-03
1.607813075558087057e+00,6.297215776928785266e-06,1.128519035682892913e+00,2.995281340456039474e-03
1.744775833489515371e+00,8.757307951866824438e-06,1.887264300874750056e+00,2.845370124028354705e-03
1.304157740782472263e+00,6.506408102405823686e-06,1.282625190145195493e+00,2.572088035943071588e-03
1.916935762120717257e+00,6.633955364389442672e-06,1.812027198375704362e+00,2.649156994825539822e-03
1.814191748537066884e+00,6.547263738582637904e-06,1.581824825465597106e+00,2.740263448914275271e-03
1.095302221620761518e+00,9.313673133045760242e-06,1.044167986385041713e+00,3.125664019076433361e-03
1.851657119330527568e+00,1.132587724291821726e-05,1.590269489540570902e+00,3.631456500646494234e-03
1.637038460963709197e+00,7.837143226543272315e-06,1.327478065770315574e+00,3.108813408544161810e-03
1.516743304544069915e+00,8.786631614510151411e-06,1.314854191912320669e+00,3.183673004756563778e-03
1.351272843319820449e+00,1.405828269840718765e-05,1.021421696344219754e+00,4.312559710525585080e-03
1.928202530303984474e+00,1.166784933393479873e-05,1.544394830428190035e+00,3.816739863225643292e-03
1.035323127950805278e+00,6.452894658554169165e-06,1.677308202233462220e+00,1.995762280269105116e-03
1.226697131647332073e+00,1.324491269048260221e-05,1.056256608193532287e+00,3.922008271718066715e-03
1.539541125287374079e+00,1.266023316317069032e-05,1.610687590928963075e+00,3.478650865102216223e-03
1.858250866246382804e+00,9.617803074610230894e-06,1.809492752384775027e+00,3.142763410825705293e-03
1.318664101204885863e+00,1.412027936891114641e-05,1.030640903732802816e+00,4.250451343274268094e-03
1.368047036484346446e+00,9.178950492570312470e-06,1.329076059248267327e+00,3.073775261791610470e-03
1.137256758540184709e+00,1.125472480274032032e-05,1.217624094026699577e+00,3.242202129751080991e-03
1.820524430792765269e+00,1.063628150653699661e-05,1.329270375013318795e+00,3.816686636624346679e-03
1.152213992994987279e+00,1.272223772934056473e-05,1.696166830318581509e+00,2.939774665312341276e-03
1.051330886847538171e+00,9.994936015780684540e-06,1.104865602719677486e+00,3.083933427445067262e-03
1.643042488599081530e+00,1.411998771269499373e-05,1.404296452624095526e+00,4.064547068483180883e-03
1.392543945047446163e+00,1.402959469529173363e-05,1.715983971847885758e+00,3.374196755677293623e-03
1.569911033071691886e+00,1.155157525429788612e-05,1.885408266013413714e+00,3.101383151929232307e-03
1.962868375913563890e+00,1.230807368819338292e-05,1.194682181830931444e+00,4.496912525270480368e-03
1.768513561467977890e+00,1.013793457692317276e-05,1.767045667618626581e+00,3.185334552427312397e-03
1.305345501620919224e+00,6.260871920354606375e-06,1.541072157597578984e+00,2.302865964294764558e-03
1.746180290482059583e+00,9.450452755625189319e-06,1.016046053815696570e+00,4.030084497173031660e-03
1.740740543310863586e+00,1.202659069828403143e-05,1.647505186860048099e+00,3.564715646780135510e-03
1.217851895569722176e+00,1.375795037080612760e-05,1.536154040037039703e+00,3.302605682143042263e-03
1.723724978084511861e+00,6.602121444780449525e-06,1.784230681487204651e+00,2.525516674716675545e-03
1.110776108745580526e+00,1.338699272422181694e-05,1.255161151941098119e+00,3.441953780335297013e-03
1.362512920737386501e+00,6.758405003225942649e-06,1.545628194644013131e+00,2.440843338668711830e-03
1.473299098256808159e+00,1.426622743370693685e-05,1.799373967299674915e+00,3.417742324836772587e-03
1.814213647938185403e+00,1.034006570028046276e-05,1.243125388984132718e+00,3.884618694095314483e-03
1.379277408659588477e+00,8.147741611777459568e-06,1.228619497211082212e+00,3.024375657676536214e-03
1.079083991911574447e+00,7.807729126552010314e-06,1.731300566918137829e+00,2.205991111843887045e-03
1.962188659288416570e+00,1.067862102888066626e-05,1.725834018805193937e+00,3.484403610645840383e-03
1.847098776789231955e+00,1.412543936654142788e-05,1.350616056281384481e+00,4.395214641425872204e-03
1.510943507281671483e+00,1.094973509078352113e-05,1.441751338831081641e+00,3.387511185141925396e-03
1.284894260174066272e+00,1.113558693968179281e-05,1.733871221705507448e+00,2.872644156073068250e-03
1.893707467778818376e+00,6.224511346520187228e-06,1.148364707466411838e+00,3.203827751495554391e-03
1.972879308737516046e+00,7.829005644609460176e-06,1.355197217285479150e+00,3.375999016936423805e-03
1.747536370692230667e+00,9.262556785145873781e-06,1.948643831762415735e+00,2.882121729980903491e-03
1.856313835192897388e+00,1.252917310980356068e-05,1.306330313196698345e+00,4.219494287528456622e-03
1.719856481830015937e+00,7.719780717389017257e-06,1.460355562929130713e+00,3.015221916713571593e-03
1.279957212008075551e+00,1.468067545907190285e-05,1.123622802086233552e+00,4.089408288627314862e-03
1.404779817044357504e+00,1.389005777156313845e-05,1.847996300927302826e+00,3.249418185729022017e-03
1.925229189421830522e+00,5.783983381887805491e-06,1.900363615960547037e+00,2.420674435198533724e-03
1.504414722669691340e+00,1.166416504627305431e-05,1.793892854843362805e+00,3.127608361609866654e-03
1.100896505473865528e+00,5.104910791033202739e-06,1.649088037043531685e+00,1.846058267170185745e-03
1.156588158630279084e+00,5.398029026719088486e-06,1.415675921935798165e+00,2.100027857366119043e-03
1.660277511894786118e+00,1.344297682732366716e-05,1.850966131783240431e+00,3.472472632417557010e-03
1.553007762506260381e+00,1.309836976076769838e-05,1.129557417846500655e+00,4.243666832307594478e-03
1.379754857807773405e+00,7.005014251820182829e-06,1.411524605786112829e+00,2.616744083528920600e-03
1.143468744310569996e+00,6.593485449036511889e-06,1.757964949608398442e+00,2.070925945380193769e-03
1.081057737077474545e+00,1.008952873585848597e-05,1.191515224096120873e+00,3.025590080097924697e-03
1.214520309610839233e+00,5.107151942854310170e-06,1.611254263106073115e+00,1.962048508737226481e-03
1.539811142160804280e+00,8.266091296121756877e-06,1.647775096916703319e+00,2.779296370268862990e-03
1.098836962460237876e+00,1.301666668217020225e-05,1.651278785403362814e+00,2.943108826379201882e-03
1.445477225149838230e+00,5.705624593773741527e-06,1.905085605616057443e+00,2.080654526572226284e-03
1.904890545166654015e+00,6.252188733198583208e-06,1.394570777029465525e+00,2.922340202271803741e-03
1.624299800899076551e+00,6.477848086055441052e-06,1.010441978274184915e+00,3.226954075870904805e-03
1.152874797969681619e+00,8.820571910699737144e-06,1.599358853721239537e+00,2.521543622516774462e-03
1.173504394252871563e+00,9.186335881061407840e-06,1.320830540261923147e+00,2.856866650005131323e-03
1.621513795337747865e+00,5.878927202253201808e-06,1.687894318269565375e+00,2.376494094954966461e-03
1.847162400326997522e+00,5.951962107833048236e-06,1.955480746953768278e+00,2.371132627219448442e-03
1.757498525080439133e+00,9.806811230831149532e-06,1.463467470474502319e+00,3.431783293819409657e-03
1.412513279756727691e+00,6.743812502739660885e-06,1.732138564750282272e+00,2.345080189045634436e-03
1.694376619081161106e+00,8.114509330365146319e-06,1.931171251213444240e+00,2.668245054481662749e-03
1.300923584833798108e+00,6.224698914666647929e-06,1.783504837187552816e+00,2.130825682715018453e-03
1.318658672780750551e+00,1.279735905585767749e-05,1.223819268564442453e+00,3.713365788760332811e-03
1.031091522961354645e+00,8.119074054040887145e-06,1.497473539490012939e+00,2.364407242255004912e-03
1.995349375541016546e+00,1.219072522256763768e-05,1.532549262110934896e+00,3.983978850722844599e-03
1.532689457542683709e+00,8.842675110359171382e-06,1.159943341798392868e+00,3.418224096164185644e-03
1.967862704220724179e+00,1.479124950361989391e-05,1.578642263946213653e+00,4.293959718895429267e-03
1.527289116660280666e+00,9.738164710144975078e-06,1.609379896576667690e+00,3.039974218246755712e-03
1.319768737673864045e+00,5.479708698518417436e-06,1.545296253434950806e+00,2.163325046700546872e-03
1.746628588346993416e+00,1.057158871192899604e-05,1.758387197835485249e+00,3.240508424478426384e-03
1.756840153623083323e+00,5.399148429652192422e-06,1.250104216814917013e+00,2.754581636266975175e-03
1.806561058417721188e+00,6.946071875910980566e-06,1.662431358724962394e+00,2.747413940174997515e-03
1.319548969225814661e+00,1.414625690112409522e-05,1.156640025012367401e+00,4.017301416294917840e-03
1.926205332765120737e+00,6.379870133621003554e-06,1.475950633294055958e+00,2.885501429652039158e-03
1.867141228875314418e+00,8.059205832296260615e-06,1.926803351326727309e+00,2.794576558691818074e-03
1.886005524026320712e+00,1.234458504649836931e-05,1.698909460324180776e+00,3.701899386057525172e-03
1.431493892215233821e+00,9.342879863738616389e-06,1.326996277442088035e+00,3.174682365641735057e-03
1.184011757754606542e+00,1.096788217723687498e-05,1.680027925842967784e+00,2.780232689527403159e-03
1.632392725360722441e+00,1.080960978284610199e-05,1.501661090656115860e+00,3.427925460143364886e-03
1.024469622865576079e+00,8.968379437191842187e-06,1.016504666869485263e+00,3.006435157073671788e-03
1.760110261037268309e+00,7.233802508237395683e-06,1.242145203910750784e+00,3.201600048561010006e-03
1.186200651381960736e+00,7.165416158123497823e-06,1.684727077160032005e+00,2.246130631075438696e-03
1.802031534510345256e+00,5.733903275138590241e-06,1.787975048067210304e+00,2.403951202475901154e-03
1.179286154071899961e+00,1.377208791422440595e-05,1.995050634992217686e+00,2.853202077750785406e-03
1.205160548873744242e+00,8.975036946721081288e-06,1.539678493779243595e+00,2.650486240483630046e-03
1.028118605643915107e+00,5.886354029832977370e-06,1.317870339453571571e+00,2.142932329220199016e-03
1.809661945041475928e+00,9.671539871196412503e-06,1.768982629245492877e+00,3.145464267925939406e-03
1.808503378000381634e+00,5.497787244417527110e-06,1.888803311765684612e+00,2.294353113658045059e-03
1.330523883530033480e+00,9.491115985001325107e-06,1.516948518959073233e+00,2.885257353535924940e-03
1.133560651814823794e+00,9.051445868510527308e-06,1.362681122123906796e+00,2.744000844168154995e-03
1.423061440794276766e+00,1.396464031670106314e-05,1.390239645136388091e+00,3.780784015523226942e-03
1.502728645969707344e+00,1.379863368996949192e-05,1.681939112140156123e+00,3.511180780016731791e-03
1.705807723867826642e+00,7.848979390129594063e-06,1.459918765371902127e+00,3.028358507768927690e-03
1.827587301528529551e+00,9.923963432550405922e-06,1.796689985636561460e+00,3.177203775862994482e-03
1.135919118847477094e+00,1.437029293967660842e-05,1.192074311193501490e+00,3.700452643777054577e-03
1.236464691934279880e+00,1.415619411730180698e-05,1.787546943715176084e+00,3.129214877381095682e-03
1.750087478280978992e+00,1.166676572989408682e-05,1.700428603383168813e+00,3.465180936608155612e-03
1.989097372207505821e+00,7.011827011922413988e-06,1.048618478319475855e+00,3.646992457914041696e-03
1.329156249319006111e+00,1.369889460559413607e-05,1.710196741756847327e+00,3.262929900071627389e-03
1.625116422277954165e+00,1.118970093486860263e-05,1.630223070947549591e+00,3.339857686934464068e-03
1.823935568635300264e+00,1.470231791472646142e-05,1.434939668870853779e+00,4.322956148452422424e-03
1.545347618786025556e+00,8.234539542066304226e-06,1.605605362957594373e+00,2.815226541320254780e-03
1.525885564846156672e+00,6.749938198680914776e-06,1.114773909640038418e+00,3.039607326228847481e-03
1.363495650014888261e+00,8.737908194420026370e-06,1.892476568645237389e+00,2.509084927490429044e-03
1.416084229202665190e+00,6.468698901812139992e-06,1.217892825078373820e+00,2.742511613684063196e-03
1.378425299162830076e+00,1.120657925637269674e-05,1.995436966513952193e+00,2.782333241392387531e-03
1.159053436300592654e+00,8.060295486411688158e-06,1.018408866060388718e+00,3.028768816343899422e-03
1.731867298358432006e+00,8.337018457454833299e-06,1.496221589030623411e+00,3.106452583272487165e-03
1.582996804273767655e+00,1.266059984957276129e-05,1.828686074488025781e+00,3.310530409629223667e-03
1.236015367261173559e+00,1.388057290959815562e-05,1.280706050450091116e+00,3.660082716122335308e-03
1.198905665064595949e+00,1.198257650124632273e-05,1.343378752557381040e+00,3.270155269843664624e-03
1.326072118887751117e+00,1.239481793752452648e-05,1.231502620833963668e+00,3.653305391178276757e-03
1.283352537224687229e+00,9.554036939175646450e-06,1.650596406065449440e+00,2.725498813099666399e-03
1.181790343109450525e+00,1.323066426636753521e-05,1.012294222886234829e+00,3.930136766516892366e-03
1.096129887120538271e+00,5.976797237825801358e-06,1.567696345623732945e+00,2.044251372728748007e-03
1.145771299861725545e+00,7.283361012788419998e-06,1.588095202527015415e+00,2.292327272669975394e-03
1.942645147582126697e+00,8.632722527818353716e-06,1.832229413747120006e+00,3.025385384071973237e-03
1.854640008883385871e+00,1.217817019087960581e-05,1.848273703401969392e+00,3.495728452726094056e-03
1.675288487759430289e+00,7.246287001852365170e-06,1.540529870189153216e+00,2.807162190887951478e-03
1.358815627168995288e+00,6.437662789038378866e-06,1.624520859604662970e+00,2.320500852975933889e-03
1.915116301309856439e+00,1.454970412972321267e-05,1.109077883562015199e+00,5.012375920654389000e-03
1.777802731303288031e+00,1.279110522786649674e-05,1.051858511325291179e+00,4.649616755649726464e-03
1.855301727074158968e+00,6.028624079055381523e-06,1.209815259544173349e+00,3.040582890226174902e-03
1.699281723597839910e+00,8.207169704909201104e-06,1.166681431722848883e+00,3.457428894003819562e-03
1.304974916768707249e+00,1.421220057103078088e-05,1.350832924324802953e+00,3.705364423016698112e-03
1.986248712163805497e+00,1.355268614571455773e-05,1.021858470979514877e+00,5.132561123567077471e-03
1.844861816322663106e+00,6.141788450051424677e-06,1.691458223355703172e+00,2.588205226724202019e-03
1.835108253545323809e+00,5.342730951337559405e-06,1.815721140773829845e+00,2.323742073962879826e-03
1.303484818238362042e+00,8.585657820549078632e-06,1.401599127034983017e+00,2.825711814036968323e-03
1.826242417600955736e+00,8.329963272741875121e-06,1.844133973311585795e+00,2.872132834229582446e-03
1.079270863359196087e+00,1.133588842899970907e-05,1.321128614667367529e+00,3.043129668866782159e-03
1.263671591403115801e+00,7.272858496843639383e-06,1.593690183770694713e+00,2.401417832105821621e-03
1.930667140737189147e+00,9.876356769927069291e-06,1.332716082269169711e+00,3.782537725727093750e-03
1.767832234000625169e+00,7.566256654620896726e-06,1.073511996376635746e+00,3.529861030167739423e-03
1.195557637139058382e+00,6.977132218896401688e-06,1.336101330613673976e+00,2.498642008587847584e-03
1.107875614170223066e+00,1.370163502380215452e-05,1.905821680154752507e+00,2.822218064859147602e-03
1.018709992071332948e+00,1.257172043418266145e-05,1.952949562845100351e+00,2.560808641808377632e-03
1.896419089129226521e+00,1.211009097315272478e-05,1.330915580864895809e+00,4.153991535786469985e-03
1.266966169750479931e+00,5.483412751305598553e-06,1.662393709994787638e+00,2.044283082457797138e-03
1.958120681914345740e+00,1.401325367575635800e-05,1.678396809762852993e+00,4.043355215802992876e-03
1.981809329580908052e+00,1.489709506774929303e-05,1.592841023392418620e+00,4.305221621924691135e-03
1.598330658211156718e+00,1.424439140257001705e-05,1.801723527071546371e+00,3.554767405912480620e-03
1.895287230031235115e+00,1.485920948294979017e-05,1.728212455839400530e+00,4.036796024230458399e-03
1.871314928779234332e+00,9.385943128951330610e-06,1.334576336502221405e+00,3.627777895903105607e-03
1.217923934970989164e+00,5.182752495758389998e-06,1.979298994143952717e+00,1.785807388493293240e-03
1.354874802984822768e+00,1.217156954965796761e-05,1.526440154078023692e+00,3.286873459592087963e-03
1.614448205650563795e+00,1.397433008518055180e-05,1.576391404912806493e+00,3.783080022500426298e-03
1.481147343101533398e+00,9.460147984941094960e-06,1.334279354319545696e+00,3.240594674306107332e-03
1.693452758063900276e+00,5.668953662084708482e-06,1.398856449157208193e+00,2.619699165149369947e-03
1.858130787568416320e+00,1.455576953245156052e-05,1.276057445504332311e+00,4.603844135011642656e-03
1.545387068865386793e+00,5.458611969261732581e-06,1.151060035982948371e+00,2.707140278812992899e-03
1.792320899618978336e+00,1.443608430662723994e-05,1.152912245829581739e+00,4.737338996381831001e-03
1.458179713028823876e+00,1.253344749652282564e-05,1.062537231893519341e+00,4.147331215234329252e-03
1.970336025962365012e+00,7.481005436394551182e-06,1.096691913479953762e+00,3.666129601353160586e-03
1.534355841645054230e+00,1.392459774747145518e-05,1.455813108530171096e+00,3.830906583544030613e-03
1.667448334396431697e+00,5.845405021286499869e-06,1.750501819124487657e+00,2.359675123433753550e-03
1.670890923647445181e+00,8.643673606862365202e-06,1.609652383964778277e+00,2.995416246438700487e-03
1.257295534396870140e+00,1.117954955142793643e-05,1.382615032210554151e+00,3.188454339057877115e-03
1.732631049129334189e+00,1.409778553976399841e-05,1.514015116662633442e+00,4.016644454357782938e-03
1.322912759959330220e+00,1.421454169738381432e-05,1.845780881861724065e+00,3.191846239263089729e-03
1.422108355135986768e+00,1.131679969343235553e-05,1.362508742379056947e+00,3.436833632783445683e-03
1.840001864314958269e+00,9.358591567135416924e-06,1.747090000646748020e+00,3.139472906514935088e-03
1.206396528105690980e+00,1.102718761760036460e-05,1.862374443415590886e+00,2.672661265497748573e-03
1.035091022019297480e+00,1.255603162152910165e-05,1.337756484645836741e+00,3.116929209138704238e-03
1.122975431021348003e+00,9.003563637764533408e-06,1.430909670018980062e+00,2.658191330735364295e-03
1.583158870268650986e+00,1.410418379145842414e-05,1.084916986081061907e+00,4.536678196043994124e-03
1.125544008196298407e+00,1.017276064399812911e-05,1.893031264075026421e+00,2.459358044679491907e-03
1.192382516942771087e+00,1.263702293085285571e-05,1.298005266120836776e+00,3.407155535246943374e-03
1.824568500266641191e+00,1.000049068805719538e-05,1.220252644378812867e+00,3.866926012143467352e-03
1.624483696311631142e+00,8.283967463883350370e-06,1.657243175756282216e+00,2.849599009001055078e-03
1.992962170527234456e+00,1.070773603981045125e-05,1.977610796410836702e+00,3.284943799055886800e-03
1.947974322202395303e+00,1.448158195521815191e-05,1.685776192735320311e+00,4.090719104019368245e-03
1.684826171762729974e+00,8.595150234065490036e-06,1.430358149999495510e+00,3.181866019868220992e-03
1.054691884125572798e+00,1.288417033858701671e-05,1.893916572826416234e+00,2.678616926173178064e-03
1.599501539587074195e+00,6.986924995431604056e-06,1.876646317137872666e+00,2.440305261869180672e-03
1.207756952336312306e+00,1.076137669631822113e-05,1.491239841602638005e+00,2.952228312515292174e-03
1.685991052344372632e+00,5.341847267047575172e-06,1.997028849513814652e+00,2.123641465429720269e-03
1.625859894859093213e+00,1.083941810476974835e-05,1.243708202687222819e+00,3.764309243362571385e-03
1.822509860737221654e+00,8.859478705876253665e-06,1.595973537145757071e+00,3.180725456287665769e-03
1.418001772685068884e+00,5.601018521597879885e-06,1.061555493331492794e+00,2.735272128992922210e-03
1.656980108623010040e+00,5.671362134418897280e-06,1.625435243202936864e+00,2.404459692255319324e-03
1.353020308619732326e+00,1.374451673770479612e-05,1.621121264819151087e+00,3.386952793563146116e-03
1.621437978346010667e+00,6.120989630559790735e-06,1.773588906968478263e+00,2.365562955449905264e-03
1.575045197150682030e+00,1.076913235599754191e-05,1.770856575742861594e+00,3.094889684264271953e-03
1.672944359486289390e+00,9.477964340388036338e-06,1.776282744086193688e+00,2.987736104793067837e-03
1.356140358411257907e+00,1.221486726282427463e-05,1.718423708941944517e+00,3.104785262704269893e-03
1.336063248973676121e+00,8.933289694939665077e-06,1.779286071662312452e+00,2.589979510651008957e-03
1.419254659867833945e+00,1.153097570002850918e-05,1.927392662647696930e+00,2.913923139473825405e-03
1.137212323736151109e+00,6.513883382657990095e-06,1.899407261159176352e+00,1.974839118486720370e-03
1.125367938523255340e+00,1.378805413471245045e-05,1.157498680997270046e+00,3.661326901238433178e-03
1.276131395400545765e+00,1.265388892968121614e-05,1.810555684980797553e+00,2.986439784486642334e-03
1.813087923216971209e+00,1.290851105124247812e-05,1.252709113137543184e+00,4.322374472142089669e-03
1.941561589522946774e+00,7.168610811356521889e-06,1.049914956203250149e+00,3.640960992049186665e-03
1.301542975451687623e+00,1.244250563875901289e-05,1.437063311416374667e+00,3.356952749906068085e-03
1.649534981064104455e+00,1.253538111822968885e-05,1.378493782158991543e+00,3.872996731296222007e-03
1.332497202175230377e+00,1.214452910504866835e-05,1.950300505898131753e+00,2.880532146074381208e-03
1.028507218518276201e+00,8.908898984939421446e-06,1.143417748025232106e+00,2.830826320045247077e-03
1.927571357645689876e+00,1.080043205417161606e-05,1.013850704625515631e+00,4.531466701950189434e-03
1.018384493729615370e+00,5.457438894550778405e-06,1.402679539054656033e+00,1.990540869454384201e-03
1.818673911257392639e+00,1.154296023160170310e-05,1.686834944133509762e+00,3.527765620735164639e-03
1.406549640428012671e+00,1.206601646578457621e-05,1.670135636680847302e+00,3.187745324065667605e-03
1.909612624196980191e+00,1.389573794540619942e-05,1.440729252142339600e+00,4.291629868267154285e-03
1.288997359465781090e+00,1.431869532130149300e-05,1.851347540930257107e+00,3.157430218524737934e-03
1.162544967619729919e+00,5.881643102504605069e-06,1.011015250426180678e+00,2.600610795034163231e-03
1.766167290782071131e+00,1.233809767643604252e-05,1.708155949185747424e+00,3.571710592993614791e-03
1.921995129599355590e+00,8.314776838481588672e-06,1.315494312610193006e+00,3.485434717833133574e-03
1.614400140729252975e+00,1.161245321436103096e-05,1.801341067268154461e+00,3.226038952153192745e-03
1.473543971218470583e+00,1.278208989652124096e-05,1.271302651637825409e+00,3.849089480684228081e-03
1.153950953456564843e+00,1.063042926599596725e-05,1.576885495826284789e+00,2.789131540863987960e-03
1.088597272000121574e+00,1.392202224077871727e-05,1.957236865264959214e+00,2.782678860687626005e-03
1.023661785492604448e+00,5.065138727406607565e-06,1.837250546894381831e+00,1.679924349852362749e-03
1.661909439647920150e+00,1.427718976184598251e-05,1.778830145304242105e+00,3.652227337427566434e-03
1.315457513087389341e+00,6.711752344094897948e-06,1.650949866643043551e+00,2.312540948936114230e-03
1.768257033794913724e+00,1.012903755575998749e-05,1.404265085170246286e+00,3.571348559270093575e-03
1.101092635208695825e+00,9.216304673974323866e-06,1.975375375260458366e+00,2.266551141513553809e-03
1.126121468019295691e+00,7.020517248559472724e-06,1.298997626935110006e+00,2.467021846732920121e-03
1.874897531216097590e+00,1.157274912221984344e-05,1.755873870450046947e+00,3.515283695311180283e-03
1.551825533985272010e+00,1.456130830777248514e-05,1.217685776454739521e+00,4.307785090918150352e-03
1.207884207906261942e+00,1.113725623474862077e-05,1.834477144581829311e+00,2.707980949327705878e-03
1.335515310612631845e+00,1.287204431426353332e-05,1.202798270019023619e+00,3.780522275403343062e-03
1.300715539775220364e+00,1.335944910879595114e-05,1.583019383170219507e+00,3.313159341081814684e-03
1.552984147864466147e+00,1.076150419336705376e-05,1.212262973027867785e+00,3.712971201388395783e-03
1.328444028208501493e+00,5.466857589949697060e-06,1.734974581870820876e+00,2.045944990112206693e-03
1.486398644801124824e+00,1.313099819677542135e-05,1.942544302561960645e+00,3.169794116986871229e-03
1.490617825288443221e+00,1.069741352189705414e-05,1.626919930019758764e+00,3.130685614432297814e-03
1.849431110157356173e+00,5.340094572374484407e-06,1.502570357312638771e+00,2.563752785265278455e-03
1.675037139163914723e+00,1.318868660286614194e-05,1.265130636319566015e+00,4.178739595028525475e-03
1.756259137066485732e+00,6.242328474426266885e-06,1.283218931037748867e+00,2.922922014152617553e-03
1.696300906967267874e+00,1.025825797619312068e-05,1.669855796763739963e+00,3.228113315041601216e-03
1.763553947780861275e+00,1.224859410654376162e-05,1.055145773685735477e+00,4.524611181950638147e-03
1.555897601165709521e+00,5.595059289028627209e-06,1.545231676486632733e+00,2.373537244686894660e-03
1.265112962397245688e+00,5.057556792449654682e-06,1.313267725537425878e+00,2.207284945525915705e-03
1.858913344251655442e+00,8.706964464544704522e-06,1.904026797323747466e+00,2.915589854487166468e-03
1.574005366428724351e+00,6.483830626781262956e-06,1.996434007329524363e+00,2.260952589405351883e-03
1.428090862150956042e+00,8.581420353259375193e-06,1.999874941959820518e+00,2.475461000988169596e-03
1.152392923313279693e+00,1.420826304103861375e-05,1.586299818218942281e+00,3.212758996999828202e-03
1.585842669916146086e+00,1.305435199377736420e-05,1.793794829893309295e+00,3.397201639060496662e-03
1.669295034236590647e+00,7.004924263625851549e-06,1.941688675089300098e+00,2.454022125340727528e-03
1.201533386092281663e+00,9.416353690701868124e-06,1.352685922815256347e+00,2.892083432342848308e-03
1.155324792071151130e+00,1.475812935946771093e-05,1.606192137054305746e+00,3.258134098664344693e-03
1.531969491958779406e+00,1.307932371818545800e-05,1.843236184203127515e+00,3.297062722316280049e-03
1.481701536858042623e+00,8.130988642426746041e-06,1.811730719525302957e+00,2.578726117028829271e-03
1.180513945022335420e+00,1.395838189576085171e-05,1.169535378471701303e+00,3.753586401440862919e-03
1.553747052094074377e+00,1.328902685355480833e-05,1.030577257614865738e+00,4.476065892133859400e-03
1.738899873062856871e+00,1.198282538727755972e-05,1.862502860259752868e+00,3.344786711466038627e-03
1.218125761834111920e+00,1.050741595746798628e-05,1.439906573100623977e+00,2.981445461959427844e-03
1.100115476402521608e+00,8.058630912039666260e-06,1.136717475197825511e+00,2.792694962071569191e-03
1.100736843519576347e+00,8.370712303518493868e-06,1.659632372593668803e+00,2.356226362420416921e-03
1.017608103009398857e+00,1.389115420781602105e-05,1.490036574847572126e+00,3.080072789821571098e-03
1.417909021148458182e+00,5.573142144942855710e-06,1.428063864213261258e+00,2.352341811014123894e-03
1.705242589087458960e+00,1.353830800435341461e-05,1.919653477992727453e+00,3.467878398711850187e-03
1.662267917891539826e+00,9.238678303258029018e-06,1.689535764862239997e+00,3.014891859892156623e-03
1.396906095931040426e+00,9.464672913215369654e-06,1.106252644831591914e+00,3.457078571893225198e-03
1.696842631515023569e+00,1.456418174313842020e-05,1.095902803849778451e+00,4.748733628141681672e-03
1.230478862964692777e+00,1.409566796463815699e-05,1.739179245074018443e+00,3.157968090709274440e-03
1.358884830721136083e+00,5.144101743167966298e-06,1.669615320691179905e+00,2.046151986256453201e-03
1.949329277998603116e+00,1.469584759332196583e-05,1.400386435492801951e+00,4.522889472271155765e-03
1.759627563339098533e+00,8.164680235154832041e-06,1.907973429965419410e+00,2.744061288803000074e-03
1.898915220747760202e+00,5.982557976691623717e-06,1.637647342333997891e+00,2.633819771167895951e-03
1.344541571228766053e+00,6.162342414613302012e-06,1.152693846367383479e+00,2.681038454434334084e-03
1.430356711990113494e+00,9.051543004542463833e-06,1.737787641260517102e+00,2.729512808025400840e-03
1.555980394210034756e+00,1.259433466978620427e-05,1.058777949972602439e+00,4.302166666279352500e-03
1.594010182455495528e+00,8.619780220925080119e-06,1.582832881547919346e+00,2.946294195752871287e-03
1.458899813889265040e+00,9.728613471628438908e-06,1.372264922114489138e+00,3.216023605536726809e-03
1.141396450219833936e+00,1.269489396221331774e-05,1.564814210665652627e+00,3.042996177916824571e-03
1.670741287973879441e+00,1.337304894076389559e-05,1.928733586744763695e+00,3.403562248588045715e-03
1.877380775286650927e+00,1.297373076093592034e-05,1.633895844149497734e+00,3.860970110317933635e-03
1.411191934678315274e+00,9.037301043986485419e-06,1.047604148651820832e+00,3.489103180983153286e-03
1.014916686527840284e+00,1.144153949664472312e-05,1.343346827887139439e+00,2.940108458092224614e-03
1.846417885324505459e+00,6.657707389020314632e-06,1.886760204827091947e+00,2.552519080420207441e-03
1.577837132432642120e+00,1.403039750272635193e-05,1.329585917833179698e+00,4.080448214962266278e-03
1.305375115743004244e+00,1.388842609448533451e-05,1.440641428810043090e+00,3.547449575323715579e-03
1.458297510614065207e+00,5.892419842938295124e-06,1.762183030292176156e+00,2.208230487262621573e-03
1.926117755512366969e+00,1.434820449359672053e-05,1.535010600496724997e+00,4.243112110247032262e-03
1.663861141581375769e+00,1.162946010871539802e-05,1.163548650611107238e+00,4.077988932928831682e-03
1.248130030582188521e+00,8.705395807421332236e-06,1.707255781903515235e+00,2.522753870654824686e-03
1.690645364652012095e+00,1.282091064328114220e-05,1.611976991770897261e+00,3.666960876135764557e-03
1.241628529773034950e+00,5.919280699686011762e-06,1.898748223195249274e+00,1.967417902588176025e-03
1.203609985689023665e+00,8.935827714626761616e-06,1.629094012224812982e+00,2.569432486561487247e-03
1.933426355285553733e+00,5.856777791817396104e-06,1.972063466147185862e+00,2.396253426576754920e-03
1.884710193337848061e+00,1.123960253615238951e-05,1.634091742121862811e+00,3.600472920338472927e-03
1.325308876424271975e+00,7.756085610936442622e-06,1.314571311457545910e+00,2.796325836260563948e-03
1.123201513249148409e+00,1.268289748647418146e-05,1.058540315964838552e+00,3.668464995006666656e-03
1.651345510325747057e+00,1.009995216520357493e-05,1.623294575207425705e+00,3.205383262201697437e-03
1.413425682179661580e+00,1.003959453489177689e-05,1.433465074081917034e+00,3.146306430372490873e-03
1.973424195644680079e+00,1.140831368148999636e-05,1.276148541260590186e+00,4.200203544920491118e-03
1.372296845821922018e+00,1.322561742072774375e-05,1.249071243358153227e+00,3.811872847032778556e-03
1.690166014039902187e+00,1.183747750449346391e-05,1.559901097185595553e+00,3.581341488582367744e-03
1.470543343859613383e+00,1.157191279965768430e-05,1.612467836633773910e+00,3.248597911109624148e-03
1.466982623482385062e+00,1.042822432500743991e-05,1.794745591962821685e+00,2.919552031663576880e-03
1.308727529305522719e+00,6.771903115384278400e-06,1.652305230708074113e+00,2.315980232082628324e-03
1.762925994866289647e+00,6.634261382629478510e-06,1.192216672256958487e+00,3.132100829332590524e-03
1.495930726334637972e+00,1.002786552502117025e-05,1.875932428756797332e+00,2.827817621928925725e-03
1.230562748347374002e+00,6.916384286164153642e-06,1.084896945413865277e+00,2.800897374588044719e-03
1.400355756860444778e+00,6.090983659280161987e-06,1.794080212690757570e+00,2.180429150803654507e-03
1.455946884419477616e+00,1.402270261444614238e-05,1.345444132912690938e+00,3.895433484310202414e-03
1.416862692007728297e+00,1.111470721848798775e-05,1.505692746979084840e+00,3.234035008037036002e-03
1.527187677109584918e+00,6.068091975887498868e-06,1.697084857803554447e+00,2.336794402869393772e-03
1.541260549157327020e+00,5.738330054714173014e-06,1.328910285300569871e+00,2.579781724316118543e-03
1.416740572786401087e+00,1.262088882975210996e-05,1.965907902661075735e+00,3.015841771115931966e-03
1.141273375463299544e+00,1.476760184384829998e-05,1.602603175618666498e+00,3.242924447346936731e-03
1.616733149402805436e+00,1.105880108340874476e-05,1.342068245515826153e+00,3.649941421298427864e-03
1.315049032589346911e+00,1.218546025653391397e-05,1.157012014561108693e+00,3.721542709660439780e-03
1.456206785949961446e+00,1.463583607333442005e-05,1.540888602982976252e+00,3.719072735125455650e-03
1.880386608582206964e+00,1.168962678735987437e-05,1.387028677118572251e+00,3.980899168388385249e-03
1.517141644635858100e+00,8.023438094940203640e-06,1.882897551940293290e+00,2.542611298423965403e-03
1.307059535314872178e+00,9.333930563549045612e-06,1.455896639181451624e+00,2.894774218209558193e-03
1.013008063309441820e+00,1.406104726930563657e-05,1.202281910409074950e+00,3.442010008934076690e-03
1.115572156253418434e+00,7.727009207194501561e-06,1.433415651444463368e+00,2.452271081943096197e-03
1.249487782913226930e+00,8.554876449167752805e-06,1.630828786673074848e+00,2.560169347422587387e-03
1.147815506964404264e+00,1.188217235580060889e-05,1.444435267779405674e+00,3.072804469521679942e-03
1.223112331676300846e+00,1.395966627709348438e-05,1.072008002818919170e+00,3.990907635557506931e-03
1.713149081893363457e+00,1.054446776774829694e-05,1.333708237921054085e+00,3.680268410065334981e-03
1.554561317354989924e+00,6.630352109838691258e-06,1.098222310085867237e+00,3.063564960678389661e-03
1.428203585702163547e+00,1.057622788858318219e-05,1.534072711485448881e+00,3.137888353503665712e-03
1.200181195686302882e+00,1.164650023412683980e-05,1.902666988649226454e+00,2.710439621550729105e-03
1.809082452155200471e+00,9.060085018357191624e-06,1.578952611835130249e+00,3.221890446355099406e-03
1.309530797917595635e+00,8.651035472930994856e-06,1.716620026369518381e+00,2.568945065567062626e-03
1.931852074079358772e+00,1.244970687744699692e-05,1.474308212834513299e+00,4.038986066712160587e-03
1.200919122958231222e+00,1.291477282015073425e-05,1.210207785916381784e+00,3.579895046375086969e-03
1.554344847070938229e+00,6.850060901685835175e-06,1.496859014834844626e+00,2.667045695030321323e-03
1.257041132555973384e+00,5.108685786816185491e-06,1.301371379906115733e+00,2.221409959520883898e-03
1.753150260554371398e+00,8.822147931530636609e-06,1.825479881924423786e+00,2.910772161342280954e-03
1.803306335146527051e+00,5.166454890615715079e-06,1.003371044659096212e+00,3.047195323350302201e-03
1.272971559798031560e+00,1.344576807848201565e-05,1.426764590454234094e+00,3.463586173078452013e-03
1.141236656596539722e+00,1.278408093578478207e-05,1.684007629868478961e+00,2.943408804985818677e-03
1.099594017502829590e+00,6.338932878995598750e-06,1.338020082330114713e+00,2.282406234048092817e-03
1.608730526807102823e+00,9.944270447254436701e-06,1.354309527166479565e+00,3.436917822364524838e-03
1.775812051133356828e+00,9.873376291802627098e-06,1.499400675887025969e+00,3.419577830511384524e-03
1.242887087322593676e+00,7.511772680699088284e-06,1.223192513963498040e+00,2.762737669382172006e-03
1.590546125475784445e+00,5.331947351341274725e-06,1.575537953551280346e+00,2.320072869385153558e-03
1.709570758102724408e+00,1.144345239209185129e-05,1.168551584001220167e+00,4.091646727546209908e-03
1.537249350348876664e+00,1.483614792007337117e-05,1.058145599990623964e+00,4.642586682260715567e-03
1.393953424314298584e+00,8.726279901732899105e-06,1.153306649293460939e+00,3.247628194947516263e-03
1.230974871014904215e+00,8.361678331442585921e-06,1.120133878952086492e+00,3.031351902439233421e-03
1.902068666673167652e+00,9.100408336408672962e-06,1.398584731445180473e+00,3.518026804871796434e-03
1.432793040632940329e+00,1.331447872521199029e-05,1.443273755786564028e+00,3.635628158484670389e-03
1.617432189787253449e+00,9.881421475091839581e-06,1.216037896739031954e+00,3.625343801002476208e-03
1.041516417864410293e+00,6.972675283372633914e-06,1.129077190629637961e+00,2.536126800552962555e-03
1.914876466581817871e+00,8.558828051712325395e-06,1.581762050253191720e+00,3.218896078225694322e-03
1.687530476991343065e+00,9.840822956601530321e-06,1.218018593705291419e+00,3.692449486249339830e-03
1.420431641898088904e+00,1.017663164222556266e-05,1.194745528271422330e+00,3.478359691626493368e-03
1.598120636795445693e+00,8.400452456529746039e-06,1.672937956041606666e+00,2.832801877624004528e-03
1.269675693559895846e+00,1.033097918439629341e-05,1.051562335489772515e+00,3.531828728863998981e-03
1.693098249181596238e+00,1.416832525069776399e-05,1.815486067700639250e+00,3.634995513068687168e-03
1.583755846873378559e+00,1.122437370587417470e-05,1.079198097554415536e+00,4.058584467219631536e-03
1.859722684621094579e+00,9.110182428236327944e-06,1.758293228616897963e+00,3.104144854237466007e-03
1.956349491293117637e+00,8.659866757245051174e-06,1.231545310492687229e+00,3.708972629150933658e-03
1.489109626207213211e+00,1.399198488795890986e-05,1.613453482193217159e+00,3.593558961073187348e-03
1.286549876543942261e+00,6.776766735746764781e-06,1.520173503703451612e+00,2.394848268976574289e-03
1.056346250323596525e+00,5.546275639739391987e-06,1.912331510217976538e+00,1.750339451739852184e-03
1.993239631686966273e+00,1.409641045103099733e-05,1.364947649298492660e+00,4.537075724533010633e-03
1.976290378179598628e+00,9.525421117230575650e-06,1.013941940106486861e+00,4.308845547412930473e-03
1.325538421010640899e+00,9.962514703263742751e-06,1.647053126342178153e+00,2.831567011219275187e-03
1.346233639696954310e+00,1.140654003215664300e-05,1.109514795083546002e+00,3.720237232091277990e-03
1.432544123154724014e+00,1.327493307941597024e-05,1.218679367564185823e+00,3.950257848607380967e-03
1.575369426237330339e+00,5.700723580245690263e-06,1.676339860845544649e+00,2.314595806528277778e-03
1.977991194396594654e+00,1.096041494405779234e-05,1.285984206600194524e+00,4.105895175516753939e-03
1.975185717343352243e+00,1.366797348472318423e-05,1.517926654749642168e+00,4.217262541771801300e-03
1.335586527296370729e+00,5.881508703800719994e-06,1.667454730512744510e+00,2.170467867178500591e-03
1.699003295804523139e+00,9.851659474133760272e-06,1.097509282786564011e+00,3.905239788865163316e-03
1.150603766281712348e+00,1.224297583230908648e-05,1.502079531636968390e+00,3.062385978629724934e-03
1.022028188155990280e+00,1.193821648106262905e-05,1.752229329612181807e+00,2.638795223182967536e-03
1.492763557065488689e+00,8.637252513438577022e-06,1.273354804647296223e+00,3.182061760880999617e-03
1.574957964394323895e+00,1.488562939517238079e-05,1.978865659946334343e+00,3.441992570412080038e-03
1.639707292748860734e+00,6.020759558537270523e-06,1.575137535869741034e+00,2.503511355086988823e-03
1.692468524468654145e+00,1.117284433053092752e-05,1.684024967909146575e+00,3.350949717982006082e-03
1.793952216293146495e+00,7.827341238718588329e-06,1.502040948332650228e+00,3.057536731248922113e-03
1.933690337009605020e+00,1.208848427267001331e-05,1.457967715127503006e+00,4.004104790770721123e-03
1.959847715934585288e+00,1.340495684071792788e-05,1.267701940736998489e+00,4.552346344796315281e-03
1.241014129871790050e+00,9.061244043184791622e-06,1.065078711494783725e+00,3.249312076499446394e-03
1.418372662335402712e+00,1.010438451461358021e-05,1.438397700475580354e+00,3.156535066208607850e-03
1.783780451923639987e+00,1.245986478065379811e-05,1.265336980134461609e+00,4.191063725679531303e-03
1.937859824672005793e+00,1.288459285534092089e-05,1.473288005563791803e+00,4.116733019465627919e-03
1.459459611918161981e+00,8.383147679206277186e-06,1.159947809764184434e+00,3.247733420412472673e-03
1.733957720413009440e+00,1.394495231054487206e-05,1.453056350525235407e+00,4.079308404288911616e-03
1.612022612371064589e+00,1.166520714667010980e-05,1.035618164344934033e+00,4.261200435959307427e-03
1.781170974338274871e+00,1.368749961973374761e-05,1.080257583946373279e+00,4.750629953794121077e-03
1.998249975642979459e+00,6.184363935149245264e-06,1.557296818962186080e+00,2.816999237066814248e-03
1.641681620048674795e+00,1.005806730340928460e-05,1.491800677608110970e+00,3.326950479633163441e-03
1.548481701835215718e+00,1.498260313120748660e-05,1.793128680372388928e+00,3.597004227844614269e-03
1.797065081360697647e+00,9.634067183610782621e-06,1.381037457542927616e+00,3.540658242334374702e-03
1.946346947057530086e+00,7.275677241432455625e-06,1.313721959948741302e+00,3.283183162021115556e-03
1.877169838369019850e+00,7.490634530848786745e-06,1.288558895113145475e+00,3.303383165779886360e-03
1.011323080855082379e+00,1.264998864577568250e-05,1.819158625852966171e+00,2.651885339107403709e-03
1.764075977957136221e+00,9.978413150973869877e-06,1.806802000081535020e+00,3.121289867728150799e-03
1.201941210740461230e+00,5.136733361049075907e-06,1.109866410857157648e+00,2.358575431881846599e-03
1.474342494314405894e+00,1.329062448140998305e-05,1.606631887891145416e+00,3.492317290040816442e-03
1.858116578788686635e+00,1.366240822277090694e-05,1.469190833106311711e+00,4.156817932741802349e-03
1.818904017963129061e+00,8.091219699093723475e-06,1.313023385770648366e+00,3.347924514130286907e-03
1.342882347632918361e+00,1.116142889278215337e-05,1.379005200954358523e+00,3.296825258321686280e-03
1.588344341423255202e+00,6.245420370977012213e-06,1.484213260800204548e+00,2.585264687105313496e-03
1.602949008297714473e+00,8.647077836407487475e-06,1.475636524025886409e+00,3.064819058846621029e-03
1.534275594027691980e+00,6.921670767637008259e-06,1.524633202545017774e+00,2.639213175918955680e-03
1.425551340892647456e+00,1.169033773291670457e-05,1.929402850285488302e+00,2.938958831781999809e-03
1.881735737380956675e+00,5.909969866676277793e-06,1.524817478541456994e+00,2.700617135874205325e-03
1.703715912724750758e+00,9.216357359419275781e-06,1.696537130608754662e+00,3.042261617974351476e-03
1.900254475150342959e+00,1.214324243086929638e-05,1.012707941321375094e+00,4.773436030892696212e-03
1.219093595125673613e+00,1.235385204478226849e-05,1.562674458858889004e+00,3.104455691328925418e-03
1.417337906027249517e+00,1.010579599188738586e-05,1.430489722046881074e+00,3.164314152515180275e-03
1.674946143849257663e+00,6.026275932406096130e-06,1.564322476034254672e+00,2.540164180937233649e-03
1.078935825902988643e+00,1.421602014018698732e-05,1.851918252564137113e+00,2.877901436604602282e-03
1.981285881583646269e+00,6.606923990892229142e-06,1.363840742927633798e+00,3.098071221515305649e-03
1.068482715631185131e+00,1.164922526775609513e-05,1.129466076880778269e+00,3.319675831022805921e-03
1.871991525506976117e+00,1.277261328613425772e-05,1.186707450155197741e+00,4.488693859466988227e-03
1.334516904462991871e+00,8.944377694867183912e-06,1.948350804816894932e+00,2.475161419521328728e-03
1.888907991579748202e+00,6.165910929454612598e-06,1.570975382726808700e+00,2.722822530257012520e-03
1.110982580391322694e+00,5.281095215612332229e-06,1.332405107260667076e+00,2.098444460453710407e-03
1.885082332365895841e+00,1.071458277155681760e-05,1.720026747730948991e+00,3.426771871415208552e-03
1.594995548071976632e+00,9.441256105984503050e-06,1.644137045675397868e+00,3.026395060141604670e-03
1.685672962659765739e+00,1.372464408632929751e-05,1.700112749232841614e+00,3.688912414126123071e-03
1.292954760219793275e+00,1.326952857744708556e-05,1.576005899437834978e+00,3.299441953751362355e-03
1.533715808977100803e+00,1.051451376991114419e-05,1.710074063055152305e+00,3.070856935660034540e-03
1.430225021852642220e+00,1.186610198644050371e-05,1.789690339442191913e+00,3.079408309290062370e-03
1.813435325362567241e+00,1.317513091106615526e-05,1.824409364129700784e+00,3.618823142346436032e-03
1.269413426167376180e+00,1.482271862204791028e-05,1.769361979783593997e+00,3.261047543485803227e-03
1.356954870254208689e+00,5.931913352456520325e-06,1.290743268059957760e+00,2.497239334981874760e-03
1.485778437984058176e+00,1.238081476091222090e-05,1.807452709668544433e+00,3.190201883030453593e-03
1.934288966538789456e+00,6.352681873586380544e-06,1.149877109420688548e+00,3.268989433078144449e-03
1.286949924130669221e+00,6.148101862559787803e-06,1.729222510346853925e+00,2.139074503848830636e-03
1.135011354167531739e+00,8.072888554784947990e-06,1.426589242426070436e+00,2.534341348057068261e-03
1.553198868096721696e+00,9.651561100408284256e-06,1.075041816872097433e+00,3.734217724632476164e-03
1.258659746106457256e+00,1.216575602171287572e-05,1.789577966993339597e+00,2.925151814467172057e-03
1.855217296466330046e+00,1.311791293552698009e-05,1.257441249151868057e+00,4.399323645675552209e-03
1.253149724097378570e+00,6.544824098788927718e-06,1.889740192486809800e+00,2.083288520397820736e-03
1.418174660707820944e+00,1.404414549037426107e-05,1.146559975608677950e+00,4.167869688699829198e-03
1.277694537373956774e+00,1.114831021061986383e-05,1.589275732951044073e+00,2.993769884718415573e-03
1.302013724262467642e+00,6.882347768598974061e-06,1.011237213838946714e+00,2.976799378317697073e-03
1.300230347378140694e+00,1.061760858568172421e-05,1.766771007711181785e+00,2.795331848994291827e-03
1.101936718798628423e+00,6.458021693174025951e-06,1.435445972490017930e+00,2.226561276193902983e-03
1.774223701562083200e+00,1.459848497589691333e-05,1.454914833965067711e+00,4.219289219719993267e-03
1.272140715888539608e+00,1.213988835177425609e-05,1.905825705086434674e+00,2.846645145148124067e-03
1.074647408663498505e+00,9.039667999120884831e-06,1.792166671878174800e+00,2.328198685794342394e-03
1.180974017248846319e+00,8.537193960854676025e-06,1.192792829811077482e+00,2.907336065358549684e-03
1.613638256214067201e+00,1.287963837258253438e-05,1.288248010319120063e+00,4.016568567465071335e-03
1.901101060396218179e+00,9.741173877763214812e-06,1.181924248596924354e+00,3.958343038317503268e-03
1.525944293886491110e+00,6.294915616075224541e-06,1.868600458691056065e+00,2.267284769097880487e-03
1.456236082871066984e+00,1.237541054945461377e-05,1.761671790383885217e+00,3.198403128757676666e-03
1.370583258789441761e+00,7.148487564314271703e-06,1.240087733373349099e+00,2.810823582626903374e-03
1.642464771386445532e+00,7.194174739570443269e-06,1.280459246723336886e+00,3.037775270973959354e-03
1.619955819774180128e+00,1.322446125620049549e-05,1.964391376588041638e+00,3.302376384974154647e-03
1.438898289261651531e+00,7.840980344181287744e-06,1.015355671716538177e+00,3.333428399793130284e-03
1.249321352022479292e+00,1.078820291233219942e-05,1.360187276359239306e+00,3.147837323580933867e-03
1.470643078655144542e+00,1.354070012849606765e-05,1.500289797690244953e+00,3.643230288502174747e-03
1.428959960685700636e+00,9.455934186404233439e-06,1.366451516970200508e+00,3.144598021964852431e-03
1.518575024458533651e+00,1.356848627792123628e-05,1.579779728950867046e+00,3.611482858817201443e-03
1.184808487385582421e+00,9.121101481548295843e-06,1.833085973344053432e+00,2.428042616087518289e-03
1.071048472343807845e+00,1.437173037086261732e-05,1.137990977981930163e+00,3.677813341956097382e-03
1.139888636644770692e+00,8.497856288049713451e-06,1.644831400042518599e+00,2.426750954869968339e-03
1.671070106503097508e+00,1.237735290965865158e-05,1.656889324040522249e+00,3.533169496305082601e-03
1.756120219769925939e+00,8.308937729033443549e-06,1.706584189833983078e+00,2.924058215499477850e-03
1.669657133469351296e+00,5.445382186685954342e-06,1.420539511868568194e+00,2.529887287841306107e-03
1.903960637742590389e+00,1.479225185693507406e-05,1.345159078967204325e+00,4.575718572447547150e-03
1.492716880630724940e+00,8.032262139362151621e-06,1.773199635766869342e+00,2.600332249407771249e-03
1.528159659768777434e+00,1.106895209636928022e-05,1.151119291356775154e+00,3.833340992466246090e-03
1.897179256166981798e+00,1.160103958027562746e-05,1.411629719428768581e+00,3.948591819290952348e-03
1.015244535660975167e+00,8.768026919842722904e-06,1.487850833255620397e+00,2.446000668126032188e-03
1.307111327357177943e+00,7.121597017144581122e-06,1.192905001756348504e+00,2.793457426207223652e-03
1.279758660543150128e+00,1.299230211525815811e-05,1.461533001484838667e+00,3.372894684386181386e-03
1.792859505213880489e+00,8.193077141462943680e-06,1.464733639901667939e+00,3.166775840602232932e-03
1.688017961681023582e+00,8.392830256993139343e-06,1.315153112979992489e+00,3.282121038373925388e-03
1.302684805319306971e+00,1.178582317296287876e-05,1.436360696603997678e+00,3.269398640892821634e-03
1.130998199612313071e+00,9.775498886009655568e-06,1.653272437127570660e+00,2.585998147224513773e-03
1.755045603112723063e+00,1.206617659282279043e-05,1.808443848616813732e+00,3.421972594117197401e-03
1.492872323019178715e+00,9.439164159054573789e-06,1.797406941397434954e+00,2.799979782799609171e-03
1.708507381653997514e+00,9.074450506802325629e-06,1.887252080761534945e+00,2.866181189702316119e-03
1.518084080642938538e+00,5.468194637075201633e-06,1.890817070766237507e+00,2.095294813897685942e-03
1.431391733553653456e+00,1.129476521005324582e-05,1.046376913981365453e+00,3.930735141744646707e-03
1.435520579608462466e+00,9.886472117578426613e-06,1.314665608169015343e+00,3.285623026135934231e-03
1.731933979189621553e+00,1.271388155324373526e-05,1.825101544654958774e+00,3.473451431591592555e-03
1.529976511276206264e+00,1.011619674082825703e-05,1.450718538945358738e+00,3.266325299006014871e-03
1.703113903494516190e+00,1.385459977823628590e-05,1.289875437480596521e+00,4.277056163384381979e-03
1.716756917227079349e+00,8.874098892985123125e-06,1.753004978980385875e+00,2.947982901557599442e-03
1.958616954479774463e+00,8.688293346054834902e-06,1.163674408466198074e+00,3.824073675956775244e-03
1.167055020385243447e+00,9.536500380492374520e-06,1.759078839278891637e+00,2.515344815573913612e-03
1.636874922769245622e+00,8.241394335344213732e-06,1.088712090645271857e+00,3.520072205646655912e-03
1.242782725658392984e+00,1.246700043613695392e-05,1.356856632521888040e+00,3.379182212134583876e-03
1.292395433992116871e+00,1.006784995930038080e-05,1.127705800511580758e+00,3.396785849949967000e-03
1.728293458404698946e+00,1.025005726264758262e-05,1.702169473666296007e+00,3.226045512326335737e-03
1.251792271974588200e+00,8.243257515003536855e-06,1.870037045509851170e+00,2.349040267833405349e-03
1.217754571447641432e+00,1.183707512574832312e-05,1.086085380142497447e+00,3.643091695389063384e-03
1.797239688121828216e+00,8.322463439187732551e-06,1.916826012612235397e+00,2.793428765530743541e-03
1.330626411760274852e+00,9.709785745265821853e-06,1.459465691572212176e+00,2.975335527926357103e-03
1.782147733193473416e+00,7.811939473075082746e-06,1.227018673164475882e+00,3.368415833484060887e-03
1.058420593002609600e+00,1.166793246959848941e-05,1.588920592539675658e+00,2.787885911540764240e-03
1.609826412576200294e+00,1.121630164044733133e-05,1.490146401324639491e+00,3.480966913060616966e-03
1.798713565568345496e+00,1.058486976286481077e-05,1.023180050901830729e+00,4.313678088219865051e-03
1.903200379295957756e+00,9.570821225444289254e-06,1.456475015622428870e+00,3.536432232496220570e-03
1.795846033107141082e+00,5.990357821714348258e-06,1.012975218520013598e+00,3.258828620491157225e-03
1.254176490756088391e+00,1.419097690683719469e-05,1.588493595970174477e+00,3.347285378046792846e-03
1.979069550663071109e+00,1.156413682931756158e-05,1.882921800065193274e+00,3.486350104737539861e-03
1.238279016044570469e+00,1.016788870687743295e-05,1.471750261948645999e+00,2.924876868045429238e-03
1.321777151564280217e+00,7.128749184203181754e-06,1.125697950833612238e+00,2.893175973653584841e-03
1.038262816617255613e+00,6.132194826740354227e-06,1.945613111887172675e+00,1.808978396772018167e-03
1.025620280230547410e+00,1.360615243658575558e-05,1.000737009106628772e+00,3.734229328050226240e-03
1.377837313230933614e+00,9.434613057456919734e-06,1.566215388351908988e+00,2.880947035272794256e-03
1.193298337060293868e+00,1.457442648050581089e-05,1.137269620044508045e+00,3.910556235611335058e-03
1.436521240399526667e+00,8.541489653166989932e-06,1.167547688996172894e+00,3.241794799449639834e-03
1.721683144100200513e+00,9.350533290053241039e-06,1.041435228057627782e+00,3.931684605679242397e-03
1.333436008200274747e+00,6.437050815570882999e-06,1.422938947873702897e+00,2.456045593640005225e-03
1.409352727540122974e+00,7.783632214727717843e-06,1.442882782906461880e+00,2.757309251214285373e-03
1.156133717359310475e+00,1.007027759036130464e-05,1.916400048284605084e+00,2.464799902169622151e-03
1.962188272016377022e+00,1.197192558510609898e-05,1.593420511905813353e+00,3.839610232665479142e-03
1.488696562913647492e+00,6.981413276606292701e-06,1.743893596218032860e+00,2.441264159110121627e-03
1.525794161819431505e+00,1.351252395494167795e-05,1.986825983573022425e+00,3.221338012009258844e-03
1.100762827848792202e+00,5.751822032541426017e-06,1.821173059002439309e+00,1.864549807529260542e-03
1.939444634357422093e+00,1.348699178593115174e-05,1.898856391936447618e+00,3.711506104516950049e-03
1.151129653367406691e+00,8.972574572790047062e-06,1.024931440480670641e+00,3.174484794967327196e-03
1.175823238929203596e+00,9.280496525101327495e-06,1.328171669390664444e+00,2.866351981805324595e-03
1.339778239387158454e+00,5.417654960959994018e-06,1.720392382122258867e+00,2.054037535249037243e-03
1.986288380381417973e+00,7.040472285840680117e-06,1.540621990863358270e+00,3.012825658317690083e-03
1.282164917280487870e+00,9.752044954831616303e-06,1.265491054617262190e+00,3.143331988845698977e-03
1.463129131275558326e+00,5.502685544542231454e-06,1.977552681719568550e+00,2.017737406691050110e-03
1.473549332261312017e+00,1.299684050506903963e-05,1.139016157178597055e+00,4.100495053517438752e-03
1.489856814531962170e+00,1.017356984464414714e-05,1.845267248529110393e+00,2.866020645857090404e-03
1.714037892956546738e+00,5.406032797829409431e-06,1.366066818456791454e+00,2.604435319131768751e-03
1.051202860041959619e+00,5.548002955578039736e-06,1.323568241112109245e+00,2.099125671454087939e-03
1.248780108623770868e+00,1.298163530364910442e-05,1.504842568915797152e+00,3.282178182582488803e-03
1.848217338410749866e+00,7.285176401021391379e-06,1.917904911857950312e+00,2.649616504898359703e-03
1.855935571752249658e+00,1.126220419939264638e-05,1.672583565494418334e+00,3.535079898549231547e-03
1.490665177048898782e+00,1.375148141343478941e-05,1.302371726318352740e+00,3.967320775005837158e-03
1.262233523650269529e+00,1.357945159748318723e-05,1.491245047454124117e+00,3.390286995288684102e-03
1.817524257596190296e+00,1.259268688810766596e-05,1.864592276128344661e+00,3.503542337629390706e-03
1.737812831106962053e+00,6.926464789201646093e-06,1.681338088714199763e+00,2.675652996466976359e-03
1.124316674653914827e+00,7.442006245725558851e-06,1.584341535173878768e+00,2.298078909320942168e-03
1.601457711692677144e+00,1.454527927435097349e-05,1.139877063505993826e+00,4.520534231172520893e-03
1.191754863968528699e+00,5.155471846320717763e-06,1.057103177294665297e+00,2.410843323438972841e-03
1.130776504574283248e+00,1.115027847161365603e-05,1.637761574521433339e+00,2.774635293526500103e-03
1.577480919087887123e+00,1.456272562724121659e-05,1.831474871440284868e+00,3.541627725187436893e-03
1.618006629945528019e+00,1.258259858310476026e-05,1.761201689062518172e+00,3.399936239781064466e-03
1.156096496700869558e+00,8.731654525123612470e-06,1.440302969314611659e+00,2.647392819841952721e-03
1.665492391316259813e+00,5.410348317753415835e-06,1.661589307371805546e+00,2.328745855748718535e-03
1.274574419039700146e+00,7.006298634185646824e-06,1.167058375654497882e+00,2.766181238043287707e-03
1.592456542078695580e+00,1.178508962478543384e-05,1.206369223989631756e+00,3.944210772030097047e-03
1.422547875210833812e+00,6.021743485327519229e-06,1.971447973970064549e+00,2.084500055680851404e-03
1.915306907297679828e+00,1.304212371987384513e-05,1.575751984751448953e+00,3.981524696304906269e-03
1.691752846660516063e+00,8.538469347162319835e-06,1.826335869727583106e+00,2.812342081778249330e-03
1.716122158776757889e+00,5.841682039032946273e-06,1.545590060123270826e+00,2.546806202338728221e-03
1.773691513346578486e+00,1.097701846408836180e-05,1.106962557003731584e+00,4.193868180469617450e-03
1.909755976304884584e+00,1.453150714014136109e-05,1.644113310844462106e+00,4.108453689634781331e-03
1.981706096198839750e+00,1.406795922138737444e-05,1.709195746835898699e+00,4.038678396947411112e-03
1.169119857506530025e+00,7.566601532209451506e-06,1.915203490862315228e+00,2.149178504458952327e-03
1.776589848096603586e+00,6.973392346626318174e-06,1.992408595119230963e+00,2.493597966726394857e-03
1.276156107353872082e+00,1.294610240745228041e-05,1.727658164266910656e+00,3.092377553797950526e-03
1.101062483958446414e+00,1.306456586937730150e-05,1.690489841071588284e+00,2.917072287859216219e-03
1.251390959998511132e+00,1.213601023571853329e-05,1.826427310890661682e+00,2.883588450470665407e-03
1.487669427561364444e+00,7.742439986638436446e-06,1.166003207767246419e+00,3.142984724845462007e-03
1.000706294058925527e+00,6.700832311337552233e-06,1.874160521764137943e+00,1.891534634990837092e-03
1.130310094181996572e+00,1.455254410486582343e-05,1.714282343947836518e+00,3.097612506133396500e-03
1.601057956642211177e+00,7.673133474636104323e-06,1.124422962205943177e+00,3.305407818953844633e-03
1.669207183146031337e+00,6.935045199815276669e-06,1.465075847039367218e+00,2.810927964486746068e-03
1.522194776510930936e+00,6.146272758595628901e-06,1.555971334254134364e+00,2.452111603930798907e-03
1.059530689110584234e+00,1.493574341311895544e-05,1.852088689464371551e+00,2.923070584210946815e-03
1.266191904346030572e+00,7.390813603888808544e-06,1.068159187732857340e+00,2.959905875432295320e-03
1.974076508276908726e+00,1.363400338358706956e-05,1.189802187278669043e+00,4.756158371683330728e-03
1.532782756745336705e+00,6.007587997124917306e-06,1.543475406630594016e+00,2.442533430557045516e-03
1.854315574040753312e+00,9.823129935824302691e-06,1.180669352252228244e+00,3.927829452306374515e-03
1.986868061181786604e+00,1.377658100262244879e-05,1.675828853624818926e+00,4.041479753911736590e-03
1.980682649086602076e+00,1.338918070131990131e-05,1.054380496697883807e+00,5.015171259325464440e-03
1.673553284493563664e+00,6.130941092626465161e-06,1.864938098832860103e+00,2.345584771169812854e-03
1.598717262140293194e+00,5.770283103553140312e-06,1.832074627412402901e+00,2.243948124220322780e-03
1.043141799795081592e+00,6.565071950147338989e-06,1.405745270385890811e+00,2.207181786661105947e-03
1.050817567023245580e+00,6.228507817998930983e-06,1.788628808528102576e+00,1.912914497054638919e-03
1.368071448208531216e+00,1.337498343332222848e-05,1.281969702037425440e+00,3.778001581449621539e-03
1.574314534675400612e+00,5.065187574867057908e-06,1.235302478835373474e+00,2.540720328939088859e-03
1.009370076682689188e+00,8.230018826410591892e-06,1.671696566345556079e+00,2.229189054528851830e-03
1.600264187488228629e+00,6.414376564392551548e-06,1.375217117948137835e+00,2.732042395599888849e-03
1.699369444274920316e+00,9.097379500400445935e-06,1.022250285761517219e+00,3.888870113527304311e-03
1.222943822822953885e+00,9.088788144404972696e-06,1.545689240714066326e+00,2.681607132546173604e-03
1.523184606935719776e+00,9.593605261197431797e-06,1.874724881989196623e+00,2.791890762770915871e-03
1.009222615116780686e+00,9.410747373524710823e-06,1.836978015010644727e+00,2.273806822035412140e-03
1.026843464969552144e+00,1.030420784575155363e-05,1.291972626255609491e+00,2.861757112165548480e-03
1.524498920520077849e+00,1.393755334411416684e-05,1.865130964597193408e+00,3.375220621456719375e-03
1.716734082692354502e+00,1.155305873207804836e-05,1.999948375801142486e+00,3.149130169027620878e-03
1.106793934431940185e+00,9.801071558564419150e-06,1.054875203382731552e+00,3.206783374995576634e-03
1.328449055314627758e+00,1.237807847947143872e-05,1.625335392936585022e+00,3.180735615527175743e-03
1.006803232020141881e+00,1.237981292688455325e-05,1.388488340577114011e+00,2.996113234146095209e-03
1.335580173023936945e+00,1.445533359381619216e-05,1.820751360530520113e+00,3.256294827285931455e-03
1.078561581272100334e+00,1.261719947620438512e-05,1.071687331097809004e+00,3.563443764635201415e-03
1.458830351019624327e+00,1.301958517803430320e-05,1.871862503547999657e+00,3.185400151375327761e-03
1.972841267937463172e+00,6.099419166791654633e-06,1.982862527010340159e+00,2.463451460144036771e-03
1.888453592442961071e+00,1.077234651039521088e-05,1.872853878943746331e+00,3.295765994219435925e-03
1.855774397811287946e+00,1.182421957326147650e-05,1.947435335610073315e+00,3.356736952138938794e-03
1.688690438173402697e+00,7.354854824812490210e-06,1.049564985813261409e+00,3.439991801783997150e-03
1.500439281164005489e+00,1.226733855702603298e-05,1.688611723345447846e+00,3.301562235256827547e-03
1.148912537014862956e+00,8.146546385061279310e-06,1.304268835183667763e+00,2.678839493439979114e-03
1.899294273244137576e+00,1.037029693220123633e-05,1.898640038600662328e+00,3.220849319045304519e-03
1.686725356169968881e+00,1.218496767425686662e-05,1.062997613841623057e+00,4.397119136834054184e-03
1.725158048202060979e+00,1.402138119743269958e-05,1.126034862013983506e+00,4.634831226960465893e-03
1.244863942402008483e+00,5.667475633728589331e-06,1.034015121965140782e+00,2.612115219550783293e-03
1.506835323900731272e+00,1.407576190302807105e-05,1.846496065117543939e+00,3.389180188100088340e-03
1.779909460526538201e+00,1.468100889298061109e-05,1.921386154570920768e+00,3.687818835493287661e-03
1.866599222032210736e+00,1.374788493911265603e-05,1.883823084605583675e+00,3.690824776394946698e-03
1.566191671637588545e+00,1.073902459414385337e-05,1.995013433279559933e+00,2.903567732697674795e-03
1.082275332354921904e+00,6.595332749378454622e-06,1.452730959854063864e+00,2.216637314059775182e-03
1.354938712631644115e+00,1.091675651928270292e-05,1.352582417637486323e+00,3.306928225312868400e-03
1.964892306306949887e+00,6.504980477337848186e-06,1.744962471826622341e+00,2.706445768825440409e-03
1.851794104656903084e+00,1.137411860686200258e-05,1.824951409727608276e+00,3.397266151696224940e-03
1.988071294819286905e+00,8.449838517755172898e-06,1.372617966326884709e+00,3.498366797074028024e-03
1.558704924250485790e+00,1.077301909429376293e-05,1.152123307080907155e+00,3.817694632334003683e-03
1.495265790314337817e+00,1.371066642948234456e-05,1.905287111237221387e+00,3.280259986430631835e-03
1.765580492505429699e+00,1.217985973771669576e-05,1.733886263411250184e+00,3.521718197315538111e-03
1.074548023711461298e+00,1.318891104406217125e-05,1.566124873878396162e+00,3.008182571582382857e-03
1.550725114075056865e+00,1.326115509758113431e-05,1.810342970747668367e+00,3.370370597050862012e-03
1.640952518699649865e+00,6.166058682520896433e-06,1.032326035062162806e+00,3.130713990813034295e-03
1.665872727102956974e+00,1.142971292079230306e-05,1.361428575205276825e+00,3.739737673432092565e-03
1.067590029063009371e+00,1.419300002409555080e-05,1.986166224489376297e+00,2.762050152453396964e-03
1.208334350573782690e+00,1.160786881296022218e-05,1.229563086166171715e+00,3.377492539264062826e-03
1.400092589389466902e+00,1.172659119593570631e-05,1.333636971841991148e+00,3.508693705570056602e-03
1.235897700987087289e+00,1.012145165365877845e-05,1.026219713131253819e+00,3.491342766012164867e-03
1.157209730622875021e+00,9.248775094382750408e-06,1.635820302790925940e+00,2.557881086824707710e-03
1.528962222172268071e+00,1.426817381695403430e-05,1.571318836617259906e+00,3.726064897047868998e-03
1.118218057189451997e+00,9.166292636748546506e-06,1.062832210478625194e+00,3.105472985630183119e-03
1.740139464292642213e+00,1.438281941769496786e-05,1.641839724320766969e+00,3.904349280850488799e-03
1.232607351900536496e+00,1.087619724928306806e-05,1.364623672860707959e+00,3.134328156260873625e-03
1.489052724986149379e+00,7.191225288040736468e-06,1.667560410553061923e+00,2.534053018633707945e-03
1.462945630706542710e+00,8.479082388383212861e-06,1.578756777186848925e+00,2.803050400783472021e-03
1.972196325329651723e+00,7.180846126490728285e-06,1.318545001603657285e+00,3.277294012751856903e-03
1.787159383904174614e+00,1.249825539418041465e-05,1.110258684509563665e+00,4.485328450301430056e-03
1.344518374759283486e+00,5.056609083624021900e-06,1.088340095305638577e+00,2.499371115848590067e-03
1.026618189998883768e+00,6.810738799843640259e-06,1.605743307571719569e+00,2.086716882065693668e-03
1.263066399111243854e+00,9.854411714788164977e-06,1.497644394527859912e+00,2.882863567937776501e-03
1.725103392395687552e+00,5.484129953171237301e-06,1.968642004142945989e+00,2.192189330440443007e-03
1.868921756656801048e+00,5.023936563239369022e-06,1.764094450495025779e+00,2.307048457075500190e-03
1.305023628662396185e+00,1.064952424114785681e-05,1.992629668844672075e+00,2.640954959672819988e-03
1.659008894047440563e+00,1.000023085257752494e-05,1.485005252330986902e+00,3.342453508002084413e-03
1.816886179938411505e+00,1.175947901886183372e-05,1.851429656590426021e+00,3.397068415803556132e-03
1.989827477899061225e+00,6.660998530627588532e-06,1.444145307545391166e+00,3.029506817268802065e-03
1.137656727302946535e+00,8.282734426113025179e-06,1.539515026692485078e+00,2.474004708196283868e-03
1.218373322106836021e+00,5.427323342148494911e-06,1.568162088768984663e+00,2.053466221993921394e-03
1.813117381404811379e+00,1.392472247087675135e-05,1.988076921712651046e+00,3.563605682304460398e-03
1.898392178554694443e+00,5.549898285232271289e-06,1.178054947299548516e+00,2.990561280463552643e-03
1.767291420563325666e+00,6.975511012529821745e-06,1.878968156827722780e+00,2.561429393118163506e-03
1.027241770421148059e+00,1.372818664773265435e-05,1.691292624137231471e+00,2.887576810892463625e-03
1.119645630149534998e+00,1.442126664056736935e-05,1.788198544809620927e+00,3.004928408562137273e-03
1.501038259204121150e+00,1.343135482841943790e-05,1.169542798896607838e+00,4.151908104116802146e-03
1.900204794715786516e+00,8.297156826103029519e-06,1.455553158772162181e+00,3.291173812100483317e-03
1.420494946435084671e+00,9.133027822640066347e-06,1.065440711909718008e+00,3.489495101245485530e-03
1.848634496642318492e+00,6.398327516894140343e-06,1.522597153036541417e+00,2.787187934129178955e-03
1.499259666736231011e+00,6.391087123319669046e-06,1.038537648001457869e+00,3.037488731239054631e-03
1.083494599689901694e+00,8.194436800990220830e-06,1.879826140540755475e+00,2.173272018270046031e-03
1.703233922586139704e+00,9.055281083626276286e-06,1.310019187148376840e+00,3.431225720050929025e-03
1.692526802489132676e+00,1.318269878051341656e-05,1.334503147473807605e+00,4.088934376119398445e-03
1.534623033327717989e+00,1.256447314735793309e-05,1.603062554854657318e+00,3.468149119593199291e-03
1.876844075067725770e+00,6.254450773758850938e-06,1.513404608900821735e+00,2.785038223666052356e-03
1.812823831189629420e+00,1.144758540369890550e-05,1.269795473578193779e+00,4.042665978850939514e-03
1.229301305836266289e+00,1.160608990994824096e-05,1.772301478340739145e+00,2.837287449004882289e-03
1.075295903174310563e+00,7.488208837107022950e-06,1.947931810980176204e+00,2.033134427987083517e-03
1.963896909594328610e+00,8.323596129460110899e-06,1.160499045645771554e+00,3.753119989844355860e-03
1.839918587711909082e+00,1.081034892670796485e-05,1.479774501057521618e+00,3.666244206355563640e-03
1.159909063621816561e+00,8.046846799125642743e-06,1.837824489125659877e+00,2.253579173388092424e-03
1.588312978766656780e+00,6.102247026043509446e-06,1.586883907683859229e+00,2.471384716164618574e-03
1.961811761052711045e+00,6.492207798885415383e-06,1.670824769574832391e+00,2.760955586013883085e-03
1.794622143405789405e+00,1.368714201064887925e-05,1.647570673379717299e+00,3.861187319202232654e-03
1.018080823759508924e+00,6.995459440622731444e-06,1.441704705287621291e+00,2.222598885150544549e-03
1.824067721558602084e+00,1.267451081071073728e-05,1.441863473685444763e+00,4.004276073472330839e-03
1.189449133176421425e+00,1.221693864831441555e-05,1.586170348441322320e+00,3.026768600919882857e-03
1.121387600358881187e+00,1.391840446218494700e-05,1.107316428018449095e+00,3.754367049680241465e-03
1.009995462985727510e+00,9.596607635345588179e-06,1.823280758858749184e+00,2.305641637024953387e-03
1.638772742996111198e+00,9.968724676133452681e-06,1.892811738699301083e+00,2.937821848642865365e-03
1.501211218886461030e+00,1.376619864504431218e-05,1.944714495165296375e+00,3.259867822047814428e-03
1.140875379859425554e+00,9.723536855856531279e-06,1.163701585532920468e+00,3.087524577559371767e-03
1.748134265370635987e+00,8.469427829358548845e-06,1.906854939053955089e+00,2.786477884670646079e-03
1.291422282239873986e+00,1.092708223979879316e-05,1.207631789152856294e+00,3.418369266675916254e-03
1.571881811628661474e+00,1.023194441273244293e-05,1.399162066476252964e+00,3.390431850854127346e-03
1.865901299641787414e+00,8.243324698003827677e-06,1.234101421482949323e+00,3.530369079117559074e-03
1.140660303027270839e+00,1.196672931894059787e-05,1.964385273561879641e+00,2.636043439676375843e-03
1.390326997674480314e+00,9.338751080490129529e-06,1.349618384724449172e+00,3.101682823676522958e-03
1.295682314940790780e+00,9.805169109667280925e-06,1.297930353671541637e+00,3.128607738325580191e-03
1.790199033152709784e+00,1.333752728687796307e-05,1.673125028624071087e+00,3.777670907691097965e-03
1.729295915146967566e+00,8.187960562528348745e-06,1.951349600111463189e+00,2.693735731178589516e-03
1.925820955240792998e+00,5.942863050183370667e-06,1.303376689939322208e+00,2.963267380469133093e-03
1.287520419166868546e+00,1.224525573027088158e-05,1.457407697054647233e+00,3.289049903740058536e-03
1.333862624613590286e+00,1.128237374746924728e-05,1.632241446385640060e+00,3.036432228016244274e-03
1.289966618859454961e+00,7.256431427961940024e-06,1.658603262831562120e+00,2.375633966282806632e-03
1.723272366799592392e+00,1.060977510243910542e-05,1.699289073076354573e+00,3.280170501611580185e-03
1.765591513615129671e+00,6.125379935096516437e-06,1.522829204520791402e+00,2.664931397665910775e-03
1.526530125327491216e+00,9.793293648910566076e-06,1.529477232316304836e+00,3.126407399032449762e-03
1.250036984632584947e+00,1.032112327280815148e-05,1.406930287434546401e+00,3.028228374129279202e-03
1.868111153891311105e+00,6.526335800448555553e-06,1.270403759096836449e+00,3.097884199559338206e-03
1.414574726321603082e+00,1.248102371014264739e-05,1.323812211613575762e+00,3.651950311215298051e-03
1.066833957732887583e+00,9.529184624591385155e-06,1.357031557116145315e+00,2.737041060312071696e-03
1.911355055016694227e+00,5.229092028745924244e-06,1.206597827977518911e+00,2.878077986659694637e-03
1.078565824655600691e+00,7.272176029315043517e-06,1.525607522744045985e+00,2.267431147533945004e-03
1.082260557115789723e+00,1.271425451175582806e-05,1.762797232722425500e+00,2.793895677877903782e-03
1.500378265869726224e+00,5.058609923119963414e-06,1.179841099975649232e+00,2.536321000372295745e-03
1.573423905350742835e+00,1.279111567229527263e-05,1.069078004148915184e+00,4.338827540723822450e-03
1.728152416887613674e+00,1.319880345471504635e-05,1.615580540869461679e+00,3.757456795425450063e-03
1.257030879959524006e+00,8.857413615860671070e-06,1.593882005887312880e+00,2.643007236273037762e-03
1.932854097671417026e+00,6.265382701521717247e-06,1.013940807432579305e+00,3.455946708418592556e-03
1.926603670532333945e+00,1.173384327266154592e-05,1.025544409713591065e+00,4.695037846353844642e-03
1.129824100123530073e+00,1.400089747802358100e-05,1.329075905363122256e+00,3.449915536929899426e-03
1.946071443865665440e+00,1.141870100013925631e-05,1.462023389757181047e+00,3.898617071837016425e-03
1.641279565166942955e+00,1.418286074054194912e-05,1.494938687498428731e+00,3.946040242091228625e-03
1.562175198888076988e+00,1.041712103068476771e-05,1.443767803933386551e+00,3.357299207436289287e-03
1.801114762942306102e+00,1.286372609134241822e-05,1.956897579884262495e+00,3.440884040431392999e-03
1.679968280019844329e+00,9.266097286375321780e-06,1.931922046605767385e+00,2.838599810276701448e-03
1.949285769411472025e+00,9.550226475280510272e-06,1.143542678821554137e+00,4.034766465160390635e-03
1.610718458528669350e+00,9.540969241554227549e-06,1.316393941972879844e+00,3.416749410783017152e-03
1.646563364204816970e+00,1.080851934064196394e-05,1.396577235422077123e+00,3.569766805220498176e-03
1.835848089237240410e+00,1.341600650300329701e-05,1.552119914853091753e+00,3.983523332964075681e-03
1.706716615189932451e+00,1.107730161568398106e-05,1.750954607678627983e+00,3.285944735357735486e-03
1.640236774443132983e+00,1.206779144582560734e-05,1.182796337262344233e+00,4.090837090252282156e-03
1.358583723373247842e+00,1.277892550879905652e-05,1.493334365939557484e+00,3.409666032185940544e-03
1.458874687001335602e+00,1.031623435362871275e-05,1.016828052879500177e+00,3.847209482591252856e-03
1.847047236680327442e+00,1.217844272886598630e-05,1.756931919422387356e+00,3.578140697965203482e-03
1.000633509104025709e+00,1.275876008267139597e-05,1.310294875641339729e+00,3.121456128688678520e-03
1.047658676771414665e+00,5.000824889716945219e-06,1.792427858740373470e+00,1.709660540537627027e-03
1.772567859092198939e+00,6.324673575453865822e-06,1.294368926284263699e+00,2.943008076307450805e-03
1.594616379374022230e+00,1.271750090829344452e-05,1.785739766567137954e+00,3.369922505698412854e-03
1.622522226737643791e+00,1.097238777774930419e-05,1.745784102384683401e+00,3.193380243434602341e-03
1.539315722169878331e+00,1.067273785742182824e-05,1.541310319192066736e+00,3.264801120288519931e-03
1.735001689001002934e+00,5.999547178659029478e-06,1.047753725845958606e+00,3.151951893266068810e-03
1.960720685896267357e+00,1.168963936446831343e-05,1.917625211071227298e+00,3.457216336329704907e-03
1.958936428170692245e+00,7.748776781532963913e-06,1.349024386114290763e+00,3.354415422811195691e-03
1.130333087322646257e+00,7.836062720849270495e-06,1.598620699993551053e+00,2.353853642769804331e-03
1.607913908733120900e+00,8.766739215140546392e-06,1.981388078737403857e+00,2.667261934395554184e-03
1.824804367866517119e+00,1.254531051720786433e-05,1.374213063533995971e+00,4.081519043728336522e-03
1.422420443499798015e+00,8.393172368338468531e-06,1.845778458384706111e+00,2.543239600296860921e-03
1.305255947416671169e+00,5.516726434694174856e-06,1.441820755751718863e+00,2.234770491001938399e-03
1.104806414133162384e+00,7.733617146055739107e-06,1.155103176159299361e+00,2.719719021426758154e-03
1.579288896203784098e+00,1.316479476509192859e-05,1.021057260973697201e+00,4.512454007194699641e-03
1.077695538949239307e+00,1.097570906300863651e-05,1.868525476184625500e+00,2.516024258237160773e-03
1.371301672940210548e+00,1.388339707877354068e-05,1.390519746237857124e+00,3.700205081369641741e-03
1.192526819587663489e+00,1.260678981324866128e-05,1.034908460749656589e+00,3.811407329561593890e-03
1.051292849045033950e+00,1.280193407926729463e-05,1.446392288681834781e+00,3.050398646601333846e-03
1.636138302186822990e+00,9.009462287285371310e-06,1.804977950757771676e+00,2.857745115792558778e-03
1.973609692314374442e+00,5.455055810066656496e-06,1.858991081723978755e+00,2.406531665573286970e-03
1.057535662078679106e+00,1.362240185641283726e-05,1.091245990723356485e+00,3.633398428765378160e-03
1.485269691532687730e+00,8.712761574118193692e-06,1.800218747106903550e+00,2.681130383576946566e-03
1.471864157183651267e+00,7.263178238055877301e-06,1.666013475168761193e+00,2.533132814139587782e-03
1.602115322741879844e+00,1.074074957450682129e-05,1.759742991296855408e+00,3.127084093273549067e-03
1.303176356312751416e+00,5.694582795006732247e-06,1.757754562268964538e+00,2.054723721704313985e-03
1.973910162357727760e+00,7.081328312827318752e-06,1.126749239608925590e+00,3.522146529782329855e-03
1.069120494996564252e+00,1.019094858451154201e-05,1.071247798543049967e+00,3.189155250486611862e-03
1.588695668498962821e+00,1.032467746719204705e-05,1.081856343217690419e+00,3.893801469025391562e-03
1.388801828023478846e+00,1.454312395552882417e-05,1.549390550018364676e+00,3.610509908728353444e-03
1.625996495956572474e+00,1.354197095738780609e-05,1.794071568400565031e+00,3.503328481327779714e-03
1.162684183959016071e+00,7.032168160849543447e-06,1.958950612693444615e+00,2.042978341916106954e-03
1.292056644062029580e+00,7.517004078593046685e-06,1.614911767762161166e+00,2.452385672262727759e-03
1.692035770615234025e+00,1.352210016089855398e-05,1.479646296494906865e+00,3.932311275246373403e-03
1.520073149619085795e+00,1.142128888184603433e-05,1.880702270992902214e+00,3.038293871262679260e-03
1.524531029501737134e+00,6.382068694721176980e-06,1.482668586039615377e+00,2.561691506350296382e-03
1.832936677750926169e+00,1.453189044083012002e-05,1.749135148838888210e+00,3.902322022361875975e-03
1.709640296261261128e+00,1.474942149225553736e-05,1.147403963761431278e+00,4.687936206570346952e-03
1.482947258456934314e+00,7.128285978729980368e-06,1.848214829472996090e+00,2.391548456845343090e-03
1.910301984706509471e+00,9.280072780542798441e-06,1.058497267699241684e+00,4.092435411476810260e-03
1.743994609863304124e+00,1.169073306171005005e-05,1.470336608487199825e+00,3.723788925931629558e-03
1.561110582234631394e+00,5.687538206795081945e-06,1.941230048557891497e+00,2.138653834705513818e-03
1.319451540595478534e+00,7.847361556307409769e-06,1.592607946792444107e+00,2.549788243448253191e-03
1.297490518684599525e+00,1.246244626408955214e-05,1.384667964755215586e+00,3.417282822449412612e-03
1.666474123670216301e+00,9.393899883678203679e-06,1.095977841275354914e+00,3.779386993430347997e-03
1.650136154510072783e+00,8.635118177673926411e-06,1.076712641903571299e+00,3.637844461516324176e-03
1.826418901618420243e+00,1.101420630264088093e-05,1.193096612182890759e+00,4.106189552367419705e-03
1.964662343644596909e+00,1.486883361742005478e-05,1.729367268252385959e+00,4.109971345763452182e-03
1.875031764381043242e+00,7.335593274260065024e-06,1.153772187386753467e+00,3.452724318517473145e-03
1.213046453732486984e+00,8.817739868773637193e-06,1.696066265801130957e+00,2.511284692594239251e-03
1.929653410672678149e+00,7.411886790642997819e-06,1.141580022478927425e+00,3.539572924060879842e-03
1.390307577751237700e+00,1.326087372238001427e-05,1.024732652717384562e+00,4.241663647241463234e-03
1.950374471683269384e+00,7.893051474795672066e-06,1.885818951266672983e+00,2.857139672468187331e-03
1.677247443494229717e+00,1.274233517143431927e-05,1.658379649359685626e+00,3.589889672431139170e-03
1.280623327470550965e+00,1.494734311122727018e-05,1.829012019228693386e+00,3.235075542897577171e-03
1.961725156637782241e+00,1.394666564595971672e-05,1.118381809857350806e+00,4.946058263826763959e-03
1.282015508059274556e+00,7.963945018476031385e-06,1.069504933119294732e+00,3.089721748326118653e-03
1.151824838422183639e+00,1.382208984959374903e-05,1.701605042051617778e+00,3.058797269193357093e-03
1.340556693915286868e+00,1.076900438956605039e-05,1.788845738177802014e+00,2.840821358247692247e-03
1.936078070665661954e+00,1.218637216932651687e-05,1.832579566936766824e+00,3.588122252014609714e-03
1.953596832835873043e+00,8.821157262902133822e-06,1.009622722475255197e+00,4.131432822879145018e-03
1.627401141201436419e+00,7.755555373128432769e-06,1.476579423268136626e+00,2.923649818347396744e-03
1.988041661004824823e+00,1.468971139581635435e-05,1.965651754094488002e+00,3.854482543607417981e-03
1.864701153744052320e+00,9.295869411974391457e-06,1.773284943734765751e+00,3.126513897677405968e-03
1.907403061583680781e+00,6.909422948753805212e-06,1.494249035366697509e+00,2.969823467240069025e-03
1.091093922815999484e+00,8.033032116027804737e-06,1.431884484783830791e+00,2.474097602346666223e-03
1.053962141262182461e+00,8.982276236533599567e-06,1.551303815946416087e+00,2.470343117716238077e-03
1.469531579019270007e+00,1.379550638685062645e-05,1.961435538206554030e+00,3.214928102616119738e-03
1.358284413614353259e+00,8.495932378095990618e-06,1.897326672415329707e+00,2.466208703574322182e-03
1.444586914188670912e+00,1.303923670825482244e-05,1.748464613842478865e+00,3.282233692724846521e-03
1.430635704440967881e+00,1.158923194283611636e-05,1.523237131079834494e+00,3.299195857513201064e-03
1.516096517205461014e+00,5.127789147556646306e-06,1.765717084275817639e+00,2.098301760183196238e-03
1.715800941248829758e+00,1.090896252748146474e-05,1.922571332096598695e+00,3.120210864775779195e-03
1.638355649642365464e+00,7.392306123145448067e-06,1.851346620684849231e+00,2.557703479436445552e-03
1.415539910652781508e+00,1.063110921080859280e-05,1.640500082542865501e+00,3.028741587208197156e-03
1.440426956816585502e+00,8.281329540897532866e-06,1.747093164102178964e+00,2.612989240541362026e-03
1.983154128600133959e+00,5.003811400366324082e-06,1.105217521591226326e+00,2.996434713045807371e-03
1.134620724542543480e+00,8.741122559107493810e-06,1.303637527797748774e+00,2.758230355353639713e-03
1.590558259595354462e+00,1.283644840683355928e-05,1.093986616987259408e+00,4.320074395592449559e-03
1.140036023245989405e+00,9.189371823083478081e-06,1.171045469425580965e+00,2.990992474881671789e-03
1.648778810357102831e+00,5.138476963692896231e-06,1.311254964714945848e+00,2.541878764041986816e-03
1.779702636819275874e+00,8.265967057667429317e-06,1.948152297750951112e+00,2.747951760246115840e-03
1.347638879891689401e+00,1.279992077986954723e-05,1.490563060264012751e+00,3.401850546385487735e-03
1.460809353628820251e+00,1.415480549901020857e-05,1.833938610209125297e+00,3.357811611713114666e-03
1.478296158045609765e+00,5.457404561161106057e-06,1.503295305894916112e+00,2.316603180134596453e-03
1.377057952720613265e+00,5.793860129389752278e-06,1.620811684683348464e+00,2.218675730096893346e-03
1.521168466161162414e+00,7.087415536093634124e-06,1.500914855781197765e+00,2.680122081953913767e-03
1.557219024674370678e+00,7.240641519533281059e-06,1.423106019265579114e+00,2.814781874786912753e-03
1.222781756065097092e+00,1.368666767304261393e-05,1.643465245450762335e+00,3.191119546273734221e-03
1.011787771166731131e+00,1.397916968831331672e-05,1.462009259969540453e+00,3.110357719313922454e-03
1.447727614450129874e+00,8.245081061061000627e-06,1.377355982645023014e+00,2.943864349047464572e-03
1.118649178842905823e+00,9.546269935907041287e-06,1.504823877445553792e+00,2.663918737101851272e-03
1.525287715557706925e+00,1.339067860366066279e-05,1.865755492477870980e+00,3.308642279639616678e-03
1.580787061608504018e+00,1.000677879434796241e-05,1.108997573531407266e+00,3.776752611186883629e-03
1.824431593571417709e+00,8.775981717724917882e-06,1.886669723456114722e+00,2.913155766638338921e-03
1.359625335570834981e+00,8.662982499773034501e-06,1.852159616307188061e+00,2.521762240239416777e-03
1.692409941909746696e+00,8.730743883598922759e-06,1.779013528949771938e+00,2.881965534268868517e-03
1.659073744348089408e+00,1.421805336767827964e-05,1.229092837047232489e+00,4.380872072837545955e-03
1.052001112319721932e+00,1.493078370501407676e-05,1.080949820381316595e+00,3.811945077586017215e-03
1.440233850498758628e+00,5.028033213949782346e-06,1.170336289570919508e+00,2.487483680176825421e-03
1.151573235754526525e+00,1.238155017041039810e-05,1.063965531150088850e+00,3.660745295792369736e-03
1.502268696511918744e+00,1.223638804840231959e-05,1.369309801654172931e+00,3.663950274680288950e-03
1.331655722964008470e+00,6.298425995620724461e-06,1.638272787643857198e+00,2.262657849849799858e-03
1.664090748156435318e+00,6.218393250147264634e-06,1.443605978571026238e+00,2.677338349000902423e-03
1.711025547633190369e+00,1.353857272046957516e-05,1.494705627555020566e+00,3.936741090372768842e-03
1.892296648731426112e+00,1.281487503814675882e-05,1.586618038333543534e+00,3.909449469673749282e-03
1.922393842268630415e+00,5.517124593284989990e-06,1.666369598193452095e+00,2.522852804564764111e-03
1.284682807216752209e+00,6.223500944773766966e-06,1.175180438335987620e+00,2.608333138551122837e-03
1.876140419607499554e+00,7.119520971825664136e-06,1.944888916814046631e+00,2.620659855979257536e-03
1.659892287228032393e+00,1.339430407667322156e-05,1.064897598001409262e+00,4.569262480931848315e-03
1.502099769254508388e+00,7.988087587336833436e-06,1.919110237338658376e+00,2.500465332602216061e-03
1.249979618837794071e+00,1.337992618564769900e-05,1.085306784135573466e+00,3.925564032247517467e-03
1.046144432396737933e+00,6.908274180369447325e-06,1.356971928125335403e+00,2.307784091329419512e-03
1.477481919673674593e+00,1.219176354238459615e-05,1.658952578288985347e+00,3.295166525582047482e-03
1.309892529612469048e+00,1.415300749524723244e-05,1.038691919653441209e+00,4.224728694360295467e-03
1.524060408686485735e+00,1.019611338149158217e-05,1.923624282269398744e+00,2.842223941842257889e-03
1.440363863803974853e+00,1.466195797323497656e-05,1.538677302009637149e+00,3.704744995902477505e-03
1.953715489653109039e+00,1.235847099580802142e-05,1.471039131328212957e+00,4.051360769619967959e-03
1.063643329912733471e+00,1.441710754457463630e-05,1.231659581908645107e+00,3.528513103782741998e-03
1.655387541644645299e+00,1.066077021578045840e-05,1.565747764602705816e+00,3.357246519996813332e-03
1.557844987157179339e+00,1.254270439055483732e-05,1.797954861555788764e+00,3.296615693929349881e-03
1.661886943738786204e+00,1.085644488734181234e-05,1.202324485924091579e+00,3.873768898976471045e-03
1.558618662373752350e+00,1.416249309746048796e-05,1.472634913777592480e+00,3.871615726359007355e-03
1.875477127106425002e+00,1.217142127720957125e-05,1.815981168341571639e+00,3.545445900580769614e-03
1.971988001911165522e+00,6.251273438870045320e-06,1.842698898482479919e+00,2.586480413342439645e-03
1.994574015637056830e+00,1.204728736026144576e-05,1.801185185545098433e+00,3.652502569318242034e-03
1.164519912941567759e+00,9.851334201020720010e-06,1.194421006036795019e+00,3.099147665099294228e-03
1.112264445210800812e+00,9.794809952755704487e-06,1.886175133481233557e+00,2.403316824685154760e-03
1.656497502330300797e+00,1.287673141576180537e-05,1.090734465711712176e+00,4.422203185419978401e-03
1.591604698056960476e+00,1.140590765475387410e-05,1.046247896505426933e+00,4.165481719065749176e-03
1.896057858374565530e+00,1.276459637033290672e-05,1.997215838239382979e+00,3.481102694598224231e-03
1.213161124202126295e+00,1.129612473568636412e-05,1.095013691345176454e+00,3.537644656319185142e-03
1.779256904385901450e+00,1.014682921380457878e-05,1.671025096095283491e+00,3.286949403884745907e-03
1.864511314098765249e+00,1.000614711609539373e-05,1.825489855056106503e+00,3.196879314935157073e-03
1.918901894378543860e+00,7.841763499645735438e-06,1.883923049257876681e+00,2.826192087147565146e-03
1.289040648326839733e+00,1.216820888926832921e-05,1.739083398075099041e+00,3.003215038160914150e-03
1.344088468328797692e+00,6.920552749439673502e-06,1.976323913060108017e+00,2.169478029685221153e-03
1.137468781170963394e+00,1.141516960351301689e-05,1.741762871218470732e+00,2.730337996355256761e-03
1.493328888082443351e+00,1.044698902744400980e-05,1.076117206832074125e+00,3.807531585071140690e-03
1.360045768772276897e+00,6.413943718778192138e-06,1.904429976892637377e+00,2.140212172295596037e-03
1.059389474865318981e+00,7.623616551044719692e-06,1.597264925349286102e+00,2.248639687756559796e-03
1.179829165276753855e+00,9.875021701613719577e-06,1.242845176512037408e+00,3.061752475303943823e-03
1.635275051168818106e+00,8.240602426969287375e-06,1.899265621467258525e+00,2.663679895328350047e-03
1.955179980262145456e+00,1.095250656144843718e-05,1.416569433131545930e+00,3.888044247306387396e-03
1.745694651943189735e+00,5.089902264728977648e-06,1.573680938251258876e+00,2.376186478026910340e-03
1.988598870275786634e+00,9.323081138450930398e-06,1.799518167177747152e+00,3.209779569374009156e-03
1.223310245542864827e+00,6.103772213471312646e-06,1.030917313283235437e+00,2.691259332409033558e-03
1.312922050743738467e+00,1.376723982078965336e-05,1.988288848685716204e+00,3.015110073645502122e-03
1.471898529696842761e+00,9.654509927746865973e-06,1.666174333499547799e+00,2.920410037252583416e-03
1.755454787129216765e+00,1.370727252163416148e-05,1.614743162003670296e+00,3.860278347165953510e-03
1.994848314315487370e+00,9.360679601134223404e-06,1.695731844420192536e+00,3.318409983363982720e-03
1.110125872352093257e+00,1.077559676760522921e-05,1.816071950225390808e+00,2.566493995336794308e-03
1.308841107057282738e+00,9.933839183163447733e-06,1.701249357843495513e+00,2.764509194036818794e-03
1.540294784293293029e+00,1.026811025699081757e-05,1.747869670123630925e+00,3.008102710140081199e-03
1.842442225562552327e+00,6.821337800400196096e-06,1.837158594168397219e+00,2.615522095407244504e-03
1.942714893200942594e+00,1.250496595012440295e-05,1.517964507211132741e+00,4.000506524148855422e-03
1.209886843615433527e+00,6.723141120450651315e-06,1.368777319371802914e+00,2.437766421125874688e-03
1.454733491134531320e+00,6.996688289898644829e-06,1.192498056008641560e+00,2.921521870844615443e-03
1.263841882025942054e+00,5.253519061452395404e-06,1.139506205183120402e+00,2.413866127459359662e-03
1.177828527977273998e+00,9.958006563634647459e-06,1.936971361948775172e+00,2.460739489386807970e-03
1.465931713446930740e+00,1.460252544226434471e-05,1.723342638145063610e+00,3.524398756376213599e-03
1.293499166276206758e+00,7.753739803278933507e-06,1.696745928258989844e+00,2.431253703636694890e-03
1.085559926521550533e+00,7.250987178582106857e-06,1.468586839761700347e+00,2.315131446369959878e-03
1.367433195709134131e+00,6.567370796892496964e-06,1.075276796319236450e+00,2.889939100202497564e-03
1.634248821989925604e+00,6.630776759163481783e-06,1.592121100890760532e+00,2.608874840176495392e-03
1.005505901513891853e+00,1.273631413058414584e-05,1.055102662108402534e+00,3.483909247843028096e-03
1.073029935053023687e+00,5.778644599838295520e-06,1.831559336938338500e+00,1.839960141116553632e-03
1.939321925748878295e+00,9.418573731384768548e-06,1.210794370064797842e+00,3.884027787181184351e-03
1.215654426306997049e+00,8.986575600348903955e-06,1.634908079068581488e+00,2.584970040228235042e-03
1.828940082787377408e+00,1.047135906761270476e-05,1.468464414788275718e+00,3.611349756854025875e-03
1.351394174927893488e+00,1.129798153524645918e-05,1.976326542709929246e+00,2.779470697815825987e-03
1.759591856779312735e+00,6.659032351873520770e-06,1.641685200251594701e+00,2.671570213109178155e-03
1.899011134976231752e+00,8.642234491342914402e-06,1.173876103917891545e+00,3.739087665505957947e-03
1.585924492929098761e+00,7.896146129867944949e-06,1.983593036634126339e+00,2.512595364299432914e-03
1.936227319562794369e+00,5.982614049174976405e-06,1.945908555192481515e+00,2.439846203599634403e-03
1.467140968983886573e+00,9.108492260323862620e-06,1.042813298868501493e+00,3.579776301434444471e-03
1.602884562680868763e+00,9.955490017048690326e-06,1.320133474030563470e+00,3.476750469916766763e-03
1.443907967849988427e+00,7.525680173753429638e-06,1.144050869021201677e+00,3.081910111174803509e-03
1.177633260544816984e+00,5.256070590385343873e-06,1.993556044499066315e+00,1.762062876666388575e-03
1.694820449844250954e+00,1.321097840119446110e-05,1.347042237837535961e+00,4.076981419787918323e-03
1.364349121629368611e+00,7.750148427919405285e-06,1.175805031815744695e+00,2.998818011390669541e-03
1.061806422329850452e+00,1.382582368635273712e-05,1.738193153462779916e+00,2.906157608790726522e-03
1.760919884298829619e+00,1.164926789719879050e-05,1.377485943578880878e+00,3.859006652599666042e-03
1.453389724406984662e+00,1.241651120365262843e-05,1.973049912302013986e+00,3.024278619520059854e-03
1.817984476984299658e+00,6.097063734447402362e-06,1.770101547776622208e+00,2.502397870690614180e-03
1.282806355066900661e+00,5.957544658080056609e-06,1.804978281635218673e+00,2.057681790667278618e-03
1.680576321534648532e+00,6.838593106794039420e-06,1.912984433929044714e+00,2.451076037246938556e-03
1.907577733255287677e+00,5.586039613654986844e-06,1.587952473023127808e+00,2.590445011681517112e-03
1.612941884704153006e+00,9.093290270393549613e-06,1.975602892450134984e+00,2.724708587470216301e-03
1.232762053119854428e+00,9.570415821205757425e-06,1.559852533147498832e+00,2.750193563354630475e-03
1.528782800439558720e+00,9.881082027156889411e-06,1.326118651110058666e+00,3.375079092889616151e-03
1.253966889551464847e+00,1.184680187990421143e-05,1.708028437752316053e+00,2.949144476475355162e-03
1.973713358911796334e+00,1.146069999487440397e-05,1.137642722434903497e+00,4.459073858772445546e-03
1.940176045344268685e+00,7.029455051754992543e-06,1.797635835484749922e+00,2.754422388281254665e-03
1.788689621981584210e+00,1.163340221114342804e-05,1.127744403735811751e+00,4.295517820140298121e-03
1.486112587692355547e+00,6.243305872299306848e-06,1.370149951626024931e+00,2.602250572410364730e-03
1.595588888771810598e+00,1.343876256474781333e-05,1.117460295704399531e+00,4.380504103623880652e-03
1.640139063546588893e+00,7.804349467992758983e-06,1.494050972992977844e+00,2.927021975196562095e-03
1.068575205410176476e+00,7.633948744524109769e-06,1.062951525589610702e+00,2.770259395487281121e-03
1.429413547270477647e+00,1.012475752421058224e-05,1.081884670335641285e+00,3.657470053613414394e-03
1.336594159529910231e+00,1.216639936661018954e-05,1.811109521144666834e+00,2.996459807970772247e-03
1.069921373995488922e+00,1.380862598861845863e-05,1.590152303532446076e+00,3.048118198206044294e-03
1.570585571012269366e+00,6.656822999843318331e-06,1.752280797269544443e+00,2.442656821743175322e-03
1.133504813783482001e+00,1.439065007288507179e-05,1.390630860669862301e+00,3.424884731480043638e-03
1.873085415620833860e+00,9.899970359240026929e-06,1.032697878014724679e+00,4.237493997312145357e-03
1.456084809773679378e+00,1.269595671199249165e-05,1.369230084630751243e+00,3.674411872524483043e-03
1.218484965666363662e+00,9.648839205903848181e-06,1.633121103818808040e+00,2.683109682918255728e-03
1.918567145016205178e+00,6.100433884178374717e-06,1.621615052568420090e+00,2.686550325298151052e-03
1.932852870995313221e+00,8.220918863342550138e-06,1.131875474525289693e+00,3.746797782044659127e-03
1.526939405479700529e+00,9.869627470727213608e-06,1.310649014056906703e+00,3.390924179996722410e-03
1.513554527127450644e+00,1.010690204879769876e-05,1.435529787817503511e+00,3.264389405745913783e-03
1.607749454523650812e+00,7.858261743583580747e-06,1.139961913819528050e+00,3.329103211281231149e-03
1.968276990376216951e+00,1.405049757730450621e-05,1.614080419691560131e+00,4.139294966637756777e-03
1.064655203015597351e+00,9.124575502407359452e-06,1.854090336372431924e+00,2.288997824066101461e-03
1.985525975019127864e+00,1.041512678354162155e-05,1.852141304552391121e+00,3.341434931705914574e-03
1.465253043021298218e+00,6.917739980975328407e-06,1.544800709667763172e+00,2.561546256996339189e-03
1.919142423401572595e+00,1.223804512522329109e-05,1.203785105514229681e+00,4.417078781708791077e-03
1.674754444477698501e+00,1.101269323332400868e-05,1.112045371092778900e+00,4.072499944464240580e-03
1.606910906105216252e+00,1.089488167427880670e-05,1.820821943925121200e+00,3.100797596515067565e-03
1.260055198190725534e+00,8.805698885639317078e-06,1.721546302617084301e+00,2.538734859808958796e-03
1.501079238071238775e+00,1.214084049347161366e-05,1.848162563607609776e+00,3.140191265687958689e-03
1.472065060215961063e+00,6.289446766820894254e-06,1.554598668057995514e+00,2.440397545764015977e-03
1.622902128946598799e+00,6.809065047229537145e-06,1.004579140740569754e+00,3.316636137485312174e-03
1.070722975995641146e+00,1.182203862821660030e-05,1.861629079382848495e+00,2.607583179768174428e-03
1.747680406317574597e+00,6.314387692770078188e-06,1.473779349561064933e+00,2.736405135645174260e-03
1.815308979085832553e+00,6.159799619739535442e-06,1.499142269655451276e+00,2.731097127123600313e-03
1.432327780782921112e+00,9.799067412708060959e-06,1.352041058869402734e+00,3.221948839983218918e-03
1.714765280283899296e+00,1.022931686634421516e-05,1.302131457443815865e+00,3.670271920542326084e-03
1.673379979963877773e+00,1.404794334776926729e-05,1.720131812447167396e+00,3.696773089357268532e-03
1.456230200330758784e+00,6.455593475824260272e-06,1.360940024126467307e+00,2.628231466060157451e-03
1.410327967200430077e+00,1.025232317499996440e-05,1.318224888359534663e+00,3.311894160518101971e-03
1.526611850761851574e+00,1.423247828404516983e-05,1.781121475252412045e+00,3.492672056584040889e-03
1.987419166778408242e+00,8.473692156657289728e-06,1.919725980464929815e+00,2.961839064750762442e-03
1.217718767955743076e+00,9.116706982194960321e-06,1.360170082528003199e+00,2.856905590994205692e-03
1.689997116703904290e+00,9.726362520574863632e-06,1.494185321394399191e+00,3.316774724898496028e-03
1.539537856452160902e+00,5.625820927775595659e-06,1.044084213940370320e+00,2.880184929493537303e-03
1.168616269055391843e+00,7.807440152836775331e-06,1.059693708551451063e+00,2.934270301427579618e-03
1.787848131076373415e+00,1.329103838735127294e-05,1.269478103970626659e+00,4.326454705111177322e-03
1.656476925392477151e+00,1.130861971047853482e-05,1.748063180566020058e+00,3.273549651555540587e-03
1.481125583202183238e+00,1.448781972636436837e-05,1.799391354406545407e+00,3.453302664149779985e-03
1.456642388594128867e+00,9.097155570056807421e-06,1.734774818830137733e+00,2.763807098886317173e-03
1.708848019367918081e+00,1.425566094462075184e-05,1.297014025093039535e+00,4.333841882786440905e-03
1.305430452203232949e+00,1.032899565688447099e-05,1.267227524645869519e+00,3.261959904210612240e-03
1.154760293564822238e+00,1.423408676644092837e-05,1.227727162986909759e+00,3.658977957950590269e-03
1.753585092649345922e+00,5.956137079968585525e-06,1.579667541048892065e+00,2.571360199611686520e-03
1.367548434730093909e+00,9.326399080747796498e-06,1.588323912589389320e+00,2.833732289110646278e-03
1.773847941580554810e+00,1.232368556754112881e-05,1.768200375199088681e+00,3.516112478564761227e-03
1.590318788187041088e+00,5.772772289252280909e-06,1.719098799844254399e+00,2.310914564532613649e-03
1.114669181526577901e+00,1.442692149024485829e-05,1.564284191459529350e+00,3.206284111808021392e-03
1.910234298045863088e+00,6.567429476064203183e-06,1.162625541861032730e+00,3.284892021107661386e-03
1.188695537158402260e+00,7.108605134919526470e-06,1.591390605322509089e+00,2.304300513514533424e-03
1.265818262882241640e+00,6.915879617385772050e-06,1.051129632193616548e+00,2.885899822491553527e-03
1.720831019874873968e+00,7.873860282003942762e-06,1.063660567539854274e+00,3.569122347076970989e-03
1.666433702937329286e+00,5.582549734521748273e-06,1.990098898560978657e+00,2.162086131202843424e-03
1.759664733667396064e+00,8.250886174413769763e-06,1.404935550035397274e+00,3.214674920581250383e-03
1.402950129678007141e+00,5.963425206718449644e-06,1.118760718550801503e+00,2.734641501889041940e-03
1.185290999128587153e+00,1.230028662812292648e-05,1.788002083815418031e+00,2.855525868220296255e-03
1.029746596916616852e+00,1.387974414951286090e-05,1.581680164882021344e+00,3.006052622365814643e-03
1.476313829440125680e+00,1.210528702309086376e-05,1.777034583568190662e+00,3.171238824153311403e-03
1.355177340009036335e+00,6.285628631947919443e-06,1.963150091925412566e+00,2.083030708465579642e-03
1.206848733362672288e+00,1.243509009569818038e-05,1.851677419242297784e+00,2.846873844226070760e-03
1.117010301717203280e+00,9.374691382553518749e-06,1.267433693207721701e+00,2.874381803858340641e-03
1.883995938435095274e+00,1.469473243599761690e-05,1.006043956437664866e+00,5.245807434223082738e-03
1.624416707495448309e+00,5.981120802818217809e-06,1.390309369708664144e+00,2.643530260094378598e-03
1.742782518078046294e+00,1.378828383294014007e-05,1.543467461702776156e+00,3.945735467317129999e-03
1.342757498470910971e+00,5.021421564753211962e-06,1.011126309912788512e+00,2.582316256713477597e-03
1.996122726547974402e+00,1.254506535441075239e-05,1.261545108065648790e+00,4.455317839635141233e-03
1.529603878008305662e+00,6.799903111686503116e-06,1.669622388889058673e+00,2.495926088272030618e-03
1.521598264963185621e+00,1.360226718294256211e-05,1.823727554627083469e+00,3.368803447576640756e-03
1.023618615552574607e+00,9.428924546956254823e-06,1.640749323849700847e+00,2.425375861275727834e-03
1.912807814002108531e+00,1.256488894010782547e-05,1.367840928786907551e+00,4.191767618817958570e-03
1.852281156383492000e+00,6.449916445224260558e-06,1.867385773849658204e+00,2.529376478828879171e-03
1.928688367829173966e+00,1.407435812740955792e-05,1.876330890019392239e+00,3.803563010106126262e-03
1.136904453675133375e+00,7.455796540213674637e-06,1.827861690541642936e+00,2.153462644545394138e-03
1.862280915710031737e+00,8.639378653536544753e-06,1.138206915011258591e+00,3.759700420718119131e-03
1.187416603957728078e+00,1.185172725762855821e-05,1.521665964579927754e+00,3.041114133814078017e-03
1.821704008999904367e+00,1.004085135829150451e-05,1.054826684137104120e+00,4.164219582994604235e-03
1.268372592559100731e+00,9.942234936035280579e-06,1.779760545057244014e+00,2.661856553565615426e-03
1.810808825886100593e+00,8.119814490482669446e-06,1.114001655764179199e+00,3.633008690511860001e-03
1.285284500752387871e+00,6.283026565490103786e-06,1.875705535735749496e+00,2.074921893319061923e-03
1.482081337071067040e+00,9.285283024126541744e-06,1.914478242426747023e+00,2.681071368008873523e-03
1.256090155882057413e+00,1.020940578920560768e-05,1.446595458276610735e+00,2.977399357546122848e-03
1.648990622588895505e+00,9.946135574761045579e-06,1.614642328205222466e+00,3.187117783665820332e-03
1.386328227737865015e+00,1.004839258298872525e-05,1.020678935119961217e+00,3.694339082122243944e-03
1.601917580296004395e+00,1.240488328699101601e-05,1.409654428725563680e+00,3.754569042913559127e-03
1.274888667518563778e+00,9.653343757113015992e-06,1.961479847273106536e+00,2.504857885758536486e-03
1.117164234488045693e+00,1.442060882048163295e-05,1.321909328123592964e+00,3.490997004982685295e-03
1.570373077897770919e+00,1.473186376229347657e-05,1.371391809731873357e+00,4.107234429241723300e-03
1.540191165866098277e+00,1.248685697902972381e-05,1.114941998347261265e+00,4.153246858421636920e-03
1.872668521688161558e+00,7.828995422832015519e-06,1.237279626865442017e+00,3.442306554716629413e-03
1.158369545009787505e+00,7.682953071499037595e-06,1.652379661376472741e+00,2.320773385137238007e-03
1.288445316092121207e+00,1.058655359082958321e-05,1.245605028503831591e+00,3.309177930540246372e-03
1.775751486841925075e+00,1.095568732013519466e-05,1.036308169250369282e+00,4.332778094998807235e-03
1.332745978086169680e+00,1.243183449481266639e-05,1.290167538820027548e+00,3.583589412597323800e-03
1.981553830317094533e+00,8.239319555047760731e-06,1.216954639562390916e+00,3.662784902875084250e-03
1.394527497160622964e+00,6.919262416754608957e-06,1.362670832998805981e+00,2.661018916125207183e-03
1.549362405985825752e+00,5.090091207753388959e-06,1.068967376464778241e+00,2.716170721681633680e-03
1.490603064695598334e+00,1.392128691773740305e-05,1.129451958806002798e+00,4.286341959560267985e-03
1.364706877339107782e+00,9.166916149170812120e-06,1.689148059870574592e+00,2.721431830787332442e-03
1.654964257668201988e+00,1.344743083733960530e-05,1.614284978789349179e+00,3.712990740858867524e-03
1.456096202588064159e+00,1.144164465648419120e-05,1.434016827010297979e+00,3.408490899365522724e-03
1.866900431705633912e+00,9.742787375570284168e-06,1.261566936290151375e+00,3.797056340956334389e-03
1.162975962106390426e+00,7.565195697874060036e-06,1.867208867976775544e+00,2.170695979835592700e-03
1.008852652371751368e+00,7.546716191573797128e-06,1.737009437471183526e+00,2.093590745888578974e-03
1.286810674341292149e+00,7.542556612147850609e-06,1.884649901258787175e+00,2.269348911571067787e-03
1.897510279586195558e+00,1.338597606476353056e-05,1.999689132192461472e+00,3.563984836129160776e-03
1.888618517249157858e+00,1.367594821160789890e-05,1.659619174756682858e+00,3.944996511953883025e-03
1.390049261574936246e+00,1.405843094270198422e-05,1.849904109292568322e+00,3.250191222282387740e-03
1.083855249846872759e+00,8.181778217936552713e-06,1.971489602522934259e+00,2.120861208634105578e-03
1.339550363919171705e+00,1.059634978989427596e-05,1.734267468059805140e+00,2.860879907667793123e-03
1.990986313910879879e+00,7.906633664110132882e-06,1.487596984470990424e+00,3.253024253772386978e-03
1.850259996192502587e+00,1.184874719870764526e-05,1.661302896811949203e+00,3.632688718774788189e-03
1.819600581962667274e+00,8.917262257633320539e-06,1.156531650175232739e+00,3.745631442953728085e-03
1.659874415513622026e+00,8.131288092079115394e-06,1.713342287366746319e+00,2.806695011440962437e-03
1.747955927688461086e+00,6.704486461501600044e-06,1.394766220430772030e+00,2.898660068921023354e-03
1.003446189862028604e+00,1.006288766242082817e-05,1.007014323415301060e+00,3.166580495646552883e-03
1.670938677442039610e+00,6.536541356962789000e-06,1.363643233950163403e+00,2.830113686311165871e-03
1.169590728622805997e+00,7.391685036397761830e-06,1.167483837344939879e+00,2.721217445819233260e-03
1.795056420463912561e+00,1.084877611283516767e-05,1.515901163748168745e+00,3.584214412976808629e-03
1.865883145908554530e+00,1.230585235916917183e-05,1.627175111458688761e+00,3.756478648003122242e-03
1.788560624463711335e+00,1.053189383604792512e-05,1.018699895821715717e+00,4.300133494856570905e-03
1.589546655556329791e+00,7.300817455567227415e-06,1.708728938765537997e+00,2.606068323076545130e-03
1.536317359542116012e+00,7.412758189257713421e-06,1.399324098253175830e+00,2.852799363334558233e-03
1.386352320375553226e+00,1.349284909008529939e-05,1.165334966738357458e+00,4.006482493005049557e-03
1.419988329122761517e+00,9.852491562261554242e-06,1.433368228769976715e+00,3.124183513818981281e-03
1.639899697559410452e+00,1.357424692744970172e-05,1.165334778723934317e+00,4.370601007223606262e-03
1.274938953225957849e+00,7.813586564867311762e-06,1.570120833069769573e+00,2.518856179858386304e-03
1.162869784443595123e+00,1.127067033860604203e-05,1.024499419041098314e+00,3.576716830945092865e-03
1.966186978546326181e+00,8.381717229250860952e-06,1.849451661736106534e+00,2.985089919935168638e-03
1.911644982885594146e+00,1.276464245028613131e-05,1.547608696832131425e+00,3.970794091980547023e-03
1.347388890365674330e+00,8.198307031789402221e-06,1.070207728777156087e+00,3.212732221659349990e-03
1.486257558487606101e+00,1.468207782248501426e-05,1.190233288027022995e+00,4.281783979036201879e-03
1.003974868125863562e+00,8.532518933840091521e-06,1.158472225426216973e+00,2.719300722703985648e-03
1.103783844850745099e+00,1.400642430078677747e-05,1.518744782245099678e+00,3.190533114009332094e-03
1.485124066750506788e+00,9.041354015217584241e-06,1.120742555603166934e+00,3.461347273443557328e-03
1.875497496823791854e+00,1.095577447792730864e-05,1.853155787147717781e+00,3.329843490387971849e-03
1.324433035381928470e+00,9.197855896767414131e-06,1.187007944073795285e+00,3.203549878674869823e-03
1.717019144309998691e+00,6.002384863695461646e-06,1.094758390568163264e+00,3.068247200561762152e-03
1.316109570829273157e+00,5.602470418580055138e-06,1.742728954206333336e+00,2.056936507694774336e-03
1.698830302663947744e+00,8.019695357593456322e-06,1.913266427222629851e+00,2.668493871156327711e-03
1.204101656764387185e+00,9.336830244512887907e-06,1.292556684080272467e+00,2.949215511920940790e-03
1.579062536185488419e+00,1.456868436156306205e-05,1.578654272193091179e+00,3.817388118177401576e-03
1.923609740561781134e+00,7.356705828303710205e-06,1.119878906337968161e+00,3.554795704222783737e-03
1.776304355547593694e+00,1.254108739479673941e-05,1.927938271636033152e+00,3.399223536604532771e-03
1.449832610834632884e+00,1.002815950364444652e-05,1.650027677090861733e+00,2.968410328519318839e-03
1.658942825498260554e+00,1.150053518574651755e-05,1.860750289521228673e+00,3.202069007940763160e-03
1.389227394752293510e+00,9.036364394772012731e-06,1.948296940553231771e+00,2.538376058640308495e-03
1.238514954064428464e+00,9.550876512475954414e-06,1.712490962187178223e+00,2.628198107514945724e-03
1.140867050849225794e+00,8.464311612912272893e-06,1.370991875646427882e+00,2.653969331117010926e-03
1.282014110147616126e+00,8.420560207710883909e-06,1.865234879381086008e+00,2.405747988138318312e-03
1.841564999066825248e+00,1.446622414530638739e-05,1.746460331823461276e+00,3.905635936873931915e-03
1.339674348377309698e+00,9.761869367529659895e-06,1.152061895845350792e+00,3.369211003304664262e-03
1.278546011043695918e+00,6.025725086853727381e-06,1.602048153368368588e+00,2.192931444115633986e-03
1.859117579398449127e+00,1.262494047986072525e-05,1.969083420860639588e+00,3.452518708587555725e-03
1.576760567472140107e+00,7.872516994100384451e-06,1.546155869575999153e+00,2.833433614305033710e-03
1.540612943728170148e+00,7.153583216878417738e-06,1.466599612250913065e+00,2.741276260261324167e-03
1.047001280799536804e+00,1.227777724364891377e-05,1.797975222791694971e+00,2.673878258791068628e-03
1.161222308670744274e+00,1.195949448559391390e-05,1.895421373061582759e+00,2.706831426452804314e-03
1.057053365824480284e+00,9.358941022033452959e-06,1.018178833772786396e+00,3.117093142161258927e-03
1.480286511757285650e+00,6.015074271576257442e-06,1.897727117825869225e+00,2.166090044301249157e-03
1.706849388848645788e+00,1.024777705835579360e-05,1.114849624344668166e+00,3.960994951910262220e-03
1.452221296352105950e+00,1.066034854841814264e-05,1.529881682610629401e+00,3.181069667012861955e-03
1.997665591835320331e+00,1.314343306584269720e-05,1.856755530011427346e+00,3.760438068018042649e-03
1.956222999982415889e+00,1.146363308777060779e-05,1.212737024332987801e+00,4.300183621630648823e-03
1.782591315404388865e+00,1.097207180953736031e-05,1.434840966962532161e+00,3.692056426653086976e-03
1.494062145501663164e+00,6.850594199745223743e-06,1.711046631796886430e+00,2.445780789984138264e-03
1.000257795790285176e+00,1.086841874153934579e-05,1.420528386798651344e+00,2.766395028071914203e-03
1.330456267735002918e+00,1.496936315109044199e-05,1.254099042361628946e+00,3.985070839929068416e-03
1.131350815616452454e+00,6.823889635544674154e-06,1.598262186265320794e+00,2.197812464262973928e-03
1.035342831729223256e+00,1.027174711283764026e-05,1.659244725451570535e+00,2.531681260374525361e-03
1.346612882348702467e+00,1.094963989143339047e-05,1.464384374072420947e+00,3.173173053595061601e-03
1.074913457431586394e+00,1.080016209099320190e-05,1.632941897776963858e+00,2.666346094922272293e-03
1.980876930987887974e+00,1.116177516131928866e-05,1.115599483952117499e+00,4.451857246706465189e-03
1.856502611780750156e+00,1.413083775544310341e-05,1.042613866145499779e+00,5.016143926223087628e-03
1.743192501331964017e+00,1.196581122427109535e-05,1.582542022820439209e+00,3.630497336557178285e-03
1.899820152198365975e+00,7.097062565127727312e-06,1.674637348792682445e+00,2.837495461288876662e-03
1.482596004924031652e+00,5.022293825704025106e-06,1.569869876408647613e+00,2.177863434585534594e-03
1.258676535683806108e+00,1.032066185019941318e-05,1.521567430228551121e+00,2.921899275890228569e-03
1.206397706242960943e+00,5.195487654154924825e-06,1.002239787855986553e+00,2.500763316478849235e-03
1.589900790305435629e+00,1.244116343492208824e-05,1.587430780482578685e+00,3.529946406213204952e-03
1.697131961009648471e+00,1.239504370608289049e-05,1.966058573962583100e+00,3.271023100375830116e-03
1.486821265472924480e+00,6.426735860549621765e-06,1.932513849776316128e+00,2.223633968985243205e-03
1.614269367254930421e+00,9.340191151226260010e-06,1.012310814352388899e+00,3.859303619550516918e-03
1.209960980871230607e+00,1.100661556799916433e-05,1.950528065779567388e+00,2.612982371732189973e-03
1.065361006543040112e+00,1.053611694513366325e-05,1.906509818895845365e+00,2.426437820167914525e-03
1.214201221794707131e+00,1.246275678987327507e-05,1.630336205488213341e+00,3.046588553979911670e-03
1.190815396896357292e+00,7.311551673761838309e-06,1.337798767618330054e+00,2.551124195447571422e-03
1.332921935586656836e+00,5.417534526278003307e-06,1.051975408142877377e+00,2.619994669277935211e-03
1.047321391332270757e+00,7.209996153335568536e-06,1.851796939570917289e+00,2.019346390748556330e-03
1.237350384954265303e+00,5.222923618876997076e-06,1.361715376196990679e+00,2.178512295825978801e-03
1.642438928996883929e+00,5.372146515824797542e-06,1.196960166542402337e+00,2.715055367785719920e-03
1.351319616382086197e+00,1.188482928459792823e-05,1.192325229542335885e+00,3.670102112317062074e-03
1.336715822432447576e+00,1.346798670762037266e-05,1.028966275886708193e+00,4.182830955086361789e-03
1.779113668724132236e+00,6.250243517809046155e-06,1.588753532181452766e+00,2.645587030077516891e-03
1.305992819173238839e+00,5.793939215019388767e-06,1.877996573842783956e+00,2.007289274426991756e-03
1.135100508921175866e+00,1.081264902864825296e-05,1.495446807910878473e+00,2.864822555411488444e-03
1.076842385772575739e+00,9.675889927571196207e-06,1.436922112953404440e+00,2.692805069634801769e-03
1.656500220425285885e+00,7.021385997990104588e-06,1.236452777457681007e+00,3.067032698937390087e-03
1.942645720344238658e+00,8.402425139775072458e-06,1.232931227204040692e+00,3.638561355117183281e-03
1.464356589752144888e+00,8.268198812943758412e-06,1.176563599624443235e+00,3.207902606050127073e-03
1.945684005998598476e+00,1.431410316162693124e-05,1.848324861901738503e+00,3.881763510486462444e-03
1.120289278559185142e+00,1.494374343982988592e-05,1.073161734938374856e+00,3.949682645983433778e-03
1.852541688704906431e+00,7.534127622079776987e-06,1.709048992638738884e+00,2.857743363697679007e-03
1.605472037506317173e+00,5.262033054930294192e-06,1.937287112558133018e+00,2.088243624579759483e-03
1.357811247522306530e+00,1.125620758378433471e-05,1.903403858986601138e+00,2.833676542267890997e-03
1.552205283359360477e+00,5.317819827217537718e-06,1.885473080255503087e+00,2.092335000883067779e-03
1.654953079315421682e+00,1.343323109493766199e-05,1.545133909663900074e+00,3.793150058008530612e-03
1.124440233954189239e+00,8.277184506165664868e-06,1.376960550756794799e+00,2.599852787475495988e-03
1.020582844097313258e+00,8.174960648310462195e-06,1.601186748398136128e+00,2.282684940160848580e-03
1.793767278317223823e+00,1.421711456727857623e-05,1.158726666881399581e+00,4.691354801137434180e-03
1.585265848626855600e+00,1.089421965813496938e-05,1.215010417346024996e+00,3.770154213989046054e-03
1.560758328352128910e+00,6.075108314224582270e-06,1.985724349680560330e+00,2.185170669683259535e-03
1.487743497391997183e+00,7.215033742051907195e-06,1.438402712719976551e+00,2.731762675397181317e-03
1.876290492803176058e+00,5.895592403289814449e-06,1.190225797514195882e+00,3.048590449241610819e-03
1.343864327445598583e+00,1.416292488322434611e-05,1.177054628227383493e+00,4.021201900505061433e-03
1.559663344297724130e+00,7.159766884505815235e-06,1.557387352242476819e+00,2.677728568802654162e-03
1.675472239079817349e+00,8.606043830134071999e-06,1.811096196994890661e+00,2.821627216104977392e-03
1.888341609367318874e+00,5.409940011171237083e-06,1.190030485686979222e+00,2.929931470639199256e-03
1.891028656919804707e+00,1.020046143605138893e-05,1.813687390266033983e+00,3.261202356693252997e-03
1.547764788611462272e+00,1.061733646132774923e-05,1.063093279400654012e+00,3.931647605294837609e-03
1.870921897032797210e+00,1.111472344718228117e-05,1.813330296436836964e+00,3.386403472118341019e-03
1.745623725146797423e+00,1.363726769141471461e-05,1.098874509421750689e+00,4.654413366535672947e-03
1.798960452310874647e+00,6.672701851294367368e-06,1.368621390027576545e+00,2.961556391383456197e-03
1.928357339070216447e+00,1.086439292154979358e-05,1.120366618007005099e+00,4.324305911151426519e-03
1.823625423272436263e+00,8.963760604657706126e-06,1.409466875657478413e+00,3.405536244707987187e-03
1.255010060027323959e+00,1.075880297481530924e-05,1.194396181577111804e+00,3.362260647621089730e-03
1.402359524080043052e+00,7.356479686881534293e-06,1.445292915808253920e+00,2.671694320575099084e-03
1.080183807641291516e+00,1.364073410418444878e-05,1.602094088131286842e+00,3.032659798122761506e-03
1.857651639661300980e+00,8.232626863396123743e-06,1.110819814197397948e+00,3.710475297434004047e-03
1.453200771850153838e+00,5.195113228057669127e-06,1.153978629565326708e+00,2.557769683888576080e-03
1.241795996535707491e+00,1.114054597792929141e-05,1.807870847310420803e+00,2.766270622100495610e-03
1.167806841472794677e+00,7.978104361705621586e-06,1.445832500767950002e+00,2.538495352372692210e-03
1.117431990957604260e+00,1.130103069657287660e-05,1.387623697748393337e+00,3.016711115786275578e-03
1.328955921895730086e+00,9.720292024307576086e-06,1.156807195941069288e+00,3.341676879611901133e-03
1.915539049638044444e+00,9.621126657287436094e-06,1.193964923011696211e+00,3.928825020119142836e-03
1.518818635770790682e+00,8.399879537934498868e-06,1.138103841523447457e+00,3.348100941126076497e-03
1.634235563870792385e+00,8.699670173379738441e-06,1.241760060764570461e+00,3.383684631434137266e-03
1.046139130123686645e+00,7.409384448932034470e-06,1.012092422969728789e+00,2.767423990250699340e-03
1.674643153242350024e+00,6.759107496028032861e-06,1.685554774819578494e+00,2.591399560247661504e-03
1.630646596616593502e+00,8.450804184508637758e-06,1.613808670850145344e+00,2.922152797992017426e-03
1.286128864566610464e+00,9.519946997397852456e-06,1.109955910826434966e+00,3.321288820770526562e-03
1.013569251029899032e+00,7.836238518885493961e-06,1.433425871354912839e+00,2.353926604144355745e-03
1.620487865363098745e+00,6.606628444872741072e-06,1.848481663610552772e+00,2.406607465840051707e-03
1.995464762039405038e+00,7.097538362296964087e-06,1.117370769144937714e+00,3.560223420701087629e-03
1.432548468713193746e+00,1.099088012772978548e-05,1.954427406251192156e+00,2.838318487624784999e-03
1.144260601200413507e+00,1.259806842821767218e-05,1.391205120708896903e+00,3.218984385724111327e-03
1.432876700159943617e+00,1.373413553960541573e-05,1.110993741233540444e+00,4.208712586219169431e-03
1.505212668046151947e+00,1.160471182800835446e-05,1.631436843363000655e+00,3.272133239525757721e-03
1.467505637805343266e+00,8.439149887573977934e-06,1.836348431357059496e+00,2.596938681424932564e-03
1.475947501382693261e+00,6.000533575978329734e-06,1.364337701959829730e+00,2.547824150371342296e-03
1.060389842278900652e+00,6.699881793110681296e-06,1.142019533000363962e+00,2.494190286815719040e-03
1.437723820187777779e+00,5.118265840898531223e-06,1.087289391613544209e+00,2.601516461642407359e-03
1.864589546361846040e+00,1.375241301971352249e-05,1.301772337606242225e+00,4.438268342781771271e-03
1.605390293570546190e+00,1.498489864821295981e-05,1.665368052919128594e+00,3.800687011860830970e-03
1.185120365945470100e+00,1.494654322712180605e-05,1.761428619066567780e+00,3.171166812658345567e-03
1.674767240548347580e+00,6.817712286932140126e-06,1.537784048752023569e+00,2.724889451058977365e-03
1.859510475215897074e+00,7.302095173938627807e-06,1.266142886405219770e+00,3.274776758775589311e-03
1.741001076712726636e+00,1.212794970574490762e-05,1.925669286107056344e+00,3.311329221863823762e-03
1.007733700205037275e+00,1.257774767250233713e-05,1.940941807239247252e+00,2.555454029481690932e-03
1.957927802067398471e+00,1.112949161157242241e-05,1.806702521004295292e+00,3.472903169551891031e-03
1.272280962530669690e+00,5.292203478433885042e-06,1.966602880444808799e+00,1.850339610232759613e-03
1.307927558983437155e+00,6.220863326242548912e-06,1.899225483881954890e+00,2.069802517401512620e-03
1.755695727451410448e+00,1.024454886747435395e-05,1.146233798998458564e+00,3.961269956735704451e-03
1.922401648174651534e+00,1.043385981529978760e-05,1.186758192563246883e+00,4.111151152552828397e-03
1.114769470058100342e+00,1.121216573569835907e-05,1.978510854025241628e+00,2.513437376040310745e-03
1.828982095502488914e+00,7.672867209725820631e-06,1.093584721460539866e+00,3.582262040521191557e-03
1.115215776224941724e+00,1.079518264089302104e-05,1.042806407699256477e+00,3.397759253524355351e-03
1.428988909051943867e+00,5.991605927241536055e-06,1.652448679253844421e+00,2.276261011612931446e-03
1.513955279336034909e+00,1.019463078740119182e-05,1.956794112212084435e+00,2.808469474235815617e-03
1.753986995743969990e+00,7.139340773675803518e-06,1.068462291571350864e+00,3.423439370387416827e-03
1.666274355183285927e+00,1.222690429057652692e-05,1.811944667427656697e+00,3.353196822191453069e-03
1.378129715760777252e+00,1.263688759403312214e-05,1.640637116053357047e+00,3.258058242336556946e-03
1.872410493257279818e+00,8.002363354954000161e-06,1.755882067214494358e+00,2.921204728608476665e-03
1.941492404970790675e+00,6.803343812558360568e-06,1.695729112567292418e+00,2.790942051550574388e-03
1.087410071252031596e+00,1.379396191790410964e-05,1.161083852505897518e+00,3.594259209492437109e-03
1.198186127553789948e+00,1.033335547876985776e-05,1.620609628757478715e+00,2.764035527950660810e-03
1.145805860293336087e+00,7.527781119857353159e-06,1.619255726329842382e+00,2.307976009827066455e-03
1.930045726207921364e+00,1.491156334921341209e-05,1.475654777716446597e+00,4.416243426149715594e-03
1.884011834117439221e+00,6.175078429576136526e-06,1.810314897322184979e+00,2.535046847789893410e-03
1.229228129314062112e+00,1.379548462527012973e-05,1.539991833522142972e+00,3.318375412740365467e-03
1.929136376309534384e+00,1.452964576039251905e-05,1.765471453457220452e+00,3.984544012821967032e-03
1.980013869276611604e+00,1.359900349118295891e-05,1.378804047472216743e+00,4.419125994690001683e-03
1.347648760669883927e+00,1.240032769049015167e-05,1.942111918772416068e+00,2.933376526448038500e-03
1.127483621824646232e+00,1.202721020138539646e-05,1.159919320921041885e+00,3.419193508466995997e-03
1.216819797807255021e+00,1.179474635478664811e-05,1.823373983369629858e+00,2.805559990773419041e-03
1.352271719136151962e+00,1.088165907536695100e-05,1.728452591028428298e+00,2.917768318647195706e-03
1.647359473503699157e+00,8.973218745796114870e-06,1.643367978633126558e+00,2.999168776708130077e-03
1.891962432349784784e+00,1.067455193659783540e-05,1.625384008522537727e+00,3.524951048898242786e-03
1.645217741301490566e+00,1.381829373594917087e-05,1.722384375456163408e+00,3.633070819108379177e-03
1.125939805346802824e+00,1.164359944731841663e-05,1.914693759638760095e+00,2.616685657665417022e-03
1.613170398516612813e+00,1.223674191939677416e-05,1.928541403435276802e+00,3.199326319900137362e-03
1.058808630321473432e+00,1.069854850124954163e-05,1.008502463958775186e+00,3.351449535709169567e-03
1.626464636611581804e+00,1.257202192104225961e-05,1.005059214226917019e+00,4.510545338916567039e-03
1.133200200260791934e+00,8.693079934037937855e-06,1.645988546520178009e+00,2.446395974115691836e-03
1.336728691028475913e+00,1.445899875776945702e-05,1.585835356823485753e+00,3.491095239666998969e-03
1.931820589588519876e+00,1.095067206991524137e-05,1.265079486195969771e+00,4.089261421531590300e-03
1.513476848267667929e+00,5.487478175652868118e-06,1.887039974202616932e+00,2.097894980661090415e-03
1.355339549043110825e+00,8.524218513294039209e-06,1.752313720654250284e+00,2.567706685889021689e-03
1.727288575206013199e+00,1.073258140265550317e-05,1.191543810871662501e+00,3.944387176534076139e-03
1.302898318463211691e+00,1.095124691667170370e-05,1.230469245188176464e+00,3.405270888868569198e-03
1.451408940550679816e+00,1.046443101240108151e-05,1.106192196391337035e+00,3.705419744812433244e-03
1.577540026417814323e+00,9.210968644102024864e-06,1.417800826062324271e+00,3.201365298483646506e-03
1.050394012516748354e+00,1.218869221664438413e-05,1.373691641637639238e+00,3.052882196110191272e-03
1.267117191544104848e+00,7.615865971202175454e-06,1.197619858702071216e+00,2.838628399684403787e-03
1.892781873437875184e+00,1.207038130549616811e-05,1.961641010090772852e+00,3.412722791283920309e-03
1.844817462252088758e+00,1.161589278551643050e-05,1.221270115392473876e+00,4.188872415418128450e-03
1.175363349663366419e+00,1.013225205914442442e-05,1.873440985626271704e+00,2.521268257842354359e-03
1.172396832672433220e+00,1.190360541660881764e-05,1.373075687202571782e+00,3.188080954146253147e-03
1.262425978348638678e+00,9.284382785870591597e-06,1.026982321323151037e+00,3.378298314280549566e-03
1.417823000037341075e+00,9.119714339684889385e-06,1.738950901197839460e+00,2.726829389315307481e-03
1.049659892147774665e+00,1.420892900408761645e-05,1.134631978495518112e+00,3.625579761089531977e-03
1.209208743401515296e+00,1.170264312893444012e-05,1.770535007507665348e+00,2.827094729990593629e-03
1.082223883266273834e+00,6.769165017522483771e-06,1.239281674443293069e+00,2.431314240655523679e-03
1.493990281066336134e+00,1.185122309413910171e-05,1.194860976098524041e+00,3.849433169862001396e-03
1.892424774783251440e+00,1.399400539167449821e-05,1.178148911661314413e+00,4.741112250111127573e-03
1.742220814803539852e+00,9.723725605419897305e-06,1.871415962858556270e+00,3.008726988526650489e-03
1.270544090483874955e+00,1.323035244372932582e-05,1.020895181378521643e+00,4.057794041283489632e-03
1.382175306234082690e+00,1.245357538940552725e-05,1.916137614623262708e+00,2.997196686022380978e-03
1.446449068927820658e+00,1.336425725456728787e-05,1.235723399791812671e+00,3.955153574089328473e-03
1.811561132606259061e+00,1.457681880327100528e-05,1.961287693514783381e+00,3.669333814714402162e-03
1.405209509211294394e+00,6.032685157848025787e-06,1.138920305067693484e+00,2.728218831489749585e-03
1.543929725588409241e+00,8.396416663302588729e-06,1.627091067320395767e+00,2.822635666570110294e-03
1.916504574581229470e+00,7.442169527441900239e-06,1.519403335525147725e+00,3.063854744008798984e-03
1.002459296680957568e+00,1.423363677497362897e-05,1.210280880753095589e+00,3.433588352478663449e-03
1.697205331376320681e+00,6.972525093044671692e-06,1.937400210863025940e+00,2.471454191929185317e-03
1.196103899862594133e+00,1.187218097857423481e-05,1.597622956805492045e+00,2.981347236735851051e-03
1.008590017007062301e+00,7.592967877364151558e-06,1.945461689069569289e+00,1.984046161772510478e-03
1.960530056931141907e+00,1.485591895057670477e-05,1.722503042339840640e+00,4.112032270716052713e-03
1.884675648795507197e+00,1.065458912949698332e-05,1.908929242175357199e+00,3.243334543554164413e-03
1.207495978562926675e+00,1.286196939545055366e-05,1.885330617260714270e+00,2.870138287932607387e-03
1.326072361688269252e+00,5.194549059246259760e-06,1.352678952287235781e+00,2.256629034696484414e-03
1.127579918894386912e+00,1.084164743978463576e-05,1.301649008896158755e+00,3.064603975313990539e-03
1.961228572655789426e+00,1.062259554690208108e-05,1.751895152919808130e+00,3.448461434103878166e-03
1.467400556487387320e+00,8.605580607143671916e-06,1.426054559494568608e+00,2.975749418600252306e-03
1.206494803295697915e+00,1.294066660847353762e-05,1.243156896525332122e+00,3.543872432078346187e-03
1.195275019135992878e+00,9.322534428745432247e-06,1.745111340293082236e+00,2.526907527175178188e-03
1.127186296998483606e+00,8.970984219257582498e-06,1.261775729613835662e+00,2.830914884506100654e-03
1.659463228578837768e+00,7.879334758219110670e-06,1.425435341016578761e+00,3.028690056679912181e-03
1.971068272686820944e+00,9.552339852333831927e-06,1.116145328796460223e+00,4.107195195986785945e-03
1.134702411169265401e+00,9.207704568518611596e-06,1.667731621602661196e+00,2.502958191324113242e-03
1.956876192537070791e+00,8.495261128820280497e-06,1.008430947106487618e+00,4.060195623376942897e-03
1.499145630241927929e+00,1.058713732582549079e-05,1.787789276394887938e+00,2.979566075016234442e-03
1.059441106398448351e+00,1.047837976911422420e-05,1.359754694120860252e+00,2.857295740105128806e-03
1.594691543454248794e+00,1.313669468061421505e-05,1.255680867429907366e+00,4.084526896457207727e-03
1.353849077239591914e+00,1.196432114078688512e-05,1.802256362989643090e+00,2.997925758946804516e-03
1.654863241481056901e+00,6.966026129837277783e-06,1.581418769892726894e+00,2.699915422598635553e-03
1.570100667968826080e+00,1.005422800751468080e-05,1.739977067951803402e+00,3.012078955577429749e-03
1.725151532995755410e+00,1.021646741486964205e-05,1.827105032991741762e+00,3.105862637427039569e-03
1.775498428942952955e+00,1.210993048071957261e-05,1.378844833201383846e+00,3.948873968890650316e-03
1.266932135160971029e+00,5.366478353123983524e-06,1.009821380611957586e+00,2.594771302546098907e-03
1.645177097498384811e+00,1.052558073130792628e-05,1.581200118908353325e+00,3.309298494152342757e-03
1.549932860931209522e+00,9.964435028057039469e-06,1.368838398272297585e+00,3.358974394311349445e-03
1.886391725202894332e+00,7.606369463926093740e-06,1.822666585924739957e+00,2.805763321964226727e-03
1.635219071119942358e+00,1.165454187984700240e-05,1.669614639507978726e+00,3.378527460150225308e-03
1.910642844556714515e+00,5.971736321197976877e-06,1.065458306068718830e+00,3.272441097032815008e-03
1.137338943652904444e+00,6.334580948937730072e-06,1.192889571902647328e+00,2.457558016501941184e-03
1.432820381715391278e+00,1.176633308801242181e-05,1.860561935971650538e+00,3.010193257886518113e-03
1.560822979785287501e+00,1.447169209463714854e-05,1.902135188716776781e+00,3.446004118458664660e-03
1.381258801161291849e+00,1.036249881397033313e-05,1.451511806661988757e+00,3.140215765843187064e-03
1.638218948238925110e+00,5.877271640495773544e-06,1.637336845917868988e+00,2.424961437687274228e-03
1.649265823161470079e+00,9.019759772955527488e-06,1.271034832460896435e+00,3.421086765977362533e-03
1.274591147286059378e+00,1.122401953945082002e-05,1.704002502620882709e+00,2.897507319830419648e-03
1.422868983752269223e+00,9.741264209952744664e-06,1.308730401044069014e+00,3.254355720650670657e-03
1.749020859907890024e+00,7.606420322199583360e-06,1.659886059460057295e+00,2.831056364694168725e-03
1.212696234584521804e+00,8.948873764063255683e-06,1.397488547626606570e+00,2.786673429457517219e-03
1.791012462047972154e+00,7.466621199292615302e-06,1.902516297755955543e+00,2.651228566047910198e-03
1.009130235467773140e+00,1.048376115154560156e-05,1.617740148758510355e+00,2.557277081016837497e-03
1.824262343570507428e+00,1.461418893553391449e-05,1.455325780482432663e+00,4.280070220054320654e-03
1.316968052286813018e+00,1.320813250549765925e-05,1.983558312990862493e+00,2.961323426207930140e-03
1.458230690748800296e+00,1.279454716895496788e-05,1.041183144889959333e+00,4.233133963841940323e-03
1.546468215693074022e+00,1.216064860735083079e-05,1.659017967454388343e+00,3.366846557951174573e-03
1.434862324283937340e+00,7.142349974906203718e-06,1.242716289932504381e+00,2.871704071538962785e-03
1.828533518877624164e+00,6.493175560336334132e-06,1.547835739213027306e+00,2.769603507085405172e-03
1.525933746988027639e+00,8.336188153382898306e-06,1.878643239921336860e+00,2.602132674338205557e-03
1.754656984983553825e+00,1.292029166806908278e-05,1.550708339719206741e+00,3.823553861598939698e-03
1.995239900988701631e+00,1.316639425281747124e-05,1.077100516153111531e+00,4.938588847592205455e-03
1.837484929457394944e+00,6.896429119665092825e-06,1.730441481294635153e+00,2.706110788910880052e-03
1.765839654490826582e+00,7.991215832597469592e-06,1.105533009238693243e+00,3.572697168249068436e-03
1.374337652258132536e+00,8.143177294467274436e-06,1.474288245718609947e+00,2.755195789955639310e-03
1.195975886426044799e+00,9.036271633374616524e-06,1.072650820752747647e+00,3.174144295409863509e-03
1.865296552721327217e+00,1.462743440105461804e-05,1.779634191930853149e+00,3.915548905968560187e-03
1.998361618171444754e+00,7.128693125215065454e-06,1.056750668724207198e+00,3.671603152350921221e-03
1.911081256829290087e+00,1.390525855073626081e-05,1.256908167788257202e+00,4.598088612503795254e-03
1.881403445593535562e+00,8.730053135260529125e-06,1.046624288066477337e+00,3.961448429783722726e-03
1.290140385995604877e+00,7.727325126297118397e-06,1.339229027193220345e+00,2.728384986181245104e-03
1.516242760178411420e+00,1.304573770265193676e-05,1.623256957535094802e+00,3.490800703138787278e-03
1.606463881713083408e+00,1.318525371341195014e-05,1.782018591694851217e+00,3.447653512857037830e-03
1.796243870174588864e+00,1.220769079638046612e-05,1.692866236045190043e+00,3.599051725018624377e-03
1.277892286454166415e+00,6.040375741344351713e-06,1.745771700927059022e+00,2.102739035492203531e-03
1.140982153594282789e+00,1.030313245643776153e-05,1.537329666327256428e+00,2.765289237360401935e-03
1.622060773221395857e+00,1.499995395906265325e-05,1.984296544825189912e+00,3.501670164240408296e-03
1.431878840115315299e+00,1.350606901511240053e-05,1.888659656471785020e+00,3.199932123234420882e-03
1.211443161085580700e+00,1.020396220111971503e-05,1.849082818362502767e+00,2.585578693441697995e-03
1.911720117883195069e+00,7.971637459973669116e-06,1.817195617194260926e+00,2.895910159650453251e-03
1.771334273128987613e+00,1.355882093156384813e-05,1.015966394454875577e+00,4.862073883359391453e-03
1.240093595931885506e+00,1.146893802190246465e-05,1.231022867905075646e+00,3.399036083316065663e-03
1.156719663734634640e+00,1.105915414751908014e-05,1.384745958774404428e+00,3.039414715434284563e-03
1.529975172751558254e+00,1.498909839047587292e-05,1.236315779202615150e+00,4.306904488764522199e-03
1.599702340518156962e+00,6.957170264614276537e-06,1.571667214833881054e+00,2.661065774174956131e-03
1.270619643400006327e+00,6.386008809743045691e-06,1.616051823541167831e+00,2.240757699660839153e-03
1.484030421244071363e+00,9.140077415233402341e-06,1.214189009558047427e+00,3.342359730458334486e-03
1.781318320524226895e+00,7.123491795032810301e-06,1.936594192159567740e+00,2.559752164769610490e-03
1.539736618846426763e+00,9.255628237749073369e-06,1.812496254945801466e+00,2.804061996910901106e-03
1.209987457840032476e+00,6.226337034291187356e-06,1.469232996297473282e+00,2.264443090007297286e-03
1.446775060202042607e+00,5.158791794736346218e-06,1.757553931884950682e+00,2.060725649759377609e-03
1.702196875228708217e+00,1.159208628067569739e-05,1.451998789439483684e+00,3.686400954050439178e-03
1.660397253329200407e+00,1.361355023742454582e-05,1.624810827899840104e+00,3.729840840505023111e-03
1.418939041337956564e+00,1.456321673950497438e-05,1.465402827842271716e+00,3.755190840953254346e-03
1.283961297941123902e+00,5.378257422620520830e-06,1.988387991533436372e+00,1.863572072028332706e-03
1.338391097547959152e+00,9.283872123738502564e-06,1.775362976602248288e+00,2.645528930002471156e-03
1.291282356405409226e+00,1.476761806429104069e-05,1.803038595920890330e+00,3.252095741131535035e-03
1.079559781183599743e+00,9.655094227208993967e-06,1.708837384722576402e+00,2.469740014927355141e-03
1.188089410617157782e+00,5.603456213158452009e-06,1.234135918347430971e+00,2.322582009500945288e-03
1.750506692442857837e+00,1.339519632620752191e-05,1.045790609819018613e+00,4.735153480578517711e-03
1.116346169377796294e+00,1.429893905934386650e-05,1.498089770051235892e+00,3.264242625774068079e-03
1.932151198616486099e+00,1.057089157015335997e-05,1.494887599370861908e+00,3.696341546719939409e-03
1.247122000626111005e+00,5.184933330766056277e-06,1.228009330523867293e+00,2.294696352404515007e-03
1.682048768047166298e+00,1.320199354767153489e-05,1.465538647147358375e+00,3.892605679234042645e-03
1.241407676817261052e+00,7.902153861247490050e-06,1.445390484480336912e+00,2.605177738716572041e-03
1.968897112932298077e+00,5.405826135718735854e-06,1.486462010501660380e+00,2.675873882409435505e-03
1.945851562900810627e+00,1.457223951718087805e-05,1.221921714948307702e+00,4.817218137191259936e-03
1.735316005738921863e+00,1.199416532589400069e-05,1.463055886500587821e+00,3.771758204831202835e-03
1.854663176640854338e+00,5.569818608069190913e-06,1.469234610068843594e+00,2.651596734065371844e-03
1.749883158874513622e+00,7.949928385682503417e-06,1.917410686414735554e+00,2.693571834682433920e-03
1.840503241553255176e+00,1.342294722646640668e-05,1.967611520156320903e+00,3.543419382052038786e-03
1.064920437253379593e+00,8.832309850886606393e-06,1.063879698595277645e+00,2.973373512399921613e-03
1.059888973300906034e+00,1.393088878199447741e-05,1.230608343927959369e+00,3.463854744701022354e-03
1.942842601968562288e+00,6.899510058103071658e-06,1.253714175731172720e+00,3.269856297085412065e-03
1.380604712346753971e+00,9.713757562282893831e-06,1.728526040300359501e+00,2.785417773411080072e-03
1.969667166189595253e+00,9.353851059742346400e-06,1.123184574536090441e+00,4.050103136421631146e-03
1.920747533318617251e+00,6.316384899570246887e-06,1.357342697736326098e+00,2.989679819530528804e-03
1.033342899580333096e+00,8.503845678733232909e-06,1.414524417808118883e+00,2.492439874883681499e-03
1.370062089452974030e+00,1.289433175897967889e-05,1.793206516834184416e+00,3.138733122032926186e-03
1.335018025364646421e+00,1.338538599949471841e-05,1.801879030114700075e+00,3.149170677919901819e-03
1.431223902371249634e+00,5.743603458592735019e-06,1.688079021008400460e+00,2.206732179790624540e-03
1.508305020250402251e+00,1.068959999542393511e-05,1.132816285586085048e+00,3.772641809789714206e-03
1.801254059253023732e+00,1.388772621397823935e-05,1.456689938400906881e+00,4.143997636942678246e-03
1.251946869623842273e+00,8.918012161378314096e-06,1.687557256578435805e+00,2.572158465163800443e-03
1.848311674160116880e+00,6.099100910040206847e-06,1.957634631554204585e+00,2.399687520959968047e-03
1.345122381486454133e+00,1.314842821804744046e-05,1.620564213127644093e+00,3.303579003997459112e-03
1.108775946940600443e+00,6.843930328504565383e-06,1.216557599425970082e+00,2.497516407008031850e-03
1.290271778083835752e+00,5.808050902493460551e-06,1.015072010138080350e+00,2.717110994083186438e-03
1.153939292787701909e+00,5.754766682181307821e-06,1.830635019157104360e+00,1.904602974199218072e-03
1.807470557257601307e+00,5.565235927018820310e-06,1.289265577458873713e+00,2.793226876163006078e-03
1.506864953707851562e+00,6.726831455088318413e-06,1.806633636503633067e+00,2.368685455716620404e-03
1.151981154416532149e+00,9.968297029487308266e-06,1.373975984393909000e+00,2.890970109992957535e-03
1.863411917167802079e+00,8.441862932846751962e-06,1.186111708869713510e+00,3.641755509712187814e-03
1.758791998768438170e+00,7.241244652898550335e-06,1.922376476349906937e+00,2.573917539313651682e-03
1.306765871090410425e+00,5.762680511834666303e-06,1.944819959982871715e+00,1.967756979421128160e-03
1.461602391332001982e+00,8.068111004407476624e-06,1.008217388972370454e+00,3.419979186929799839e-03
1.497155156949811161e+00,1.033187589031699501e-05,1.785564228113504459e+00,2.943304925829357509e-03
1.673494339727215507e+00,1.371649419268813040e-05,1.671151646928116019e+00,3.706173575085302402e-03
1.582338104228093290e+00,1.157322271205048466e-05,1.749446204397024696e+00,3.235388983053955145e-03
1.513487344335687990e+00,7.814943482720024059e-06,1.902783765153705620e+00,2.493202760197208486e-03
1.387085106125940381e+00,1.381698467560580094e-05,1.937705226797591163e+00,3.144954284357648691e-03
1.658752560794866771e+00,1.329616259564324085e-05,1.060895267675582065e+00,4.559505099436469630e-03
1.868729314597828761e+00,1.136029204550114465e-05,1.307856600051924056e+00,4.028912941748332907e-03
1.869275313393840898e+00,1.175343172130280344e-05,1.336202028460134361e+00,4.054925843697085308e-03
1.564208601384600605e+00,8.463278686348314251e-06,1.221315356641709648e+00,3.292325356918975737e-03
1.806999106619895379e+00,1.093043301752382064e-05,1.910051995716781637e+00,3.215696534458980203e-03
1.624507822607946128e+00,6.796876526548029328e-06,1.101338293961622083e+00,3.166323058869745417e-03
1.339492491454663758e+00,8.393551742713876881e-06,1.595460945435940969e+00,2.654605188383468532e-03
1.631498769435441254e+00,5.935534244140560342e-06,1.398776899127092577e+00,2.631170898553148937e-03
1.017302372106848818e+00,5.159290103882727002e-06,1.321861551586839933e+00,1.992631619950102455e-03
1.268518474404412899e+00,9.914183259321478892e-06,1.238557897602676761e+00,3.186535146800287526e-03
1.771168274276280208e+00,8.928928935202721034e-06,1.148829587656228668e+00,3.710238172866895529e-03
1.414290289704277503e+00,1.185085256446769834e-05,1.941580256198117471e+00,2.938098854396976878e-03
1.720772396501316859e+00,5.999416169666661725e-06,1.230633498126706860e+00,2.896355349740588250e-03
1.533953557312912608e+00,9.311348744956134078e-06,1.493116751730914293e+00,3.092897431601419802e-03
1.432550591907381765e+00,7.414100019555465624e-06,1.186086401819894220e+00,2.992444063507830425e-03
1.090632962978245857e+00,1.247339004650768145e-05,1.742482425577603689e+00,2.794134823646115488e-03
1.141539801902313522e+00,1.281146757858433753e-05,1.814073659732849286e+00,2.839340724252414645e-03
1.624129293140614383e+00,1.329476184557505802e-05,1.401730940256627811e+00,3.924806507634852858e-03
1.814752471522155464e+00,1.292499191732187012e-05,1.266272283553079525e+00,4.303881327270280173e-03
1.619446108300500065e+00,1.231310804141806894e-05,1.217403825621279356e+00,4.047154315790246239e-03
1.524752905415837301e+00,1.247712600278141291e-05,1.009415956012465809e+00,4.341321334929085750e-03
1.235441248093168909e+00,6.296009048113058724e-06,1.330677482130631084e+00,2.417727311429406292e-03
1.697898007596188918e+00,1.033017904558661596e-05,1.853620399144864095e+00,3.076092024438937308e-03
1.935203363612135519e+00,8.736074437666201164e-06,1.582281683150667639e+00,3.268733904629786673e-03
1.402535494062832289e+00,1.233232537526742768e-05,1.268999987164239007e+00,3.691888776875138813e-03
1.983553609936293149e+00,9.564230255914175560e-06,1.820588542407833188e+00,3.228056149218161679e-03
1.101203710583647855e+00,6.124897810917252723e-06,1.944912043422592829e+00,1.862229807655122653e-03
1.547419612916982157e+00,1.214100487285281753e-05,1.214781034573335639e+00,3.932623442585178250e-03
1.758053362010178367e+00,1.264651852460595025e-05,1.322426105796965290e+00,4.100301686006913374e-03
1.614753691646045208e+00,1.409333522630125903e-05,1.861475487794659767e+00,3.496482615793677744e-03
1.082169947671669075e+00,1.371045302398850335e-05,1.361332046381484195e+00,3.301350255535134490e-03
1.025726294010370632e+00,6.441739364491145013e-06,1.635029748361959134e+00,2.010270453090201841e-03
1.202659835529988452e+00,5.088617583229983648e-06,1.783037132001180636e+00,1.852640343243023213e-03
1.301623632967641608e+00,8.458142983244807902e-06,1.569858658910177063e+00,2.648194916295971806e-03
1.716293877089451803e+00,1.398810108582524257e-05,1.886912908341844552e+00,3.566968547510771317e-03
1.975876589043686904e+00,7.581786349149614304e-06,1.487636844056834384e+00,3.173344455823946114e-03
1.907445102379177193e+00,1.398768470648325361e-05,1.042644869153713127e+00,5.058604613297150443e-03
1.021550357664690711e+00,6.057373064830902403e-06,1.036116649307333715e+00,2.443811616770129053e-03
1.736945731839256712e+00,8.509052762376291784e-06,1.557442952624215948e+00,3.080545723434515489e-03
1.014850981142558783e+00,1.317289528512661476e-05,1.310940680677261660e+00,3.193377326779533835e-03
1.579771703473203281e+00,9.776281360474916167e-06,1.360621911402911666e+00,3.369110700435056557e-03
1.997586004657383008e+00,1.343727919278185629e-05,1.533153117910927676e+00,4.184230958614806178e-03
1.574541025292846452e+00,7.270775148890895671e-06,1.851767907948655534e+00,2.486417597611608084e-03
1.875310732371475719e+00,1.360331782079664942e-05,1.046397484069020223e+00,4.937540814086299051e-03
1.781176205333431017e+00,7.696858857264369245e-06,1.924142518642870670e+00,2.669264345675357013e-03
1.740371711013121603e+00,6.744012157444339176e-06,1.471690738658427922e+00,2.824046877883059845e-03
1.431033669994457025e+00,1.135927938291995718e-05,1.262324439859561664e+00,3.588515457920819773e-03
1.979964641416040116e+00,1.269537433749677043e-05,1.985248053991538475e+00,3.558312476131657211e-03
1.575710013363901041e+00,1.296077974937639665e-05,1.905689525015647146e+00,3.273615280817592822e-03
1.279806951190010977e+00,1.284542157162103638e-05,1.260887556149047350e+00,3.610839909650691813e-03
1.465833037906936198e+00,9.353574109979447598e-06,1.238392087278784359e+00,3.327376649356532032e-03
1.976527763753130218e+00,9.805685099558591371e-06,1.117488878197061108e+00,4.164557146523243346e-03
1.737954131122525503e+00,5.311880450095808678e-06,1.033297736189068061e+00,2.989031984030088383e-03
1.307551685675415909e+00,1.093137167987110089e-05,1.062244334051187789e+00,3.668213048312999030e-03
1.474106888615268174e+00,6.878276076591968351e-06,1.580591074748969982e+00,2.532762846794422811e-03
1.530304215771227216e+00,9.791853770860837910e-06,1.175294301539180797e+00,3.570656162733337399e-03
1.492901351036728386e+00,5.148780535637724283e-06,1.321747731510807267e+00,2.411534386526757983e-03
1.642008851240329692e+00,8.601959390469901101e-06,1.140089627092963465e+00,3.519791545008193936e-03
1.710119143824894827e+00,1.100607508832666229e-05,1.276073301147983896e+00,3.840533953466524625e-03
1.838250145357836374e+00,1.126383706885995342e-05,1.086861122633106191e+00,4.364740790467200142e-03
1.030430790540213248e+00,8.905636681193955604e-06,1.530096365476159015e+00,2.448964607239860047e-03
1.360874623253704119e+00,6.494683300146295116e-06,1.106994476961758123e+00,2.825630176685447071e-03
1.364134194562053537e+00,1.318544590495502591e-05,1.013628267558305929e+00,4.212467872994149314e-03
1.412835963584129217e+00,1.325317002746604454e-05,1.392176328592329426e+00,3.667402974738642393e-03
1.376654599355328301e+00,6.961261738538559288e-06,1.979914841584039964e+00,2.200053394257422273e-03
1.176661357781441097e+00,1.488237337602777590e-05,1.116055753192192856e+00,3.961128200198545633e-03
1.484117667177344835e+00,1.446547208609443697e-05,1.876748500395463370e+00,3.382185587450402351e-03
1.253558430777951482e+00,6.169553369025955543e-06,1.396509859152695210e+00,2.353299219025065982e-03
1.339496201480583792e+00,6.400494275943298716e-06,1.218229473395129103e+00,2.652851553639065923e-03
1.765369546394323530e+00,9.307787129889294236e-06,1.492699397380820692e+00,3.317835561185441314e-03
1.243868537470261160e+00,9.524603465003854435e-06,1.296996729663545178e+00,3.022325621516528966e-03
1.726348152399918678e+00,1.473054948250455420e-05,1.107399023508260250e+00,4.792052834561999139e-03
1.150646149841007659e+00,5.190015977270597493e-06,1.975025902057888416e+00,1.738876922874715760e-03
1.892800608096539161e+00,7.427584906309411743e-06,1.118447744393068932e+00,3.545425768866430644e-03
1.546873681037722381e+00,1.140001016489662518e-05,1.986600935658284772e+00,2.979371963172383186e-03
1.952816455197856627e+00,1.419611459851339528e-05,1.759954680330281906e+00,3.968850306748902650e-03
1.934187804722212967e+00,1.429210407571405850e-05,1.149894198033944104e+00,4.903074182127841775e-03
1.585149253088544707e+00,9.745928151617856632e-06,1.478056530475971186e+00,3.232966173220515067e-03
1.592648232068003322e+00,1.166278993058486276e-05,1.012047432292813909e+00,4.284111099777735722e-03
1.562999225902902189e+00,8.207664338304126561e-06,1.894344312175176182e+00,2.602314106218684125e-03
1.524908800075190474e+00,6.969439795565841059e-06,1.419314889580227446e+00,2.736412032048005007e-03
1.439837848475650883e+00,5.019165322731613209e-06,1.259424176980976640e+00,2.395446799814266326e-03
1.292741667024664975e+00,1.410650798975593247e-05,1.375249488552473309e+00,3.641454493494058250e-03
1.564540447549008340e+00,7.201213180488748739e-06,1.544649738897784674e+00,2.700730343185092901e-03
1.341554857187067906e+00,6.949505404711862405e-06,1.848732348208327769e+00,2.245660739314347606e-03
1.565238205124912740e+00,6.033096464384636579e-06,1.300840957797215314e+00,2.694314282900067258e-03
1.872742184653748421e+00,1.148001017482575976e-05,1.920068467139544932e+00,3.346199080111822780e-03
1.297825919670773098e+00,1.478577535486770068e-05,1.567065313709562480e+00,3.499344701587322679e-03
1.555536329156781861e+00,1.435234683241143466e-05,1.070187860845002170e+00,4.567426100847949214e-03
1.877655878988132798e+00,1.402183053425821562e-05,1.022200782054925927e+00,5.075072529120409730e-03
1.750170394650828687e+00,6.121796884644363915e-06,1.801930951004899528e+00,2.438431455689621039e-03
1.265267379348812948e+00,1.476106036916023209e-05,1.999575978227672302e+00,3.056194420400618755e-03
1.059430062951532081e+00,1.051664930376782525e-05,1.698558619837228667e+00,2.561147391359772010e-03
1.564386729887538907e+00,1.113642818437168014e-05,1.923207359284396567e+00,3.009760692190361232e-03
1.518775580951149617e+00,1.489518156921344603e-05,1.328255599541837029e+00,4.126946852453483063e-03
1.698964701894549512e+00,5.545637029008842457e-06,1.597626444246407429e+00,2.428456218538064225e-03
1.603458579816939400e+00,8.546312156038352243e-06,1.091916320101760540e+00,3.542611842425343223e-03
1.905059169636337035e+00,6.558314945455623958e-06,1.671290621194756465e+00,2.734162867240503853e-03
1.613072445286429790e+00,1.403872980887315510e-05,1.704940429908984756e+00,3.644485606500772173e-03
1.903646907993224779e+00,1.182388320045487409e-05,1.561967610668568707e+00,3.796096572949895533e-03
1.679695732056181168e+00,9.236305819502328674e-06,1.877601689445751898e+00,2.874502745524313858e-03
1.139623014877809926e+00,1.403681734113392112e-05,1.070501867452865685e+00,3.865638297962411055e-03
1.877099900794107157e+00,5.583247732412025732e-06,1.306630207544427824e+00,2.832114420489857069e-03
1.661457748797823264e+00,6.793795215095500610e-06,1.758552946793998206e+00,2.533513089088234010e-03
1.688350756506963313e+00,6.075763822130067599e-06,1.816500907186675562e+00,2.376369505036840610e-03
1.642435849368467427e+00,1.192965510355128099e-05,1.447157841183855265e+00,3.679596531932773692e-03
1.645180389245652020e+00,1.231574922814317985e-05,1.307122105692949177e+00,3.937124070808285629e-03
1.250955781842927328e+00,1.086052021314022883e-05,1.188412772231978831e+00,3.381135987085492726e-03
1.725519771749948417e+00,1.398956765678376917e-05,1.690586261451129779e+00,3.778709006928047866e-03
1.285288452794585812e+00,1.495800824233516397e-05,1.470636108752159998e+00,3.615634939017505628e-03
1.623678914070364687e+00,5.655722996326652220e-06,1.365241227838835059e+00,2.593519055879710006e-03
1.847092569263636186e+00,1.412490491204771855e-05,1.134637330012943757e+00,4.795220288030436519e-03
1.546686913098391347e+00,6.698770866365217857e-06,1.332560086536088484e+00,2.788401876941193087e-03
1.330184858474115828e+00,5.186051430951502166e-06,1.174380831521407043e+00,2.423650163289763938e-03
1.555321381844946060e+00,1.486091382452266131e-05,1.765354437095631557e+00,3.618402480215898460e-03
1.327807634365809175e+00,1.083317414911419955e-05,1.728992169516341271e+00,2.884356451153661117e-03
1.994315471692141406e+00,1.107175755685925670e-05,1.837412082779163569e+00,3.466585601983521083e-03
1.106307679789856557e+00,7.723424217240027644e-06,1.191396047010288228e+00,2.678026258251216436e-03
1.286573996364967609e+00,1.406459496655875687e-05,1.669867650027541561e+00,3.291849518705325123e-03
1.682794272794540191e+00,8.433226185444311565e-06,1.070206400612191189e+00,3.641485750947138535e-03
1.821884623306049722e+00,7.033961007732201983e-06,1.036547542632161534e+00,3.516137097397621127e-03
1.440759601022222558e+00,1.292159893165974435e-05,1.965287242919684818e+00,3.077803379271953736e-03
1.175101180351573182e+00,1.031897149789303198e-05,1.392619700078333800e+00,2.950798611820769531e-03
1.230238792955828941e+00,6.799589701461431252e-06,1.237414721897674319e+00,2.600030383717749118e-03
1.016092402203705891e+00,1.229882040190759716e-05,1.013552594999204137e+00,3.511358619928257613e-03
1.472562040374189918e+00,1.474329380347904077e-05,1.931128951534478944e+00,3.352960392073086986e-03
1.877463761698515254e+00,7.107027131083230459e-06,1.335228889230851035e+00,3.161199525825269564e-03
1.915177048785752678e+00,8.708412209874671689e-06,1.632702919373265615e+00,3.196100070213867602e-03
1.690451008396699040e+00,1.477749503968345466e-05,1.234207556348554391e+00,4.498913105317854481e-03
1.531565649369718063e+00,6.632675387055255996e-06,1.182979859824750957e+00,2.930377051451714485e-03
1.740838095372557959e+00,6.711884896552722361e-06,1.398167936075490392e+00,2.890824800258645980e-03
1.444453279572702087e+00,6.576683391815317134e-06,1.297649001407157998e+00,2.705681042191572863e-03
1.222151579125409615e+00,6.836649926776844363e-06,1.213601331022100105e+00,2.623893391396166317e-03
1.512384222133511980e+00,1.282974499985241969e-05,1.112352827739272021e+00,4.176560719875126691e-03
1.753751737435314872e+00,1.443725664413440517e-05,1.125250529375488195e+00,4.743531430795770200e-03
1.017550854274905436e+00,5.034679030894918900e-06,1.038437590567264701e+00,2.221128862450637113e-03
1.466339872964029567e+00,6.103065492669841948e-06,1.784785753723192592e+00,2.239227875672998407e-03
1.476833254581672028e+00,1.480035348680664285e-05,1.788738623978693987e+00,3.495653143295043407e-03
1.026651605608456697e+00,1.381483294066158685e-05,1.871986886494631852e+00,2.752535716482505668e-03
1.111257160675359845e+00,6.696937061785949026e-06,1.684972061258942944e+00,2.101595079056777123e-03
1.596230596175369998e+00,5.889211426848389923e-06,1.491596933665742419e+00,2.510444632979378244e-03
1.400070576348880991e+00,7.037992568938752570e-06,1.473607771927088361e+00,2.585880282304875693e-03
1.414513603137717013e+00,1.074118813880993685e-05,1.528738995804998613e+00,3.152557772465630365e-03
1.001735950966395894e+00,1.446966335146769546e-05,1.473377914019331492e+00,3.136525089881846574e-03
1.217209568187772817e+00,5.927799777468759634e-06,1.599569821616373844e+00,2.123869561895949925e-03
1.759546881105496396e+00,1.209059058483638707e-05,1.403119356639365822e+00,3.893828960991155795e-03
1.087583439137364660e+00,9.627425048387109886e-06,1.185783342733338408e+00,2.971554455672017862e-03
1.668364757190396119e+00,1.175278782782688663e-05,1.780659077961260994e+00,3.318375761492664208e-03
1.666847420745948938e+00,7.677214341969072805e-06,1.474329366652628925e+00,2.946134016590531892e-03
1.425247355242518443e+00,1.310183864862757272e-05,1.471186151951221710e+00,3.562685047829605191e-03
1.617923777890764025e+00,1.247558030847657691e-05,1.205127787314253185e+00,4.092539283159076120e-03
1.906327983662038372e+00,8.902685401472350670e-06,1.160031843459706558e+00,3.824937731746613865e-03
1.266382269114798786e+00,9.186635110605865669e-06,1.904207082734392209e+00,2.471744382920940727e-03
1.754117334701390529e+00,1.057261359885218184e-05,1.834348365748065479e+00,3.179652006640236797e-03
1.768955746295398868e+00,7.592836625430677866e-06,1.614395911754921809e+00,2.884400002586174402e-03
1.303276220403745800e+00,1.245033306887130905e-05,1.103268042837074248e+00,3.835025015494356818e-03
1.188385370539432273e+00,1.080808324199440524e-05,1.805058329078710111e+00,2.667518061570990726e-03
1.896273985678178953e+00,1.144014621962007979e-05,1.975784587405983839e+00,3.313572937411312074e-03
1.111928235166656176e+00,1.485538924652552746e-05,1.374897304315527924e+00,3.466133349143574443e-03
1.247897915861406304e+00,9.251393746149373442e-06,1.253602492479864994e+00,3.034682001027531276e-03
1.005338963297499166e+00,6.125911059876583032e-06,1.920751475682289655e+00,1.790630646302837073e-03
1.869607257740536488e+00,1.209939621942359068e-05,1.795498554549135761e+00,3.549478191422706253e-03
1.497322246578817850e+00,5.004650520030908018e-06,1.856680994616442648e+00,2.008981189895197184e-03
1.774572155086344916e+00,6.759710879574022393e-06,1.697620368492437137e+00,2.658218053373261492e-03
1.503146298070645370e+00,7.858326741669189190e-06,1.221095827845104509e+00,3.110217733948376223e-03
1.630507320232774227e+00,1.437732256972920939e-05,1.127499051657570028e+00,4.559763230782423217e-03
1.141872547645030433e+00,1.177561544714450910e-05,1.275793723217808040e+00,3.246462515209651289e-03
1.781970199501087482e+00,1.246324855541701423e-05,1.984973500467968499e+00,3.344941216551202898e-03
1.034592327584327398e+00,6.074684222788162662e-06,1.044986907425788480e+00,2.452398578157120000e-03
1.239030734754718921e+00,9.287908885638264297e-06,1.560341100005080639e+00,2.715752817605769209e-03
1.781844861131588242e+00,9.832619245872371863e-06,1.853573119695858473e+00,3.074430600414537924e-03
1.183613668975880273e+00,1.350071060281735831e-05,1.541630039857409429e+00,3.219535497357703131e-03
1.115269062934787669e+00,1.092126595176039650e-05,1.374209322689997181e+00,2.977144223293231272e-03
1.652355940324903294e+00,6.069381959610603349e-06,1.656312572552595341e+00,2.460667246898803201e-03
1.595147432378702490e+00,1.477549222764719850e-05,1.456965529681796045e+00,4.022043422714779298e-03
1.176287900893123517e+00,8.773231785025159123e-06,1.027456471280571826e+00,3.169238336894388258e-03
1.179008831150245795e+00,1.200159364858091493e-05,1.916610160788088768e+00,2.717134238945696518e-03
1.386283014747606845e+00,9.615656629794384991e-06,1.003789774537293233e+00,3.644131503359450148e-03
1.608129271371691038e+00,9.549985637766129795e-06,1.797016010642311645e+00,2.923383992095479871e-03
1.316556533527279305e+00,1.275250818492036262e-05,1.034879610641514791e+00,4.027844043942243116e-03
1.188361805933915605e+00,9.429493828951961002e-06,1.542655082925540766e+00,2.695157288971822707e-03
1.100372775519832036e+00,1.251957575984782683e-05,1.241827725527591131e+00,3.330688739795274137e-03
1.288325288523192391e+00,1.371744409933296541e-05,1.831219739732841578e+00,3.106555627805650775e-03
1.933903834617827666e+00,6.458083383414442652e-06,1.858480054169753704e+00,2.592330139007879321e-03
1.798438953540640650e+00,6.303004922376735169e-06,1.562242989474992516e+00,2.693688556233091776e-03
1.698522129488772681e+00,1.422725103702407213e-05,1.099554590534021381e+00,4.688001090771998225e-03
1.153098067771696655e+00,1.272735461269252440e-05,1.088678055318597737e+00,3.671575473986099340e-03
1.809575232628829244e+00,9.297273091987762197e-06,1.219408746525439291e+00,3.714423880241971877e-03
1.921511192662529899e+00,1.173630971369280831e-05,1.256508476097464744e+00,4.236473838472191999e-03
1.893515503526107979e+00,8.705994338491666792e-06,1.238747427607854945e+00,3.647978247837759067e-03
1.752391089327849372e+00,8.869468515030813985e-06,1.847425806649437341e+00,2.900553052290244342e-03
1.705978516036481540e+00,1.006970240119737566e-05,1.538228563190562781e+00,3.341832366226310871e-03
1.647383385797673627e+00,7.907331416756269252e-06,1.994114700029642862e+00,2.555861076778733094e-03
1.087902567775402396e+00,1.085149655852193471e-05,1.765980702558421100e+00,2.585513695760443403e-03
1.016820669993620641e+00,1.076152138864923920e-05,1.156537778518164750e+00,3.075948839170446029e-03
1.557856741144687973e+00,9.495177355012604983e-06,1.818072162007169590e+00,2.852395489247698968e-03
1.016887182977848747e+00,1.441208670550186871e-05,1.830777514000945683e+00,2.829319774979472801e-03
1.025960247984957441e+00,7.337551244785349906e-06,1.594261064019634411e+00,2.173006977232164443e-03
1.985920564417027911e+00,1.359689286399855978e-05,1.734612042826355838e+00,3.945477723555712059e-03
1.853544310559744890e+00,8.571108741510624737e-06,1.101628084672140240e+00,3.797541156024989133e-03
1.445078497096773162e+00,7.113698797867751317e-06,1.338894862877650915e+00,2.770895951412341053e-03
1.589279339366235888e+00,5.943368327192749667e-06,1.813936453330896370e+00,2.281946232368546254e-03
1.187969623317595591e+00,8.070360121800241497e-06,1.625443279548639097e+00,2.428640402268801742e-03
1.310698441077810195e+00,1.447436426186530061e-05,1.216012621439602759e+00,3.949863605365751089e-03
1.629709177132024678e+00,5.225720957489338876e-06,1.972314626381308056e+00,2.077973791322472712e-03
1.206732851706141751e+00,1.004901135938327401e-05,1.902244977692258754e+00,2.524840881128368603e-03
1.873820254703855603e+00,5.776065864385970366e-06,1.066284391167594769e+00,3.185983388150801301e-03
1.909240790209991268e+00,9.747186310753781535e-06,1.041802663124447914e+00,4.226464779620038754e-03
1.078501964848736838e+00,1.370338565120120727e-05,1.332297692861436067e+00,3.330609929594948327e-03
1.326183580518681904e+00,1.396244209991740430e-05,1.924179259687590848e+00,3.102128268581430971e-03
1.537331273873362214e+00,1.360010302058502530e-05,1.393199121022507647e+00,3.873898470161468970e-03
1.800454128736248771e+00,8.307392065121640479e-06,1.072138544239184643e+00,3.735062982019538968e-03
1.234144011579463074e+00,6.319769764819308760e-06,1.836420380278375175e+00,2.060855286313570834e-03
1.614952848721732614e+00,1.101711615210340756e-05,1.972227903506249769e+00,3.003553264320497733e-03
1.344997152729092260e+00,5.168352631977203431e-06,1.907155471071880326e+00,1.909166046995809706e-03
1.321987765107205615e+00,5.476954988926157703e-06,1.420886583985353724e+00,2.257374407253394995e-03
1.689511669365496571e+00,1.472249127164665996e-05,1.411400995116332879e+00,4.198034863868801807e-03
1.409358926764470610e+00,1.065293477830403724e-05,1.946059243009213846e+00,2.777585336555214203e-03
1.646492221176997450e+00,9.407990512725480182e-06,1.259542011737362799e+00,3.506888420673650968e-03
1.341346439130471691e+00,1.090824023721494241e-05,1.630279300320837343e+00,2.995827618344626755e-03
1.702683834369009830e+00,1.346994746386093731e-05,1.324624921783756015e+00,4.161055385356141403e-03
1.990298111725935293e+00,8.618941494555009588e-06,1.215012809379950376e+00,3.757470707316524529e-03
1.904147214343191674e+00,6.674203533029156131e-06,1.239436281704199061e+00,3.202122053344939098e-03
1.052167912004670303e+00,5.931275924390241401e-06,1.902352934016445118e+00,1.811219328820807151e-03
1.880939645654825965e+00,6.210394191760140571e-06,1.502124878089890592e+00,2.788649899254069461e-03
1.139981365650121425e+00,1.104708396418195743e-05,1.719936041533500326e+00,2.705929983654970124e-03
1.687539943161800782e+00,7.789195376509722466e-06,1.123393986813254752e+00,3.420639305952336874e-03
1.658247677773138307e+00,1.199976510259606186e-05,1.924871678777314576e+00,3.215216189182015880e-03
1.602299988109104678e+00,7.278369822282765499e-06,1.227772691123076854e+00,3.081981230361791405e-03
1.779095528496116296e+00,1.127184998824373275e-05,1.880241653115326539e+00,3.265806127322238694e-03
1.041698396777308577e+00,1.013837074966640389e-05,1.248200309482209835e+00,2.908793823428569049e-03
1.136385392526077176e+00,7.722683486294906595e-06,1.092064479835574975e+00,2.834802442581678752e-03
1.456537777613225337e+00,1.375049969667064729e-05,1.957166428591346818e+00,3.198941058837448653e-03
1.309559859630411882e+00,1.326108484172704177e-05,1.526446671464197991e+00,3.372961515441306232e-03
1.802761357060273184e+00,1.033732792825012607e-05,1.777618137933305587e+00,3.237829908274335745e-03
1.851402371906744282e+00,6.470609350576632682e-06,1.782824034877768415e+00,2.592201503796737107e-03
1.173983432890040035e+00,1.240238498799897362e-05,1.896232420147599740e+00,2.771008159136957236e-03
1.230359371085850695e+00,6.678997058246053800e-06,1.360637299624591900e+00,2.457539068279951042e-03
1.964586271549369823e+00,1.449103274505162870e-05,1.511906639627527360e+00,4.339330552969410462e-03
1.178893315472240300e+00,1.473712559331870534e-05,1.358126646979488594e+00,3.576625839257439963e-03
1.934148130809517863e+00,1.019898948461914515e-05,1.984108544606380864e+00,3.153121635379483017e-03
1.967580257379510256e+00,7.221581680264021080e-06,1.368215989504223851e+00,3.222590045588463129e-03
1.073210771913231110e+00,6.520647350951760851e-06,1.173429477608595617e+00,2.442077100737001603e-03
1.792835166606975950e+00,1.189627321225780607e-05,1.843324488358518698e+00,3.401533478243933158e-03
1.042713484266393653e+00,1.421122781045227861e-05,1.661361446734005209e+00,2.986525529613006519e-03
1.418638721633679767e+00,1.402442541221279098e-05,1.169681311287134262e+00,4.124247006795581615e-03
1.689453499979574502e+00,1.295237380833250419e-05,1.105858750563233128e+00,4.448340026973615462e-03
1.048474020073093982e+00,1.239071431869862458e-05,1.797957099749572851e+00,2.688050022243634873e-03
1.493561075505395186e+00,6.321488837038386274e-06,1.943354471121763849e+00,2.204170416177618063e-03
1.167435911551419903e+00,8.578332778369203654e-06,1.257559049787665639e+00,2.821978987775022527e-03
1.778341860103604288e+00,1.122336351557557570e-05,1.013624159322394469e+00,4.437421301896662604e-03
1.694758706036781915e+00,1.451666339410124696e-05,1.171405156111008594e+00,4.582830285922444118e-03
1.388112407736287857e+00,7.322710891284918179e-06,1.858216178243542016e+00,2.338838012507233298e-03
1.053393130798585098e+00,1.049137649324773957e-05,1.681292927075181742e+00,2.563833301111816208e-03
1.654131517717966515e+00,8.234942936138303993e-06,1.200154066974713274e+00,3.368967448900177502e-03
1.484162549706330214e+00,1.162599207812852159e-05,1.780468450824383098e+00,3.113067979722398439e-03
1.091147439132932995e+00,1.366964914489697563e-05,1.268351339980064552e+00,3.429261602797734759e-03
1.342991156332211666e+00,7.840607562515689811e-06,1.678514993795960475e+00,2.504660244545200195e-03
1.341817665182698294e+00,1.189597494355429281e-05,1.074855803790207176e+00,3.853644692327696727e-03
1.502153313692434544e+00,1.252638009960791974e-05,1.486458645761994601e+00,3.557898114521788630e-03
1.261456204959538807e+00,5.061354969924417839e-06,1.491690195836600008e+00,2.068855553380594906e-03
1.175313230066652448e+00,6.584945722628122251e-06,1.104420602337450097e+00,2.647193345616511047e-03
1.318784859006118193e+00,1.469346316242641417e-05,1.940211032755420284e+00,3.160272816457269408e-03
1.106273736311961686e+00,5.559509325969744024e-06,1.689260261166411592e+00,1.908100519360511442e-03
1.994451867429337888e+00,7.585233551262936892e-06,1.358663544302887605e+00,3.336877759303652751e-03
1.976356309891049268e+00,1.441729068804224165e-05,1.013936917100939805e+00,5.301136436297896812e-03
1.057889645684201074e+00,1.262232941957518740e-05,1.700179785761954721e+00,2.802479949982318152e-03
1.047404438673461780e+00,5.820101478572048828e-06,1.311352401057543027e+00,2.156069597263109670e-03
1.923296679222835426e+00,1.013423303440418683e-05,1.489428805347982943e+00,3.617501415846042893e-03
1.687116225854457197e+00,1.231367351671333347e-05,1.940234870348737317e+00,3.272194916759025001e-03
1.756977056336264331e+00,1.344701780279184891e-05,1.743867515651181144e+00,3.680775174797615030e-03
1.545634355856319697e+00,1.020561707948101559e-05,1.250263496859311374e+00,3.551994136240349889e-03
1.082767078220124635e+00,5.823662094346137224e-06,1.723004097584506455e+00,1.913032948897488636e-03
1.861442787084169215e+00,1.209478671291317594e-05,1.105198738162719962e+00,4.513399360789001509e-03
1.861386354726574321e+00,1.352475012968580565e-05,1.538811738341513191e+00,4.044735649326524664e-03
1.806704344348692537e+00,1.134956623707805828e-05,1.459773317661106518e+00,3.747921324737846834e-03
1.666341880710398460e+00,8.030923392454194094e-06,1.426375303445980958e+00,3.063006306984174688e-03
1.792904745269213063e+00,6.940554968722231328e-06,1.927537447095057477e+00,2.540822317340498803e-03
1.957002899546903318e+00,7.212217193886645462e-06,1.948176361744357710e+00,2.691633954736134034e-03
1.427739221812454717e+00,9.768806681562350634e-06,1.800103531971251059e+00,2.783533553451642516e-03
1.969089583800505361e+00,1.454167808569094516e-05,1.200889034054094306e+00,4.883020651427034779e-03
1.847734415553378584e+00,6.331768482982578446e-06,1.645418701616346846e+00,2.666515256281236194e-03
1.870296696480413745e+00,1.118929510501212029e-05,1.753004636459566390e+00,3.455135509998824659e-03
1.027102993331987957e+00,1.283140460343955457e-05,1.448515545476644295e+00,3.016355443946323357e-03
1.505563059770173906e+00,1.141907205768169236e-05,1.026612446250525723e+00,4.092244930614151802e-03
1.623613217615452964e+00,7.799813368325433078e-06,1.831990096111661082e+00,2.629189165289746392e-03
1.763664120996960349e+00,1.448491268404210078e-05,1.418969824393938595e+00,4.243061248240410227e-03
1.841022507847842382e+00,1.208731908266554752e-05,1.190089134847330588e+00,4.324190291129348385e-03
1.285252245933761639e+00,1.430646606424870908e-05,1.780680193282570656e+00,3.213419362705087663e-03
1.315464839774600714e+00,8.058880464182651120e-06,1.091487448117274939e+00,3.116503409956804249e-03
1.904250264850423591e+00,5.120434834237868105e-06,1.068332431976695807e+00,3.021080013078676369e-03
1.653235450119405314e+00,1.008732433896780624e-05,1.337841173321690613e+00,3.530637000894864142e-03
1.278217289593860384e+00,1.202107702423920599e-05,1.890897929577388670e+00,2.850624350346551202e-03
1.707523749230386745e+00,1.452483812352130447e-05,1.600975607387299382e+00,3.935923687047105865e-03
1.742569004500562624e+00,1.484861668209504532e-05,1.727509707404313533e+00,3.870149504575957217e-03
1.361554633641671064e+00,1.295329291238032441e-05,1.158886794945895859e+00,3.901100352105215437e-03
1.420500868352131851e+00,8.173109880535249427e-06,1.160276932995134125e+00,3.163250544471994663e-03
1.439018962574888594e+00,9.875181463255676163e-06,1.159308309726062358e+00,3.501114599360337885e-03
1.172280964041573004e+00,1.024470286312702979e-05,1.019215454504009966e+00,3.432673834072416837e-03
1.510788574035992760e+00,1.206666954630059027e-05,1.815349745887684829e+00,3.168950104089606964e-03
1.292303881823431588e+00,1.427454815797943560e-05,1.640926815037754505e+00,3.352886895856207593e-03
1.980328205741844538e+00,7.869923319465137364e-06,1.646043977141649073e+00,3.077039844745386651e-03
1.817196097825052092e+00,1.054019368817344808e-05,1.951398617624095166e+00,3.132940861653797648e-03
1.931461587862140394e+00,8.792453556605999316e-06,1.235076788656060298e+00,3.708097110656193018e-03
1.136763613725065625e+00,7.202374781997532661e-06,1.690669991045380627e+00,2.200612209453065363e-03
1.450433694247424299e+00,1.335545162404236280e-05,1.932754239331163859e+00,3.165846925194648262e-03
1.856419345857024172e+00,7.597410512610770371e-06,1.162392895472421195e+00,3.483327961887848056e-03
1.471857906209485201e+00,8.433053177035364971e-06,1.012631679133093154e+00,3.501060431259045251e-03
1.094596230273968018e+00,9.596897614395541088e-06,1.095164530143100112e+00,3.097082113502264145e-03
1.449844944399919955e+00,1.107341065820420615e-05,1.865876000444792293e+00,2.933324387425246572e-03
1.769860246425024153e+00,9.037206965105547312e-06,1.740302153612172775e+00,3.031616573364203336e-03
1.519923793906249099e+00,7.096421133622274284e-06,1.307475613774637502e+00,2.872194184161093282e-03
1.159580959424102442e+00,6.024474500307775263e-06,1.010412804560040456e+00,2.629424482967446415e-03
1.634002769221552187e+00,7.016066590262296223e-06,1.622226773949468459e+00,2.658382460016805830e-03
1.913654296337004457e+00,5.279555227535364348e-06,1.766407821309631476e+00,2.391580047310701285e-03
1.024196818514257590e+00,1.493003330218689283e-05,1.667256251889354779e+00,3.028453586488394703e-03
1.370259947914900467e+00,1.069581622209576970e-05,1.026454426447886092e+00,3.778666922987768215e-03
1.200334173334827170e+00,1.429997192447868680e-05,1.245268512674363448e+00,3.712677057050057551e-03
1.161948605902152210e+00,5.065630924824680795e-06,1.419853363843821104e+00,2.036050213721537615e-03
1.431437009999906529e+00,6.253325910000007715e-06,1.499785707112670341e+00,2.443020141486734829e-03
1.967727940034326606e+00,1.060850298643661052e-05,1.172143761850924948e+00,4.220064971372096407e-03
1.161129066905489005e+00,7.411625598500296842e-06,1.641987491624719908e+00,2.289349310155406117e-03
1.592987035515903482e+00,5.734476183380995849e-06,1.831251555147103804e+00,2.233464192205464327e-03
1.656702094833009564e+00,1.295197313996524223e-05,1.360420394359808105e+00,3.971491261355652135e-03
1.508582206163610939e+00,1.140091206548586108e-05,1.323888037743416124e+00,3.604364133371406893e-03
1.997631005101803137e+00,5.770678740263660217e-06,1.884452190754709600e+00,2.473309820167232231e-03
1.152672672812167676e+00,1.035758192829120170e-05,1.081205805371477702e+00,3.322982106833737102e-03
1.805005008719883897e+00,5.623628513409200159e-06,1.830529307035323461e+00,2.354827910462293106e-03
1.325394243962166207e+00,1.073192730385318002e-05,1.330589796953007387e+00,3.269559963556141133e-03
1.740393012114028304e+00,1.341236680002585860e-05,1.320908572754741384e+00,4.203780168258024544e-03
1.336738245682489890e+00,1.101699845822848444e-05,1.751862279250363308e+00,2.899378075190770909e-03
1.279346388632683240e+00,5.166388305480905948e-06,1.694631283639017161e+00,1.974922175652476988e-03
1.943291612422528569e+00,7.406836898850304804e-06,1.638743161703783979e+00,2.963670604633200124e-03
1.450584447911956953e+00,7.613876367310807298e-06,1.781268652994030033e+00,2.490059393731144238e-03
1.098358378301230065e+00,6.092829638014570312e-06,1.108374220926763520e+00,2.457187758122326201e-03
1.233705863764592348e+00,1.391068589017707639e-05,1.029416428770954184e+00,4.083048503456256431e-03
1.982706038901106638e+00,1.458684631822067954e-05,1.907479703155077644e+00,3.893856169979723232e-03
1.634107828330421341e+00,1.360711012008063330e-05,1.999458326587377766e+00,3.334779526836429905e-03
1.140209550960203266e+00,7.353427244395416068e-06,1.648483977450784455e+00,2.255250937423156337e-03
1.025634121373439234e+00,8.055640159918584458e-06,1.737401805123099052e+00,2.180701013158624964e-03
1.045959564767034777e+00,9.997773134003468993e-06,1.390896479234022376e+00,2.741963584917920128e-03
1.220813947594175497e+00,1.262018075457595546e-05,1.877115276727827187e+00,2.864917080734961929e-03
1.928325331744201288e+00,1.365060275984268911e-05,1.380486463660139496e+00,4.366666167430088841e-03
1.420210615527681242e+00,1.349930791999581355e-05,1.802867413483128178e+00,3.260995763698100024e-03
1.074129751077888884e+00,6.203600063517588912e-06,1.115240757333483046e+00,2.444364413768115342e-03
1.264348908604026267e+00,1.383262394845866789e-05,1.125084461397239721e+00,3.942695079717031120e-03
1.233382216233644524e+00,1.381092994192607495e-05,1.648800775102635896e+00,3.214224526808826064e-03
1.288395572533210576e+00,9.778981588190327891e-06,1.848444406631831294e+00,2.610767690184312862e-03
1.544229958270040060e+00,1.283198096007193395e-05,1.754081470831317491e+00,3.361073111963354832e-03
1.817185870979552087e+00,8.640189160644847396e-06,1.543580438980073577e+00,3.189309509961021742e-03
1.087425718955346010e+00,6.467992531238945307e-06,1.441696993693302176e+00,2.208755066152016337e-03
1.409120742149511329e+00,9.901282122810548398e-06,1.627124342208568386e+00,2.928258754582366199e-03
1.448311746995748273e+00,1.186056744091237481e-05,1.239408164633807985e+00,3.722858964562398166e-03
1.879331200643934885e+00,5.914329659981603164e-06,1.559845358703581208e+00,2.669399983935576062e-03
1.577324461262693100e+00,1.327169539032333612e-05,1.897773137658319564e+00,3.321250052891351872e-03
1.973570459690840995e+00,1.443283629914365486e-05,1.656516273604998535e+00,4.146716143963218026e-03
1.587005091544232638e+00,9.349705122033447825e-06,1.022961513350190810e+00,3.808539548259207673e-03
1.764342388447300181e+00,1.379414524471218276e-05,1.009427891236133190e+00,4.910222603246996304e-03
1.506620922798049378e+00,6.716657358832047351e-06,1.747679705905783365e+00,2.406288372459613415e-03
1.106776378399498162e+00,7.593761907618989682e-06,1.751846051052587505e+00,2.190334579995610945e-03
1.086096811950750585e+00,9.285014256379029541e-06,1.866895321504583594e+00,2.324157595773236173e-03
1.410187456216544621e+00,8.582246068016808100e-06,1.306655966497823673e+00,3.043394678241769652e-03
1.407822708893797570e+00,1.320371683352062443e-05,1.550916953759953198e+00,3.462005969338868925e-03
1.808705386798002301e+00,1.160026777339433663e-05,1.646499824578914417e+00,3.569744053261362030e-03
1.028393167580437861e+00,8.518525382258801398e-06,1.885933806199109553e+00,2.155254593873229783e-03
1.045310126904093417e+00,1.381210003445449775e-05,1.620633939207111407e+00,2.984763819334147923e-03
1.388578223828257352e+00,1.003909089271963384e-05,1.393919408105889213e+00,3.162376221183336132e-03
1.049296227828917738e+00,1.224517199621795824e-05,1.405193837570422710e+00,3.023871851935311817e-03
1.258697696087748952e+00,1.051318303408833247e-05,1.192018773625613370e+00,3.331856463553240291e-03
1.524515879253041106e+00,7.075768158224963466e-06,1.195606004773372533e+00,3.003715043646629831e-03
1.035760400961914351e+00,1.230400792264901697e-05,1.956225657217301350e+00,2.552369094324343120e-03
1.200523568804143126e+00,5.812095082861783562e-06,1.353635363994221796e+00,2.270392035498000356e-03
1.821747919678269323e+00,1.493217516664281655e-05,1.909056351015252506e+00,3.774820501616586721e-03
1.395203781438303814e+00,1.194645876424744354e-05,1.122996563370541434e+00,3.852558152531745765e-03
1.233127962138540923e+00,1.269161514290615737e-05,1.971738884649994361e+00,2.817330645928297229e-03
1.222914126570862958e+00,1.079792246123035193e-05,1.512837760709575541e+00,2.954417758653756984e-03
1.547641950358072283e+00,6.748507067668118590e-06,1.646062474242421914e+00,2.518929096175392349e-03
1.575840051669642028e+00,5.318799860147255543e-06,1.285352248012044285e+00,2.553593773869402856e-03
1.293159666143643305e+00,1.101898336527234098e-05,1.907307782337009705e+00,2.733294632578436075e-03
1.097786259430062028e+00,6.281884655096742887e-06,1.485235376248747130e+00,2.154796352465828280e-03
1.768049376070075507e+00,1.460184132315872442e-05,1.367568399593858341e+00,4.344866916363564202e-03
1.043877309009872967e+00,1.310440439972974241e-05,1.900964928205499005e+00,2.682540700025373790e-03
1.226753620614248419e+00,8.412398951810116951e-06,1.174672811429591679e+00,2.964013286557313619e-03
1.192310578885239725e+00,5.799858699224637738e-06,1.926206837065314481e+00,1.894750128318469949e-03
1.831139776919771922e+00,1.227593731259866796e-05,1.650219330735602785e+00,3.690772230333720129e-03
1.456059922935848405e+00,8.439762213387460085e-06,1.357001519331910711e+00,3.009293607656783522e-03
1.938955087967790814e+00,1.448862133970752332e-05,1.490508684785227800e+00,4.341403484693809149e-03
1.710767156856386251e+00,9.905114742163774398e-06,1.349882120003812247e+00,3.543050031255383977e-03
1.215039044353580344e+00,1.193668481766485128e-05,1.008214970101665608e+00,3.792804079885632278e-03
1.830889666985341169e+00,1.297539938374242383e-05,1.192171407928166005e+00,4.463978590881906294e-03
1.997434716966965507e+00,1.443077704268934031e-05,1.206332360426598527e+00,4.888185363929435819e-03
1.287196633973360260e+00,1.196069186792198682e-05,1.933465042664615829e+00,2.821840333062381866e-03
1.980933208389596523e+00,1.205491592612944098e-05,1.559685323369515819e+00,3.912897905049613628e-03
1.540557257010074066e+00,6.005507352175600012e-06,1.293801124297835559e+00,2.674114577270448462e-03
1.483670702486767468e+00,6.338440727251815472e-06,1.766655946954970524e+00,2.307193329118765145e-03
1.071364934494822396e+00,1.166059008969610412e-05,1.490343309777033109e+00,2.895248312215597999e-03
1.978456657699790178e+00,6.682044041623869120e-06,1.120907591054423946e+00,3.434258896780051189e-03
1.242434780651718196e+00,8.622771275758716990e-06,1.438212095245115396e+00,2.729284224885774723e-03
1.312482314432250607e+00,1.189120820124125972e-05,1.573588028342845391e+00,3.149301210956239640e-03
1.401120551404704484e+00,1.034360836724861425e-05,1.809567538706959855e+00,2.829999687398061792e-03
1.847115018211468840e+00,5.561158400678100784e-06,1.071981658534581161e+00,3.095536470458449402e-03
1.304522361670385155e+00,8.385529439074966833e-06,1.069355253938317096e+00,3.198379581347683860e-03
1.888392996148577030e+00,1.288905425982098601e-05,1.992381002892190001e+00,3.495187837244891332e-03
1.903990696457814380e+00,9.312564716318136163e-06,1.218356860297099331e+00,3.814870556442976051e-03
1.615762209643033964e+00,1.236206113508593057e-05,1.728852133347622111e+00,3.399031908973275829e-03
1.513545955324504977e+00,8.912669160974808885e-06,1.174996798418013633e+00,3.388311713661711945e-03
1.881224091727434766e+00,1.434914930026227875e-05,1.660088207828522400e+00,4.032438576581772079e-03
1.303209477720221887e+00,1.369919637094389479e-05,1.622135902654373352e+00,3.317500844754145677e-03
1.770166064396446970e+00,5.066876642381922399e-06,1.293467150612939376e+00,2.633294724453565713e-03
1.314883639395640236e+00,6.542431305557558362e-06,1.660269649116425494e+00,2.276270825146265060e-03
1.262888015603694125e+00,7.439633954893208972e-06,1.082960952391450071e+00,2.945451025248918813e-03
1.306090777771567790e+00,1.376121182141659373e-05,1.609419687674142674e+00,3.341799321935381463e-03
1.070876262725431571e+00,1.400055282573701239e-05,1.410728180339408722e+00,3.260022274103539786e-03
1.947270019110247663e+00,8.798130455959766818e-06,1.660060740484217590e+00,3.212523386131815439e-03
1.312567151201047944e+00,5.701043778931372350e-06,1.246600065681320535e+00,2.450046804006718402e-03
1.940685452682770595e+00,1.036376799900152408e-05,1.663815264255483317e+00,3.476833265781944984e-03
1.732298809364468228e+00,1.238125446075385500e-05,1.398966551524845281e+00,3.915525554135631039e-03
1.687470231383011665e+00,6.176476490377808162e-06,1.908636844766719021e+00,2.336828307035211487e-03
1.617773682235507104e+00,8.281009342938958260e-06,1.853287677261310495e+00,2.688617996657518151e-03
1.527897061493483921e+00,1.048992445990690805e-05,1.561945109534288889e+00,3.203320140891719250e-03
1.464029851430225015e+00,1.279291507772345709e-05,1.524832076491033472e+00,3.504682781343038296e-03
1.650032480987436934e+00,8.883075683100241806e-06,1.298373504640728537e+00,3.359913568657848636e-03
1.080101891473415954e+00,1.083166016528613727e-05,1.858791869023626031e+00,2.508791064735199205e-03
1.377106057359982483e+00,1.464995256279561127e-05,1.412855714621923386e+00,3.778791216717457442e-03
1.350951591370454841e+00,1.173539940448548145e-05,1.007612289272959316e+00,3.966633754930731434e-03
1.247004693780220164e+00,8.648915530870087182e-06,1.256050820683922264e+00,2.930294474033005945e-03
1.784386678410568638e+00,9.133171741974595209e-06,1.284503496939648048e+00,3.561948638168421430e-03
1.798781336090040872e+00,1.150226317467278684e-05,1.532004556650372384e+00,3.674944697088211240e-03
1.089115011811770284e+00,5.169502773307712685e-06,1.078147952091399686e+00,2.285188749491888754e-03
1.186670167581298063e+00,1.208504475560725756e-05,1.467472534533776241e+00,3.126109260653598277e-03
1.434141994128903974e+00,8.578052706598661125e-06,1.466647564000491899e+00,2.896193329926426922e-03
1.902040496165191108e+00,1.185351525653190234e-05,1.019118744766729812e+00,4.703499110972875728e-03
1.148029471926296452e+00,1.465076374902763454e-05,1.840521627146814110e+00,3.022986367914380895e-03
1.271088434451117077e+00,1.125795107793608313e-05,1.152309810855169925e+00,3.523975921685642242e-03
1.344766511834336598e+00,1.072044878326630581e-05,1.494488124006419394e+00,3.105872988961848585e-03
1.473558677797848659e+00,7.156879201026678441e-06,1.960528283867011723e+00,2.319311089874969561e-03
1.958538131959113304e+00,7.665260538428703607e-06,1.942226598547033278e+00,2.780222332126477958e-03
1.193636160275950875e+00,1.440481764314863848e-05,1.798766063043388375e+00,3.091736856617554544e-03
1.879416036207499641e+00,5.581527078082700082e-06,1.383691726449951531e+00,2.753393672331841489e-03
1.100784334893155414e+00,5.114619285062057540e-06,1.290002896369215168e+00,2.089115414413669509e-03
1.304338805487777364e+00,6.253539415567959170e-06,1.289753399063241712e+00,2.514807881682722904e-03
1.378297002761510015e+00,1.117431132012564747e-05,1.547101653204379978e+00,3.155167095717018901e-03
1.335104409383391921e+00,8.211035416149544056e-06,1.268311779325066446e+00,2.939974508551504873e-03
1.036311741066405556e+00,9.757479255500426209e-06,1.050191826218065394e+00,3.102985246746168147e-03
1.829294629704898201e+00,6.439273074629254704e-06,1.025732621951214174e+00,3.388778376451650511e-03
1.252822068784801735e+00,1.332036033753522232e-05,1.153978927427122825e+00,3.802802274681940480e-03
1.317760841905055713e+00,1.359345499598968671e-05,1.584302117445296032e+00,3.362514954996351137e-03
1.202984620533504856e+00,1.461672384759689645e-05,1.843247876777088567e+00,3.088610812000687055e-03
1.852327271960597876e+00,1.002524027771503859e-05,1.525037320835552102e+00,3.489522634195236367e-03
1.217953856286703385e+00,1.085040457050386408e-05,1.664962800236192697e+00,2.817319595330494524e-03
1.682382769095883690e+00,7.893387321309282810e-06,1.314291079486223701e+00,3.178691148840320259e-03
1.697131283845666250e+00,7.112126949395268226e-06,1.523842812006896974e+00,2.814410122617531408e-03
1.623804028003315469e+00,8.006949742483538676e-06,1.510736265143683754e+00,2.933634681322702317e-03
1.279794882163278302e+00,1.217443750767793602e-05,1.864786580789780324e+00,2.890547225873108233e-03
1.890681449021321736e+00,7.042837069007514282e-06,1.208627920987929816e+00,3.319224984034743406e-03
1.049980895888655841e+00,1.264381676280812406e-05,1.011269825191545735e+00,3.623233064524494697e-03
1.873514416063831289e+00,9.884091402077694829e-06,1.483232723497324379e+00,3.533395460927382572e-03
1.129025033670850053e+00,8.492262646969426045e-06,1.355428287926634612e+00,2.659654489404041609e-03
1.749807757479503234e+00,1.297171242239749498e-05,1.360179435059304165e+00,4.085034442651640577e-03
1.878412195138915664e+00,6.082534364342641271e-06,1.521725298379450253e+00,2.740120140147650832e-03
1.708474815664950741e+00,9.210957994356775647e-06,1.260471261554584554e+00,3.533378949716143615e-03
1.099027875617127448e+00,7.492238636807587465e-06,1.459690026568069232e+00,2.375088705932091454e-03
1.123918120632703577e+00,1.263472824478473525e-05,1.220311088541031319e+00,3.411261482212638810e-03
1.854979468508970442e+00,7.504347510775258824e-06,1.872354592566563447e+00,2.726666183221698649e-03
1.380466812960496892e+00,8.199275213190948520e-06,1.379305631737392623e+00,2.864642708782744445e-03
1.904431891245308872e+00,6.720598102804486242e-06,1.195824508643092976e+00,3.271545465558226354e-03
1.476379675929106794e+00,6.642651845843193840e-06,1.688637229582230281e+00,2.409914276172836316e-03
1.624526315995178383e+00,1.100704873405810116e-05,1.845520196648348765e+00,3.112715433361174910e-03
1.033590031730539982e+00,6.170063849805982403e-06,1.017497214425119090e+00,2.503527525918376306e-03
1.465587935127359298e+00,1.487522580381437306e-05,1.386808543944924477e+00,3.964874724597397884e-03
1.520512295066124508e+00,5.854408674985791481e-06,1.383341340017238741e+00,2.536715766151215537e-03
1.895809466894548212e+00,9.840437700537360042e-06,1.060821851928012372e+00,4.193564462713544883e-03
1.465525407837457772e+00,1.062201392359231141e-05,1.649178404379362028e+00,3.072318880055124792e-03
1.540903140659947823e+00,1.371766641763842696e-05,1.909746214068747117e+00,3.326901632158170592e-03
1.464861506635155353e+00,1.288431846720506816e-05,1.228612927378887942e+00,3.919416969125358308e-03
1.571218965724135108e+00,1.098616585286331986e-05,1.831967205279970923e+00,3.069605641940453909e-03
1.384392989012024788e+00,5.134464463212449498e-06,1.521198546608343527e+00,2.161644742175178411e-03
1.650179434425625757e+00,6.560475528843662891e-06,1.731713147493676441e+00,2.500318118583382335e-03
1.929330373610018468e+00,1.325596446765361019e-05,1.098433769488369904e+00,4.825274542705953150e-03
1.629899803052842877e+00,1.243403628914924521e-05,1.239232932701653578e+00,4.043989746318376460e-03
1.540599705332899694e+00,8.754638495018203997e-06,1.467497974306582353e+00,3.031623457147096003e-03
1.031650546574756078e+00,6.280556944895886569e-06,1.078201930914382878e+00,2.451406495414486068e-03
1.235922342013321629e+00,6.266096218777746995e-06,1.101088423055343046e+00,2.652058032140564622e-03
1.202388204760119317e+00,6.084611582712525838e-06,1.418531461324223475e+00,2.271011311397778086e-03
1.674204563056999051e+00,1.110721876125404965e-05,1.872504599185585761e+00,3.151341559206981714e-03
1.031793148476434219e+00,1.186623737492344658e-05,1.321560869084920986e+00,3.043751904491328111e-03
1.528706611458470199e+00,5.398098072642711479e-06,1.178505771904144517e+00,2.646163046552356575e-03
1.555591378972433159e+00,1.232834334675994323e-05,1.251304633157965140e+00,3.914881294126032821e-03
1.234205403349038388e+00,7.484200407559765697e-06,1.434792402987465909e+00,2.537300421454051491e-03
1.286709528418134907e+00,6.517574810530218875e-06,1.301552738109442497e+00,2.538355151231385439e-03
1.076139116973644505e+00,5.199788239505468573e-06,1.802827872871742398e+00,1.761772820793889227e-03
1.203289569585577867e+00,1.033929073379120204e-05,1.692726205727837607e+00,2.711047275950550887e-03
1.823671614233488558e+00,1.400008964852990354e-05,1.903418904204805084e+00,3.662448599639434466e-03
1.659313669543668102e+00,7.771828802818341340e-06,1.569278851184127799e+00,2.866657430385007900e-03
1.522897866252147736e+00,1.483511260458705825e-05,1.361976541213308245e+00,4.072827336594219728e-03
1.530717960720354931e+00,1.329893091893190351e-05,1.253418827543397729e+00,4.030025991333134085e-03
1.167772765158325621e+00,1.216927317440379076e-05,1.453718472057055955e+00,3.126592896329182403e-03
1.947711288489229586e+00,6.025357878379117371e-06,1.075247278322483346e+00,3.303691897804523093e-03
1.225624531075959478e+00,1.433405653622637929e-05,1.623175119713836434e+00,3.289884039568685432e-03
1.190928246689700654e+00,7.557617122608475782e-06,1.398052970433526054e+00,2.537309396995418923e-03
1.934398944266034981e+00,1.339892241561155381e-05,1.040174269617797798e+00,4.991773902209700742e-03
1.737589913035689770e+00,7.658628794656480057e-06,1.755916382445846136e+00,2.752943118958873885e-03
1.881413477406229884e+00,1.024077455148402000e-05,1.159549727501329786e+00,4.076278412610727722e-03
1.972264578183187123e+00,9.370872199657661776e-06,1.494461739901590924e+00,3.516658484252510250e-03
1.290233428219080158e+00,1.180853209270694434e-05,1.471471162515533671e+00,3.217779083364449930e-03
1.391158024654737702e+00,7.787695056131812573e-06,1.322908159060848465e+00,2.861724712314855056e-03
1.056940786077688710e+00,6.798975525742518066e-06,1.426647690561541282e+00,2.244340252413576636e-03
1.923515094360654709e+00,9.078145708971759137e-06,1.548862523777809308e+00,3.357684903412712796e-03
1.534975324598889745e+00,8.908822264372384930e-06,1.766961243908828472e+00,2.781937280963285575e-03
1.003100423862757218e+00,1.475873340171978676e-05,1.979771679011879337e+00,2.734570958491637158e-03
1.557365130488573168e+00,1.008838079535604834e-05,1.014450743387283804e+00,3.935414435184012016e-03
1.691642536752212767e+00,7.876054249215427817e-06,1.968508694122874214e+00,2.601596737698497631e-03
1.976293702743645575e+00,5.465395223370303686e-06,1.557693412414933753e+00,2.633270890350219821e-03
1.976351801657165730e+00,8.921670100786110124e-06,1.810558484278782077e+00,3.120677776098831555e-03
1.531707928264911756e+00,1.412543020850800271e-05,1.216658846917587855e+00,4.217007882341450818e-03
1.753033406537600314e+00,6.261905655972636077e-06,1.555197287021599095e+00,2.656780109655723383e-03
1.643077586570626192e+00,5.378997203909230361e-06,1.258725767576560184e+00,2.649806332139698333e-03
1.779718068054434443e+00,1.055409294078101997e-05,1.836295407923378864e+00,3.198267521559593988e-03
1.348621803906118188e+00,1.391869684460390254e-05,1.321108454383222552e+00,3.769425293605153937e-03
1.697641315221835701e+00,1.141269219563663650e-05,1.156392044886553894e+00,4.093214203838061414e-03
1.777721201223750658e+00,1.263465503971051705e-05,1.137874362163636910e+00,4.442898219568399733e-03
1.372105699824937020e+00,5.271383255145770108e-06,1.818351253740877693e+00,1.994422616593020600e-03
1.927728234198711865e+00,1.018637944884289137e-05,1.521352727449529318e+00,3.592674490805413800e-03
1.437492566666832117e+00,1.478907078650899576e-05,1.536508076910559462e+00,3.719682092016579882e-03
1.642432880185497268e+00,5.034655935153270801e-06,1.776614322770515120e+00,2.157407251237137939e-03
1.392103004189651161e+00,1.422863581317312064e-05,1.326471066756470307e+00,3.864278568976899086e-03
1.402270555275464625e+00,1.189194562756082394e-05,1.975582669176414452e+00,2.905325266657451163e-03
1.200060810374938391e+00,1.241720523110107847e-05,1.826274843846893425e+00,2.856475397431342423e-03
1.647340610849680642e+00,1.027787584242982150e-05,1.978971372321283617e+00,2.924984911503418147e-03
1.213197097303956529e+00,7.119776605465136018e-06,1.740415955912326007e+00,2.227780184800827370e-03
1.551987321570473588e+00,1.224587117832958157e-05,1.335346812148960449e+00,3.772609819699979453e-03
1.117755895072951589e+00,6.704556581697376713e-06,1.039265737865848083e+00,2.685314826372563104e-03
1.516440015407703790e+00,1.298958872948079559e-05,1.122976918484565712e+00,4.188175803890486874e-03
1.086967593432129009e+00,7.028426100125702798e-06,1.521312332984164684e+00,2.240929256443166626e-03
1.888635404797437189e+00,6.413469109488261289e-06,1.354004999227183648e+00,2.990958816528117847e-03
1.772620913730425629e+00,9.051829376498763636e-06,1.456931091450000437e+00,3.318612985960478923e-03
1.152873295375826945e+00,1.224533642279378642e-05,1.590855553219880925e+00,2.978933279410634835e-03
1.772174176221434694e+00,1.232098274784076793e-05,1.125915415862381419e+00,4.403753424431527085e-03
1.638026590896674684e+00,1.469859534939122603e-05,1.103525593370431990e+00,4.670971159987973714e-03
1.171082406625180372e+00,5.300507693434432363e-06,1.010170783541411321e+00,2.478877474621979729e-03
1.320348211527444082e+00,9.020280227827574284e-06,1.786742594907348991e+00,2.581803945713955634e-03
1.418647656801899748e+00,9.691979601102444113e-06,1.481255219795098776e+00,3.046692134323716796e-03
1.880706332088725619e+00,1.111143149377811563e-05,1.207174535378577440e+00,4.160643133030466310e-03
1.716804116718936069e+00,9.981489701116884485e-06,1.658675357893040214e+00,3.214233019194271106e-03
1.066929902885157100e+00,1.297493471840332322e-05,1.207576303985843813e+00,3.385815144127821575e-03
1.594216062781226739e+00,8.688978513731958049e-06,1.727813025694526994e+00,2.831454454014580881e-03
1.837588495273915878e+00,1.017007966784021886e-05,1.402668292938659800e+00,3.650134092350588305e-03
1.794335312628428714e+00,7.497420748331481134e-06,1.995459027377384675e+00,2.596488099972843900e-03
1.795367453770219779e+00,1.121183814846354795e-05,1.290205075209359897e+00,3.949896455368060583e-03
1.373641051947943392e+00,1.484934495930810696e-05,1.994875086290779587e+00,3.197661040391702649e-03
1.440916495548461906e+00,7.202608666724806270e-06,1.279092865524284361e+00,2.848480678475826759e-03
1.511418259330618019e+00,5.637879758748329362e-06,1.214873811890401223e+00,2.648406540395822992e-03
1.504212149291428879e+00,1.491724929362496131e-05,1.576173165907082119e+00,3.773088180118440525e-03
1.038780568735424570e+00,7.355109248328096287e-06,1.885374136053686867e+00,2.013064545374609795e-03
1.942406077758018546e+00,5.539762283206808566e-06,1.574197214798588540e+00,2.614484123243471236e-03
1.338938630596497426e+00,8.586574246506961127e-06,1.828880575465730907e+00,2.507249925315736816e-03
1.159688960412310177e+00,6.070043888028502949e-06,1.232585266970711135e+00,2.389781478423049551e-03
1.912907414468433487e+00,1.411312015298822812e-05,1.308192856152444961e+00,4.542789445862705465e-03
1.513230543729111144e+00,7.452709180411805899e-06,1.816080151360982775e+00,2.491966103834270582e-03
1.243467102488421405e+00,5.418534178744172631e-06,1.034328516659388519e+00,2.552282891505228916e-03
1.643649299235396377e+00,1.347966275378408122e-05,1.412242971070467146e+00,3.960858994424130107e-03
1.272473350401740255e+00,1.204120081906267844e-05,1.282627368077764451e+00,3.456280621082091949e-03
1.428015966562584227e+00,1.460438107484672468e-05,1.468499296044341040e+00,3.768523593433852591e-03
1.102593276918995890e+00,1.005175550325489265e-05,1.638989551460735772e+00,2.600402265439371360e-03
1.278548593355239849e+00,1.463047545992071291e-05,1.555761433167701435e+00,3.467498954151521963e-03
1.286892195431024621e+00,5.248227087625174372e-06,1.248266426310105537e+00,2.326075183200112129e-03
1.715839525548429778e+00,1.420027981692705455e-05,1.706953576158641850e+00,3.778121586496568929e-03
1.469911179150287461e+00,1.133724879300497285e-05,1.511616295552841827e+00,3.320309763828619733e-03
1.228013921816675236e+00,7.880200797980648782e-06,1.378350357870014697e+00,2.649661988753480336e-03
1.854648511706579184e+00,8.426520950538160369e-06,1.272822796420911118e+00,3.504055591865605414e-03
1.224555671438853244e+00,1.214617431943960542e-05,1.347240045491633342e+00,3.322664796978359522e-03
1.296764922745559545e+00,1.109434627582278331e-05,1.646490781915944890e+00,2.955982331491642957e-03
1.664273867968290244e+00,1.118255675059147666e-05,1.189515748445180154e+00,3.955467808390247808e-03
1.415542220627863834e+00,9.995820041551043463e-06,1.442915604921077843e+00,3.131483753897679537e-03
1.365935927637571989e+00,1.446457025284212487e-05,1.572858288392986026e+00,3.544240092887692047e-03
1.652134768460338021e+00,9.403764237121646892e-06,1.946759077031321672e+00,2.824993789664226405e-03
1.251828731846987397e+00,1.048790944474473503e-05,1.740160966367183093e+00,2.746769464041822362e-03
1.298296353281157112e+00,1.263274520434856364e-05,1.586291117664726524e+00,3.215469102299765760e-03
1.206710263353919288e+00,6.718919525299804505e-06,1.279048608353208660e+00,2.517721556026422929e-03
1.061027804466300184e+00,1.367656760501171422e-05,1.717346084507917148e+00,2.906852722894595013e-03
1.558891148686651462e+00,1.335161843986869398e-05,1.747628988182216236e+00,3.451041898385900138e-03
1.190634695800482312e+00,9.222929674504213405e-06,1.632730423948415055e+00,2.593381884634340245e-03
1.436948791267676606e+00,1.306033211259305916e-05,1.533313807040337373e+00,3.498502856991185603e-03
1.869730004605651974e+00,8.040154790727853948e-06,1.622087334631752586e+00,3.044279597279690979e-03
1.676863903873393014e+00,9.931077676545687000e-06,1.976278030014046561e+00,2.902839848205567789e-03
1.786880746671602571e+00,5.360932929688703126e-06,1.330238184588849570e+00,2.683510299953209034e-03
1.479626042572879996e+00,1.127471692125086797e-05,1.433458190346610150e+00,3.411428642219670009e-03
1.276284638174058905e+00,9.325924155614521977e-06,1.574924278379213671e+00,2.749095782637072782e-03
1.507044453824097907e+00,1.181736094365859355e-05,1.252474761810598913e+00,3.770845946464390901e-03
1.671780393622592342e+00,1.406063133173030328e-05,1.000716052013202795e+00,4.846593453284394996e-03
1.501323735201688603e+00,5.330160921586967817e-06,1.087677939944855954e+00,2.712421484025844595e-03
1.171911121524419119e+00,1.077740384807905096e-05,1.358637792766848040e+00,3.048965925518379652e-03
1.860260653421484278e+00,9.122199323733860734e-06,1.596139029825380806e+00,3.260628500029233521e-03
1.105970759538032588e+00,1.150668684045150922e-05,1.197172738545865478e+00,3.260382549226255658e-03
1.786093024759200176e+00,1.054777492345312687e-05,1.013321823998570848e+00,4.311801567565544564e-03
1.964414944930668927e+00,1.308366693269057208e-05,1.399958861084622530e+00,4.284732540716216891e-03
1.100720014591588747e+00,1.201547807223799557e-05,1.735202708227039370e+00,2.760793036603533240e-03
1.857252580461164815e+00,1.316732107701964802e-05,1.374765390548976951e+00,4.217643840548912677e-03
1.539042488829607036e+00,1.001297778898857215e-05,1.649296855885972857e+00,3.056733071514312981e-03
1.582974163333944695e+00,1.341133026172732285e-05,1.003728863946061534e+00,4.599012980603908382e-03
1.771562815684614378e+00,8.673627621063193302e-06,1.751650743231255358e+00,2.961794386410167117e-03
1.958931492215676196e+00,8.380875330979321457e-06,1.393813669976198710e+00,3.432036946431873264e-03
1.809740774649581274e+00,8.734730531876997047e-06,1.378701088245108286e+00,3.386085205563726681e-03
1.564607485721154712e+00,6.797609220532133126e-06,1.774778123283273779e+00,2.447985075063418333e-03
1.386411169470922466e+00,8.637041823720407712e-06,1.793354130320615969e+00,2.584017835355552177e-03
1.305785532211756861e+00,8.865621280024839649e-06,1.985239775161722786e+00,2.414815917491798958e-03
1.994252165500456808e+00,9.052487469085039893e-06,1.578460164939093247e+00,3.381872180503477359e-03
1.753694232936732655e+00,9.876324658246207993e-06,1.401107348217385695e+00,3.515919398277833618e-03
1.577279694966102763e+00,1.238870092884123633e-05,1.378869454548436568e+00,3.764485816773536098e-03
1.675311530001381888e+00,1.383253317214827287e-05,1.438563435022675474e+00,4.013600482665009503e-03
1.584114639193599405e+00,1.464833363426543369e-05,1.661947583678645479e+00,3.736618451320957747e-03
1.565453310186197378e+00,7.404430295818567652e-06,1.448580382509550013e+00,2.828750113961153115e-03
1.443084583875138049e+00,9.153852008095913047e-06,1.281224782661898320e+00,3.210962042747422286e-03
1.817119698894241075e+00,8.850378541851932165e-06,1.547338638195431937e+00,3.223888449587328578e-03
1.491893906359580413e+00,1.001017393044004164e-05,1.002205298505513653e+00,3.860214472194545884e-03
1.820922271567966044e+00,8.743014193887509375e-06,1.172150633637685235e+00,3.685399582231858439e-03
1.242360969273014648e+00,9.263026075244803440e-06,1.455780159018405850e+00,2.811592943875700166e-03
1.897347624856781323e+00,5.636773509169158739e-06,1.600131355464299965e+00,2.585299895446991399e-03
1.635890118666997850e+00,1.002721875737078662e-05,1.635416035923891620e+00,3.167037337748829489e-03
1.322675014201158739e+00,1.159803390367828748e-05,1.389667976742978039e+00,3.322486591067952324e-03
1.472204078286422080e+00,6.399443255227162355e-06,1.269460938352355406e+00,2.724240426901534690e-03
1.032690223201027546e+00,1.402018462505472728e-05,1.912738127680148725e+00,2.751275884914495921e-03
1.255133244525406200e+00,9.679455526874399798e-06,1.916500329838923378e+00,2.517769287715564477e-03
1.520334989867211606e+00,6.138998128646807057e-06,1.075842140639395872e+00,2.945398898580000886e-03
1.324431210728657771e+00,1.364871877219653895e-05,1.893148942495880505e+00,3.090069549142510953e-03
1.490153858299971157e+00,1.461710628542638879e-05,1.235912953290786431e+00,4.198095522916021893e-03
1.991570005461209769e+00,1.329929188536485603e-05,1.341612305914663850e+00,4.443227299250478678e-03
1.882015365729964307e+00,6.043426801803532453e-06,1.982953940079349220e+00,2.394952489012196293e-03
1.441452388810618990e+00,1.336712481521453927e-05,1.949945582502894625e+00,3.143459772385023918e-03
1.794243945701960108e+00,1.376633707781792842e-05,1.106999235748271637e+00,4.723634478019743572e-03
1.500767386337789056e+00,9.461382456718160747e-06,1.331916207400241969e+00,3.265092873272190058e-03
1.533369649403949708e+00,1.372428572573441296e-05,1.342937948396627057e+00,3.958588273820233712e-03
1.127246546351811762e+00,1.075081722494122244e-05,1.644695268647350606e+00,2.714485176672519484e-03
1.395932825500996177e+00,1.327535851047049084e-05,1.813845942135605682e+00,3.196356342509569341e-03
1.157291997838411746e+00,1.121146001439789134e-05,1.677108904842077752e+00,2.781454300341914578e-03
1.457856356179039192e+00,5.232120407527911878e-06,1.235187982675814755e+00,2.485018941820859879e-03
1.621655023562141196e+00,8.035487545079015898e-06,1.987171502554441416e+00,2.560752921083218718e-03
1.458928447325091859e+00,9.985488952231352748e-06,1.328796198253040739e+00,3.311101359548315921e-03
1.327675974309727502e+00,1.040043083107707080e-05,1.298616266856405188e+00,3.260853545751809818e-03
1.252237042720960147e+00,6.736902591985000648e-06,1.951084900774571862e+00,2.079386994281809137e-03
1.388783661567237093e+00,6.677179581591793692e-06,1.835327402897872995e+00,2.247796823300893428e-03
1.110222976000548423e+00,7.171105768707835368e-06,1.845308165939365752e+00,2.077130188140626291e-03
1.424044987457505407e+00,1.023668864448172168e-05,1.669798959131887806e+00,2.954673579791658802e-03
1.997336178924940420e+00,1.370285413219705012e-05,1.023054587472043586e+00,5.172276080044203861e-03
1.500269197055493109e+00,8.847058210827568332e-06,1.729334061716460091e+00,2.770413474875297721e-03
1.037442104841263202e+00,9.731801512134547925e-06,1.530822067620884575e+00,2.568125239879555984e-03
1.391051464136598526e+00,5.667513044233563237e-06,1.726828181556074870e+00,2.136698766030969369e-03
1.806854228372608784e+00,6.086888713066825118e-06,1.315316942863136385e+00,2.891638722244137521e-03
1.390425033816075517e+00,8.422285383675963467e-06,1.889081335869407186e+00,2.489794121132848145e-03
1.861643773231179022e+00,1.332081318574570439e-05,1.632716966735323627e+00,3.897249472670200054e-03
1.178024264386627440e+00,8.713343709259124448e-06,1.460340235385745089e+00,2.651200147697133861e-03
1.348587552949533253e+00,7.364865954413150854e-06,1.886038453931517811e+00,2.294809955349273300e-03
1.941468081982983929e+00,1.460943886545140768e-05,1.636731050963364797e+00,4.162873696857322808e-03
1.060133517642992462e+00,1.488936994993773520e-05,1.862698050718044174e+00,2.911033565907128386e-03
1.581666042496610913e+00,9.010271179169014946e-06,1.704054419193025804e+00,2.891908823724566747e-03
1.134983763245172916e+00,1.336346782079306740e-05,1.759394782902575116e+00,2.936112963460299225e-03
1.276315205071711256e+00,7.765181415834924425e-06,1.071492996815833543e+00,3.041305913388067227e-03
1.853803519408613987e+00,9.682069141561348841e-06,1.775470304291628665e+00,3.179502966847643896e-03
1.741275177643220040e+00,9.237386730578545311e-06,1.462758282284841282e+00,3.316056981749272107e-03
1.698599244059986191e+00,8.361912815422307697e-06,1.562638227448625461e+00,3.014873250982968295e-03
1.932016731192609527e+00,9.780711898866845021e-06,1.101588123323122614e+00,4.141723024317259944e-03
1.806593666737673409e+00,1.423925729165712346e-05,1.814488829983107454e+00,3.765275521599914955e-03
1.675054259617647201e+00,7.644380899329651972e-06,1.318037744467975614e+00,3.116891434614031502e-03
1.327214013222686839e+00,5.803184080587034952e-06,1.190709736262406615e+00,2.543318206945326902e-03
1.034996363897701777e+00,1.295353991269638865e-05,1.978829439554314229e+00,2.602911872928878340e-03
1.859626676261051159e+00,1.066090846670711398e-05,1.861524663584662065e+00,3.263439709483571208e-03
1.570398448613681275e+00,1.411405816336200585e-05,1.252091301863995199e+00,4.207391070561576109e-03
1.261625358199517155e+00,9.947851941557449453e-06,1.819997587895678004e+00,2.625998387074972382e-03
1.690936757739579299e+00,9.660474030638669732e-06,1.703677233176913441e+00,3.096486858943940570e-03
1.685207786764447935e+00,6.672368307915705479e-06,1.441287095763234216e+00,2.793132157478832745e-03
1.539499618776684731e+00,1.381300701847110234e-05,1.694586493795616100e+00,3.542436212203470009e-03
1.580715721262033746e+00,1.288656467011305810e-05,1.561374760216443391e+00,3.611951314108421095e-03
1.874639500396865888e+00,5.293057283960010554e-06,1.766206951489077692e+00,2.370234875916686981e-03
1.476400712194375631e+00,6.574303054054191641e-06,1.928959870772580576e+00,2.243186519891979605e-03
1.571380992328399673e+00,1.325813969741561669e-05,1.772433048892908758e+00,3.428444500263065024e-03
1.414655036431171187e+00,1.376214513291876959e-05,1.015704007193456437e+00,4.378090743960794291e-03
1.084579318051882790e+00,5.278384873390261764e-06,1.608174216986658411e+00,1.886751216095981917e-03
1.474740656473928935e+00,1.478743067309237557e-05,1.863292096436891532e+00,3.421083832230623501e-03
1.549041478270001715e+00,1.326809004654312067e-05,1.734143538136145191e+00,3.442652660246578802e-03
1.798885281284265281e+00,5.099757068706884125e-06,1.505661091860107881e+00,2.468384806453211618e-03
1.933813191016409583e+00,7.884595181386930642e-06,1.956082992127701203e+00,2.791922256535888519e-03
1.750903912158785269e+00,1.092854387191683700e-05,1.826827927462843171e+00,3.236409635281690522e-03
1.146261514546905946e+00,6.493422926740519295e-06,1.790970841684335735e+00,2.038611374567860304e-03
1.154942189674506015e+00,8.424198588539400873e-06,1.643570185644231962e+00,2.433045854434020064e-03
1.713514436385047635e+00,6.938837578869105888e-06,1.905778883359853682e+00,2.497761628423957221e-03
1.692521560834618466e+00,1.009905411307680841e-05,1.644214787785553966e+00,3.224246073398331306e-03
1.632520790584139903e+00,1.137430321962348022e-05,1.639072013154645013e+00,3.365834392620010562e-03
1.988172031616388669e+00,1.364998617593192608e-05,1.214794253253576706e+00,4.726522410878703818e-03
1.161758632596441521e+00,1.102445305911799438e-05,1.493015551749669267e+00,2.928898453262383014e-03
1.361428980678050182e+00,8.725153388532292254e-06,1.424597100642627012e+00,2.887606447407967038e-03
1.368507754617779737e+00,1.068319541011550197e-05,1.312934547448842526e+00,3.336972897798292856e-03
1.998526025049708110e+00,1.246302880329634583e-05,1.296327573856770998e+00,4.383382040794215999e-03
1.775608943421074670e+00,9.381710762630856768e-06,1.870145704020366839e+00,2.984536947742980322e-03
1.052452500671030133e+00,1.077239188339407008e-05,1.490503063698361164e+00,2.757978572212663008e-03
1.239726920126502652e+00,9.420771409510292902e-06,1.506366207631470555e+00,2.784459892114255278e-03
1.713319444720465157e+00,8.174428232365771652e-06,1.036929086838237035e+00,3.675135331916381479e-03
1.798592843129355634e+00,5.369257675751029685e-06,1.052193315131776830e+00,3.029533677658670984e-03
1.116151799889224749e+00,1.266340090811267748e-05,1.355107482895853810e+00,3.229608938605871976e-03
1.827829588508820491e+00,1.307908316626699578e-05,1.609267014160423059e+00,3.854272777301626009e-03
1.968680782028533915e+00,9.395819784494303527e-06,1.286887335854116632e+00,3.791270106062785087e-03
1.299747667304362420e+00,1.117946042843580299e-05,1.396674188541917605e+00,3.225465427789815133e-03
1.241208743605930254e+00,5.401167866520322346e-06,1.997176899106610559e+00,1.832137161816009769e-03
1.858128279876101185e+00,5.413929280980987259e-06,1.554994603196136138e+00,2.543487998786100792e-03
1.827864812831309305e+00,1.261916224949723628e-05,1.093970399559898166e+00,4.591816379359932657e-03
1.229310035802291923e+00,1.404613095862306297e-05,1.313016533856304013e+00,3.626385526670940131e-03
1.922966050068738220e+00,7.769650846119928125e-06,1.002337808031035227e+00,3.860819550396194042e-03
1.834060641477275100e+00,1.010872874509029442e-05,1.755000055964813122e+00,3.250248374074599274e-03
1.313863751384759970e+00,8.955874187384845766e-06,1.894205187648776878e+00,2.492387971228812206e-03
1.941416030922552771e+00,7.947534809219279986e-06,1.766674967823857134e+00,2.955270219017782501e-03
1.368784284786358274e+00,1.320183905703099894e-05,1.750097640275456445e+00,3.213317080614205238e-03
1.818982191752788635e+00,9.309617710328076887e-06,1.246707020748626382e+00,3.685512977454958282e-03
1.947789329774338718e+00,9.008533966515552520e-06,1.225932752409380599e+00,3.783247270457850992e-03
1.619922413229993641e+00,1.211980073367063706e-05,1.214801229503682078e+00,4.020149793748620422e-03
1.394781275766533657e+00,7.135256619631694699e-06,1.456590006306908602e+00,2.613901330941696428e-03
1.757377675684020701e+00,7.486325312860517847e-06,1.125218215401375677e+00,3.419389101364994198e-03
1.886373927288504060e+00,1.279903060590578711e-05,1.909573561226916016e+00,3.555774694313581282e-03
1.304201526834786851e+00,1.261173866264148150e-05,1.347668822675277100e+00,3.493560293101071346e-03
1.901621821755376640e+00,1.155805991878410349e-05,1.950115628855267458e+00,3.357177977535430024e-03
1.432793577483027159e+00,6.202393342462113959e-06,1.703953797344748722e+00,2.283718437167470746e-03
1.004350607812500185e+00,1.179103339503469401e-05,1.904031357945786374e+00,2.493914496992656517e-03
1.266128556682037720e+00,9.241728683862088890e-06,1.881509825706831229e+00,2.493803694331230263e-03
1.120759294680786056e+00,6.766438051355653243e-06,1.275128246289775724e+00,2.438705156427157465e-03
1.650462306360966469e+00,1.314171702433360289e-05,1.098023405088361493e+00,4.444501551251944273e-03
1.214277262640713895e+00,6.926826766585274577e-06,1.864307119401184654e+00,2.124062862255808766e-03
1.557963003734020413e+00,1.234455478628818055e-05,1.555642657091035996e+00,3.516101182827664675e-03
1.749908621164627753e+00,1.150888905685222202e-05,1.307687502191080320e+00,3.924392170714871564e-03
1.826496317988671958e+00,1.141210282323355170e-05,1.259409594291878154e+00,4.068260366870518098e-03
1.631682227688736608e+00,7.875610816075658558e-06,1.855585703300036915e+00,2.631597142222504883e-03
1.059738011689733028e+00,7.311631242024185383e-06,1.161189510323772378e+00,2.583181038361938558e-03
1.754267910549404785e+00,8.759171975741422776e-06,1.134287520262891258e+00,3.680593961896679728e-03
1.544498332924209905e+00,8.416680280006522857e-06,1.345828386207397198e+00,3.107916162038175042e-03
1.770235576244081344e+00,1.412982380409446298e-05,1.244656683422705079e+00,4.482900686265864180e-03
1.120492931510129075e+00,1.167308473261707979e-05,1.804798452664714947e+00,2.692049397120339395e-03
1.026118539381161821e+00,1.393542124297281331e-05,1.571361015940681893e+00,3.016621558928949277e-03
1.939784308697062531e+00,6.844200774598089220e-06,1.935043107605474155e+00,2.619345393116960345e-03
1.054061688401307872e+00,1.233770692762618762e-05,1.693660296747901750e+00,2.771003572506209722e-03
1.092426471141230149e+00,1.476372008946423347e-05,1.513104852433051484e+00,3.264821914684027954e-03
1.840680325177689536e+00,6.142852831727382533e-06,1.708323477146904468e+00,2.572700232846325367e-03
1.233819660867093937e+00,1.070574664160498814e-05,1.946306806019358682e+00,2.605125639463599062e-03
1.869037212068830112e+00,6.827261168481522566e-06,1.430704195812617430e+00,2.986464158179245182e-03
1.591947147138630836e+00,9.188555488397146534e-06,1.289909078790197672e+00,3.367506122006735155e-03
1.133487870051637092e+00,1.057206188251795257e-05,1.995487926893476427e+00,2.450550938692314541e-03
1.325104034310113255e+00,1.135430532015321862e-05,1.297887534782948826e+00,3.404761861699760229e-03
1.217377006770527625e+00,1.362985176359975372e-05,1.439938122164205581e+00,3.394581177346977195e-03
1.620002425849165650e+00,8.776897083352886092e-06,1.276577814395489341e+00,3.337372546689420637e-03
1.384205144855358505e+00,1.038316092535371629e-05,1.885950971178151470e+00,2.760576730857502818e-03
1.135278415978830502e+00,1.050950702179365026e-05,1.959696018077457857e+00,2.467447993521573821e-03
1.349776276278956910e+00,6.520143987374809592e-06,1.282160782092587326e+00,2.619921290959696322e-03
1.751061123600755831e+00,8.587178330119306794e-06,1.354790437176111473e+00,3.331500116512058074e-03
1.310213927645983656e+00,6.022366209162682696e-06,1.393365200559434802e+00,2.379699976277782018e-03
1.643869826335501827e+00,7.411780143724836152e-06,1.406300052700736547e+00,2.943445368960516482e-03
1.300755234418285777e+00,1.149396078001605891e-05,1.949348410492253381e+00,2.769414185530612131e-03
1.036998696868801417e+00,1.134299811570014103e-05,1.737121989032483604e+00,2.602183246277415662e-03
1.204140405655963697e+00,1.407432721407778125e-05,1.884251210696972212e+00,2.999045019958993755e-03
1.669242603984318229e+00,1.044904354200374390e-05,1.605720759342665893e+00,3.295816235043767892e-03
1.707643544965945281e+00,5.595294700411742153e-06,1.797080738294765778e+00,2.305824760761073216e-03
1.361022237272536017e+00,8.189569653438558339e-06,1.070305516995913697e+00,3.227076561183197731e-03
1.418575808881339606e+00,1.026703883448785473e-05,1.060394675672030607e+00,3.706082714220404906e-03
1.755842442980840357e+00,8.329997762290009688e-06,1.189232431114798372e+00,3.506968311456019893e-03
1.102887932432391249e+00,1.431210838222095433e-05,1.021073239451132153e+00,3.931778590129506382e-03
1.257132552828871486e+00,1.483065648700886374e-05,1.749623468589341257e+00,3.264362846844359647e-03
1.575630179386999341e+00,7.457873032885219520e-06,1.135661690129370793e+00,3.216696971268541080e-03
1.301739528776707067e+00,6.639341777242516902e-06,1.553090036743192570e+00,2.358990774398615591e-03
1.171868318966671207e+00,6.514358524147763780e-06,1.631343893735764272e+00,2.163228889537863187e-03
1.836862776986382562e+00,7.583676618769460410e-06,1.978272705370496487e+00,2.653598298768268006e-03
1.258368257665887668e+00,5.071117261155325798e-06,1.174064502155983014e+00,2.331362063052999905e-03
1.557163260641380109e+00,9.504353626091802411e-06,1.391206339502846889e+00,3.261614232619467445e-03
1.410881081521080604e+00,8.824630778120456362e-06,1.482078845698331815e+00,2.898396673557484225e-03
1.843038782712293155e+00,8.246378542173408635e-06,1.768345803812553685e+00,2.931671279034148061e-03
1.997086023645619157e+00,1.353701046260772856e-05,1.636144344349449886e+00,4.064891526324582172e-03
1.356677307428689305e+00,1.148678376692593624e-05,1.028974404170830637e+00,3.891662928825917380e-03
1.493762464746222207e+00,1.387517162855626829e-05,1.842658401677174096e+00,3.353802909988209263e-03
1.605958573690314140e+00,1.396608380424974524e-05,1.626362874542989445e+00,3.713605488883948546e-03
1.148461686402599824e+00,6.224617693692815562e-06,1.728286345783600408e+00,2.033792997571930421e-03
1.203584826959254395e+00,1.367646560572312802e-05,1.163268104194030705e+00,3.761710598840700259e-03
1.290835571819709315e+00,7.740460967228066390e-06,1.014255039706883021e+00,3.138667336027506100e-03
1.807333930435108371e+00,1.280266240658649540e-05,1.046705789741131154e+00,4.701722950038873285e-03
1.469481806973078841e+00,5.317625825447302536e-06,1.813889955714828695e+00,2.075561117859038573e-03
1.928621817621612555e+00,1.282179804881836884e-05,1.891204817549032580e+00,3.616002491682802217e-03
1.169734827177938197e+00,1.132684491792259666e-05,1.314463586871758238e+00,3.174855090078806258e-03
1.204156637276389219e+00,9.803386691627531267e-06,1.967620647248223609e+00,2.449395260257646641e-03
1.925130451463797465e+00,7.432013257427434291e-06,1.825081971239511214e+00,2.799897496175683415e-03
1.025321262731008876e+00,1.434610965898503224e-05,1.394938594490656047e+00,3.247278295775095532e-03
1.144924949534521286e+00,6.774607326753663665e-06,1.747921791502492050e+00,2.106539344660544183e-03
1.174687650518165594e+00,8.266891913302274920e-06,1.268860336571404623e+00,2.766466529834128371e-03
1.196744540194908391e+00,6.346057732744850798e-06,1.598105781668333503e+00,2.179967281349796428e-03
1.397554162597138383e+00,8.487804401990221801e-06,1.888286397900786895e+00,2.506386675665598762e-03
1.363625724602142153e+00,1.474449473690407934e-05,1.374495746877780977e+00,3.824642441147121930e-03
1.052416926228988192e+00,8.682022493313903860e-06,1.168628280475972669e+00,2.796186724918353628e-03
1.330560482220450425e+00,1.415396634339337811e-05,1.749960562708247735e+00,3.280516744926803216e-03
1.268917261760024839e+00,1.023501689958618136e-05,1.720494735351153048e+00,2.747478234978002146e-03
1.962094885863653992e+00,8.587487937378592511e-06,1.145294296880531526e+00,3.835610720971670967e-03
1.830973052393195299e+00,8.780835209605683604e-06,1.991301329908897744e+00,2.841452482714229219e-03
1.568431453014277555e+00,1.075770304058768623e-05,1.597882308466572088e+00,3.249527024991677449e-03
1.318368330211345807e+00,8.702040340660329180e-06,1.612336517926283186e+00,2.667479446830705626e-03
1.852476120837746265e+00,8.055306289236557698e-06,1.392514304104617739e+00,3.273538898736470543e-03
1.788533190721669275e+00,6.479227224455134750e-06,1.428510931114689075e+00,2.848185842682978558e-03
1.059479608351180602e+00,1.473447788902422246e-05,1.183434347679563903e+00,3.631964474385582144e-03
1.706319858051749794e+00,1.285497935165033317e-05,1.783549335456613427e+00,3.506899747034300692e-03
1.634473828464311218e+00,1.230772312443852880e-05,1.953595470430310455e+00,3.208932076907527065e-03
1.477394045420318935e+00,5.920270798329639008e-06,1.089460813682912033e+00,2.833434328317324408e-03
1.847775569447794641e+00,1.316798925593872982e-05,1.537865377033227343e+00,3.977637326012630967e-03
1.660841584822710715e+00,1.484547548153074988e-05,1.804788695574364166e+00,3.696136318063028212e-03
1.138885895792290714e+00,7.152937766408572842e-06,1.712497507134824959e+00,2.181058712214890404e-03
1.497398174335132115e+00,9.547430016422306799e-06,1.452308681738267104e+00,3.137490537605942993e-03
1.788374957034028601e+00,8.024133255199404264e-06,1.977347696969747215e+00,2.693933276072620411e-03
1.189228382677249840e+00,1.144362644202470202e-05,1.479736441729118557e+00,3.032649954181166480e-03
1.711516670160077247e+00,5.837709860179622451e-06,1.009214744858138113e+00,3.146444143260375328e-03
1.405586082350783972e+00,6.646705379484273682e-06,1.266540469029447280e+00,2.715953955681462469e-03
1.217138369500441630e+00,7.740163667869791499e-06,1.119374773669104428e+00,2.901063874818608345e-03
1.313729879831911695e+00,1.345743493416603793e-05,1.054141130811160565e+00,4.095291346249180404e-03
1.475007054588146183e+00,9.544571259403515580e-06,1.408208586218332004e+00,3.161853670675956671e-03
1.855213982699321029e+00,6.233153560322993975e-06,1.409866874464077213e+00,2.863926475322402243e-03
1.204909211801298508e+00,1.298893295748229746e-05,1.319456640935825487e+00,3.444025340699148445e-03
1.963554346291974007e+00,1.284545852796442080e-05,1.627486088536855835e+00,3.936748096387477323e-03
1.963804156066290219e+00,6.923293956358155972e-06,1.095365944737026309e+00,3.523107184424771176e-03
1.452233520967315172e+00,9.302786148198304223e-06,1.646565369418087954e+00,2.864410511380245401e-03
1.986031225054398552e+00,9.294560584044034784e-06,1.319361049188387369e+00,3.740465369254904540e-03
1.040693843562562559e+00,1.046503109848202920e-05,1.679345724086507285e+00,2.546605647866007332e-03
1.584623352981011424e+00,6.413110832907057055e-06,1.767761013145560556e+00,2.397649096033734745e-03
1.478244038317592102e+00,5.044863812934368174e-06,1.811245816693260124e+00,2.029126365026107451e-03
1.569814786022240671e+00,1.215177159651681561e-05,1.733972532904068053e+00,3.316827609095489814e-03
1.260927692905854602e+00,9.105848951964094946e-06,1.052688560679527319e+00,3.302595316305695795e-03
1.566574718149338574e+00,6.029750152215176730e-06,1.236266440280955337e+00,2.764198171186696158e-03
1.930541009150917642e+00,1.346215429195044968e-05,1.598422252693527668e+00,4.032283318165197535e-03
1.249735797263388903e+00,1.359981440417630901e-05,1.519112165437366713e+00,3.344881025488656828e-03
1.036182663869425369e+00,1.041319947668464138e-05,1.672135542684621612e+00,2.540238627703777629e-03
1.076549295262805739e+00,7.463369156528303670e-06,1.373225891943036014e+00,2.418875025463778240e-03
1.907105050776728650e+00,1.067520485157055356e-05,1.400971728843969810e+00,3.812068809772915443e-03
1.341246668908295803e+00,9.260327702887798096e-06,1.151277394464882864e+00,3.284562402948701301e-03
1.404296180374974279e+00,8.160493752065512324e-06,1.305826036794673684e+00,2.962408285646258958e-03
1.730817363597377145e+00,1.103773782543093108e-05,1.712121150657483160e+00,3.340399520311685636e-03
1.450054983483358484e+00,1.179078182090392599e-05,1.416584987592464762e+00,3.474099231861717783e-03
1.794662437423584223e+00,1.225595998135907807e-05,1.917752083856834266e+00,3.386638349912388102e-03
1.800323093953602349e+00,7.627401404040503876e-06,1.161110086922710227e+00,3.438957657027647864e-03
1.076081195568300952e+00,8.224477701107336957e-06,1.812904880405719954e+00,2.209475426560673743e-03
1.194785561374357430e+00,6.448350928694679499e-06,1.106560022380641772e+00,2.638650238957681530e-03
1.768725659156651586e+00,1.236360123530756615e-05,1.247144160918327138e+00,4.187399567934345888e-03
1.561770588902726242e+00,1.370253110356519497e-05,1.011766825153766591e+00,4.599057089764000197e-03
1.739302257483525738e+00,5.668669873486677093e-06,1.661023396663874774e+00,2.436353142363232790e-03
1.075019933011935880e+00,1.151338943138519676e-05,1.944753205037296873e+00,2.522769709503991809e-03
1.486086863472580788e+00,6.690648804368358908e-06,1.448704751814149816e+00,2.619788746970148127e-03
1.269773305640278238e+00,1.420751514828813035e-05,1.221243680410152965e+00,3.843447875118132309e-03
1.219533787658227286e+00,1.090118236176178394e-05,1.118459937418265104e+00,3.447652653182567330e-03
1.941030425415485539e+00,1.277397594091822308e-05,1.697333652149792815e+00,3.822043340554494555e-03
1.099683529456991771e+00,9.094354380195972736e-06,1.477061161690287783e+00,2.602079477815248936e-03
1.252822775633634755e+00,1.413587023379933097e-05,1.961262920524523334e+00,3.004956476029252074e-03
1.974603653945483650e+00,1.475147358653443441e-05,1.907445319448708654e+00,3.907793648569147724e-03
1.979716408012471618e+00,1.372023938778378350e-05,1.502176137668528533e+00,4.252280514174359115e-03
1.363655214785116199e+00,8.863767946847663279e-06,1.828852905297156273e+00,2.570822483192230102e-03
1.357875092156625829e+00,6.280579845109890774e-06,1.527775207185789075e+00,2.362653601636567971e-03
1.837616646376654339e+00,8.800689147140200883e-06,1.964809258092713673e+00,2.868967317641395870e-03
1.071384736616229016e+00,5.395285247708480582e-06,1.753625284238365500e+00,1.815563877847529983e-03
1.476410555502395416e+00,1.396481442622805698e-05,1.829716144991125004e+00,3.356829592366749812e-03
1.090800866269246328e+00,7.453756751380258530e-06,1.987834778405950464e+00,2.022414650425109327e-03
1.623673664950909590e+00,1.057075650832360117e-05,1.842530345601076203e+00,3.052074169573378015e-03
1.306449616833464500e+00,6.101928667133259341e-06,1.474752381739432572e+00,2.324986004618577462e-03
1.440698396661066472e+00,5.823423554576690217e-06,1.522711176208753514e+00,2.347291132665919097e-03
1.874527438491677467e+00,1.072587547355613086e-05,1.561003635095133513e+00,3.588891418265328492e-03
1.283533499995230143e+00,9.659611996563551050e-06,1.946555092443725821e+00,2.523771869180875017e-03
1.358767403148147812e+00,1.321044755341555245e-05,1.689861632755086163e+00,3.259160532919050998e-03
1.166442970755150688e+00,1.155479173493472857e-05,1.147628573940566499e+00,3.426984496940757748e-03
1.753090683269069139e+00,1.043323750090282149e-05,1.842452000299301895e+00,3.150747835018475121e-03
1.544786029400975647e+00,1.321341967798620099e-05,1.357541769722258262e+00,3.877619409087348316e-03
1.792448087300525517e+00,1.215554776773025429e-05,1.738091786503211500e+00,3.540578328673406154e-03
1.688187926534209460e+00,8.533837582911518935e-06,1.837815639861161587e+00,2.799829660420574337e-03
1.928824431227477376e+00,8.438436796412295438e-06,1.339797406723709283e+00,3.485441386053419847e-03
1.994113184831131758e+00,8.380185195702532952e-06,1.977827137227873067e+00,2.906749088442077151e-03
1.119189178964802522e+00,5.307699345082186417e-06,1.809349211055379270e+00,1.811939575188654993e-03
1.415930274270762013e+00,1.313668165716544396e-05,1.264292336537867989e+00,3.835659252608640112e-03
1.851993767494779952e+00,5.104567293370822609e-06,1.701815117654853715e+00,2.356910214136901174e-03
1.109169961429102180e+00,1.146989649115740683e-05,1.519508892250489129e+00,2.893524580934044108e-03
1.320072595927735737e+00,1.393471786276544627e-05,1.924747337864255448e+00,3.091442220354216012e-03
1.594844886744655632e+00,1.039163906679114212e-05,1.529953456759069130e+00,3.291259627859150459e-03
1.270132161053867614e+00,1.224338256273782882e-05,1.378929706322614468e+00,3.358181018727575060e-03
1.250086153646225551e+00,6.244524264519494648e-06,1.315879460808933921e+00,2.435631583640181924e-03
1.978438316151310605e+00,6.358677342012711390e-06,1.161565294110896485e+00,3.290961771976302561e-03
1.042986739183501488e+00,1.060714779193524368e-05,1.928968491803986884e+00,2.394837976696352188e-03
1.092194901709483634e+00,1.383355621192514174e-05,1.869251428689692851e+00,2.843041056646357454e-03
1.351069230173629343e+00,9.247753951176621755e-06,1.377544953000696903e+00,3.011646851841102632e-03
1.699990359427292042e+00,1.065786863175687845e-05,1.488810430901390092e+00,3.488499854824081252e-03
1.770066206726618852e+00,1.132606966657362653e-05,1.417014944043613056e+00,3.761379510882614016e-03
1.003631680443757279e+00,1.014113052366757807e-05,1.314852799412993711e+00,2.782222121650405455e-03
1.884708883091452680e+00,1.236287892603075305e-05,1.953593645477776253e+00,3.453542698097453525e-03
1.106978713322175789e+00,1.300087756923953389e-05,1.680483854915692632e+00,2.926434424553426162e-03
1.695160316073077933e+00,1.019932127940919793e-05,1.834545390844065427e+00,3.069918130874551686e-03
1.108515212704269004e+00,7.456251575125696588e-06,1.675354559649929520e+00,2.221149235862140536e-03
1.115892003774045627e+00,5.313214074155466363e-06,1.724649001087199762e+00,1.854126578018265407e-03
1.276811583920790749e+00,8.218392232612828911e-06,1.513711421364418719e+00,2.632905644152774144e-03
1.827739619913065550e+00,8.861559163920722468e-06,1.518981755387982968e+00,3.265396741120321199e-03
1.487708238259830118e+00,6.586204649458237166e-06,1.653722624114549511e+00,2.434137799952575381e-03
1.069653031967919610e+00,6.165249389001862812e-06,1.706448299957223247e+00,1.965849290728619980e-03
1.325626007021159403e+00,1.478636787366832279e-05,1.080141013886184886e+00,4.259915974661053657e-03
1.864505676777739041e+00,5.109727389329149917e-06,1.989812938147597965e+00,2.188137429439666274e-03
1.101181993596646702e+00,1.461776102631539347e-05,1.430492196577124009e+00,3.354495649298600869e-03
1.197422940241038347e+00,8.398950027186330794e-06,1.445253496718161168e+00,2.637936100437400164e-03
1.419648007700121894e+00,1.057364032803723180e-05,1.117227571106127026e+00,3.665487838928212314e-03
1.745569214636989219e+00,9.854960267916558741e-06,1.821140601306471707e+00,3.073436448908087055e-03
1.980798082593714593e+00,1.462582150890528117e-05,1.502222549783295280e+00,4.391502148589218439e-03
1.176608806215867498e+00,1.063632828534473916e-05,1.701606880990215398e+00,2.711953865728970736e-03
1.465924531381730178e+00,1.449718945448459851e-05,1.910877433850465046e+00,3.334888342767772761e-03
1.519031923890937552e+00,1.204573976038926326e-05,1.042262555706226390e+00,4.189976825261369428e-03
1.247911421954669420e+00,1.151228666988398191e-05,1.416001332107143629e+00,3.185230361009142117e-03
1.029757634663467591e+00,7.832895325316922337e-06,1.230104578065905896e+00,2.560693825629670271e-03
1.232574485679083676e+00,1.245384241432014966e-05,1.933008290213060310e+00,2.818002742954116638e-03
1.450037031644232366e+00,1.404843673261671016e-05,1.592440240756559433e+00,3.576613199291788121e-03
1.387615353830641940e+00,7.780248723754007014e-06,1.754550557357052121e+00,2.480552055609454125e-03
1.622696485147997247e+00,1.485409259995481762e-05,1.893681370070625203e+00,3.567699421002178562e-03
1.214284298130917428e+00,7.913257623617875192e-06,1.938074665890396897e+00,2.226653243829866333e-03
1.203928307720262936e+00,1.375108775535720829e-05,1.914561123482948268e+00,2.940588279001766624e-03
1.153523207760050129e+00,9.757119220850451558e-06,1.925979492667823756e+00,2.417397923862680750e-03
1.450856320387473364e+00,1.084839804184601668e-05,1.270116035659300202e+00,3.520248395622269013e-03
1.867982254852335267e+00,7.023658544534624063e-06,1.092038018237918351e+00,3.466164653033287479e-03
1.020853774319120166e+00,8.433876458515568404e-06,1.438350740457416510e+00,2.446600084002702527e-03
1.790666074119874107e+00,1.294827195979915505e-05,1.522399931626350789e+00,3.902553191486984700e-03
1.374036284044838130e+00,1.269524730676658715e-05,1.323581167709620532e+00,3.630315698907213198e-03
1.573417363645501554e+00,9.667871872643740634e-06,1.349998580495364919e+00,3.356763594396610078e-03
1.527595196142545353e+00,1.124368217998478366e-05,1.577335976689316244e+00,3.299866102456033498e-03
1.903446457647643308e+00,9.218897374752848761e-06,1.980191508631330422e+00,2.976845024798027879e-03
1.533808151189877567e+00,5.808101183967719133e-06,1.925265532297202764e+00,2.151083602293119706e-03
1.566021407156044543e+00,6.469138699565308429e-06,1.799865257375504513e+00,2.372477386417535996e-03
1.886159985447896759e+00,8.916521321743248369e-06,1.957144013212865685e+00,2.931403472261594374e-03
1.472201340397797154e+00,8.096349438322170537e-06,1.927200288198627653e+00,2.486937095951462316e-03
1.361762440412253472e+00,5.087056869593333977e-06,1.852249437512417440e+00,1.933900992683672791e-03
1.856016090469772450e+00,7.245284233606617667e-06,1.857745182037321197e+00,2.690453624181776346e-03
1.518292056611619589e+00,1.081208345810830092e-05,1.921024877851280177e+00,2.923249338307255200e-03
1.146081109835086265e+00,9.953520167601105048e-06,1.510711514830468172e+00,2.747927420932650983e-03
1.083849493417642584e+00,1.246176516584144211e-05,1.014972714514840391e+00,3.647934966384807926e-03
1.641363123204526264e+00,9.407058213763670545e-06,1.750173272170473693e+00,2.970220752373852000e-03
1.137552921660444749e+00,8.752425661479076819e-06,1.043117371453962772e+00,3.089466081221405383e-03
1.228586864700343728e+00,5.536789581388993401e-06,1.611422065796712655e+00,2.054600030648182519e-03
1.693449115074308509e+00,6.048517129452181308e-06,1.705258329786870197e+00,2.450842728833164345e-03
1.522056828978309184e+00,5.349434307697581625e-06,1.271295958472530074e+00,2.530731263188210414e-03
1.859173876661024627e+00,1.486028543138041862e-05,1.855167345749525243e+00,3.859064471737915381e-03
1.683599463338475655e+00,1.096901683728484142e-05,1.004462365901165777e+00,4.287818621367819709e-03
1.853747478614669486e+00,6.418192649845879853e-06,1.749954492954762575e+00,2.607463774659027865e-03
1.098414452849015399e+00,1.222164333292369374e-05,1.619040209234081651e+00,2.879513405515332029e-03
1.346822998454481279e+00,5.791444133167633797e-06,1.859105614342744239e+00,2.048314627269122792e-03
1.282105903961875404e+00,5.369878747586662769e-06,1.479570635137200441e+00,2.157130095880815598e-03
1.153813663945830736e+00,1.291760420121940958e-05,1.742197202870652717e+00,2.924894255694929137e-03
1.180967472257681283e+00,5.819643695414421823e-06,1.487958955782553438e+00,2.149174554856041544e-03
1.449214727721388041e+00,1.182804128528728968e-05,1.855684000167558523e+00,3.039280430419103243e-03
1.780599139450801616e+00,1.131722645285275853e-05,1.412163868786914689e+00,3.777552725905998065e-03
1.799127451256746557e+00,8.396241666678168800e-06,1.503524783614145210e+00,3.169699815418057075e-03
1.583096103399774801e+00,9.796790302916867985e-06,1.197500418332854810e+00,3.598799978187168166e-03
1.264048785791659801e+00,9.844523117821781454e-06,1.953513134489268444e+00,2.523893886725058974e-03
1.704709228004992694e+00,1.039373827297162983e-05,1.164422701629568291e+00,3.900818219482686273e-03
1.679491159982478221e+00,9.613663255538846967e-06,1.225034707016006807e+00,3.630438778370132825e-03
1.967353965845425545e+00,9.848467940967139660e-06,1.056691571350137693e+00,4.282047382881830171e-03
1.243337823211755566e+00,1.021565957587836203e-05,1.330589108106975171e+00,3.089625186057487483e-03
1.262182486911557655e+00,5.208650091119685865e-06,1.985543142566616570e+00,1.819633830339291002e-03
1.384373455401499697e+00,1.049391262145466734e-05,1.296697031138333456e+00,3.347157089679946539e-03
1.255293663477309973e+00,1.066642117354181871e-05,1.803446605246405543e+00,2.724773381979580123e-03
1.779251802688918804e+00,5.463063184180779396e-06,1.877140858969279513e+00,2.275560505305699015e-03
1.807372184768047729e+00,6.078951702022458313e-06,1.487184358110450688e+00,2.718039345048002542e-03
1.735212709423762156e+00,1.214923847204946363e-05,1.562327614720171898e+00,3.673371344309327505e-03
1.721958473917360122e+00,1.408316206220622195e-05,1.972921180296116184e+00,3.505956779011816168e-03
1.209385982712224417e+00,1.318246792222745788e-05,1.402682769934392226e+00,3.371328684974350502e-03
1.756179486856717098e+00,5.983404589846308510e-06,1.502220515869327144e+00,2.644793632997869716e-03
1.242807762503641333e+00,8.762935499766350215e-06,1.386753512262123511e+00,2.802380800182426111e-03
1.349682474441129543e+00,5.581235673714375883e-06,1.118396339880410650e+00,2.595273405902486473e-03
1.728797959718582300e+00,1.440376583604947457e-05,1.777666357343285597e+00,3.742700025604767718e-03
1.250107941500578690e+00,8.989950785113565087e-06,1.474057712782615326e+00,2.761182869984386227e-03
1.890349054268540829e+00,7.811567064764330184e-06,1.454689397266084594e+00,3.186067322321843153e-03
1.385397190279751944e+00,9.322910750564204790e-06,1.946370577275451597e+00,2.576025448904384601e-03
1.277667214948684515e+00,8.536982188875471165e-06,1.185569295405598744e+00,3.033175864260498171e-03
1.458868078412551839e+00,5.829416796055981236e-06,1.054233761505245948e+00,2.840220806744255672e-03
1.966041984059079706e+00,9.827717688128035538e-06,1.634968602658380066e+00,3.437700375418750471e-03
1.346132017450410778e+00,9.774003730259492477e-06,1.532453731513768069e+00,2.930126645108898937e-03
1.317580270172979073e+00,5.188629252305307508e-06,1.885788673357077450e+00,1.904006163517913373e-03
1.837965527833471668e+00,1.009811386894259589e-05,1.982994194340752081e+00,3.059342439192416861e-03
1.342463695624807052e+00,7.053555999670203653e-06,1.556598047919065531e+00,2.466420341459320872e-03
1.071670778938094148e+00,5.682788921600472645e-06,1.177567240732056320e+00,2.274147343195103213e-03
1.012732133501246246e+00,6.213926411422513700e-06,1.786241806336636984e+00,1.876982498471566670e-03
1.373507238219983773e+00,1.318283537919153525e-05,1.101293749856588455e+00,4.054789408485273000e-03
1.048829878452915754e+00,1.274884474456954952e-05,1.512485762493107622e+00,2.973324394050905466e-03
1.811912234056598958e+00,1.098839803590634587e-05,1.031010255805802522e+00,4.394447468917821349e-03
1.831822484111792493e+00,1.030013671486521774e-05,1.404916186806101308e+00,3.664696210678474939e-03
1.024230583901569069e+00,1.359147489814185728e-05,1.316739436850106859e+00,3.251488648157407381e-03
1.385975194873080962e+00,7.094689091787468262e-06,1.021154070690892146e+00,3.103121472584872195e-03
1.848472816807401831e+00,1.105733249643936036e-05,1.959338037509261277e+00,3.229810438926948232e-03
1.233240198165869828e+00,1.476268894303166076e-05,1.836680545013011479e+00,3.148398942316083839e-03
1.371829729629379102e+00,1.255008183284727824e-05,1.125746138995006085e+00,3.910687840179553031e-03
1.075568186060340325e+00,6.079136648045717666e-06,1.743810379938744548e+00,1.936378703296376966e-03
1.072889113120311766e+00,1.093793889894351698e-05,1.229280182380437347e+00,3.089724279116451595e-03
1.166799117829290244e+00,1.058726309886940734e-05,1.249210025240291788e+00,3.144648935542887404e-03
1.473092794849765408e+00,1.450439113143556436e-05,1.347195780903844398e+00,3.982441884910561253e-03
1.005196240332457691e+00,1.031214862481936981e-05,1.331627561287157313e+00,2.790028386655868300e-03
1.088809994151888727e+00,1.090354851563320350e-05,1.173511883851333426e+00,3.180652575643845917e-03
1.812084500549743904e+00,7.042703993217536601e-06,1.974307696912453558e+00,2.542444733246776705e-03
1.585042808776020218e+00,8.111567076990548256e-06,1.540309807953701871e+00,2.889141679604564916e-03
1.777762669999796152e+00,1.421230358732137431e-05,1.590622366642605812e+00,3.985525449554783335e-03
1.510757294566194009e+00,1.471544239200858235e-05,1.808026403853717490e+00,3.506562847885660514e-03
1.731117197177685973e+00,9.012654580387731136e-06,1.189324721876010571e+00,3.621924352910775146e-03
1.739052008179367670e+00,7.613194444311138047e-06,1.843068239990019119e+00,2.680211328111979478e-03
1.621707310699948223e+00,1.493578357351066073e-05,1.432457286980170608e+00,4.112059618892687472e-03
1.265242624451873743e+00,1.457072667450616665e-05,1.125882687850824126e+00,4.046513021873358873e-03
1.467464057693631085e+00,1.474563108679403432e-05,1.875477896824886859e+00,3.396717615753530681e-03
1.594526317570451601e+00,6.550618098017733289e-06,1.810603482958944799e+00,2.401846842352961271e-03
1.106490745306960344e+00,7.777720585567032347e-06,1.092528127303298291e+00,2.806620855642031308e-03
1.330135588282936432e+00,1.452682659307863154e-05,1.385954938009885229e+00,3.733866427582512113e-03
1.443279315082127034e+00,7.869906156774807843e-06,1.836090989223011283e+00,2.487212381185125928e-03
1.177533266343015361e+00,8.997283161711862193e-06,1.031062264846203114e+00,3.205529962347445586e-03
1.073222766865705280e+00,1.294904717675796749e-05,1.798621008336589666e+00,2.779674955663187248e-03
1.959872646684819308e+00,1.077085997140404851e-05,1.517311031874356342e+00,3.729939675484082555e-03
1.881187761602742148e+00,8.824321564634704052e-06,1.218819107630435106e+00,3.690516132862039968e-03
1.607098482897264979e+00,1.432642581275447659e-05,1.302965112112365986e+00,4.203623192673961936e-03
1.500641076550335962e+00,1.045095775401863243e-05,1.510750729418119054e+00,3.221959335230648296e-03
1.226737070134103380e+00,1.428931134410613428e-05,1.221300729987301992e+00,3.788524374597069654e-03
1.439028273820458281e+00,1.393304446477982658e-05,1.910468317406186500e+00,3.239572883464051072e-03
1.446990961680699517e+00,1.259943705770403778e-05,1.034105089889954643e+00,4.198809218010406998e-03
1.538758614969581551e+00,1.057636533208362767e-05,1.189900853961516125e+00,3.698265469742764711e-03
1.687946176814197674e+00,1.338727808948625891e-05,1.845876777252072998e+00,3.498840029680476416e-03
1.351759546132653256e+00,9.877177967561413726e-06,1.321671652317176981e+00,3.178369426740302716e-03
1.911519679604705146e+00,1.000848932251206105e-05,1.380281385583782106e+00,3.722972568698436607e-03
1.649601336288375020e+00,1.222590885990402743e-05,1.794170192690559329e+00,3.352727511905528607e-03
1.002234049707877883e+00,1.252527066625717134e-05,1.619417154732573749e+00,2.784189355082972422e-03
1.244987216757574178e+00,5.328277711235058015e-06,1.233204489153667982e+00,2.319307453967043263e-03
1.311978033537856136e+00,1.132243569348875325e-05,1.097996621293821251e+00,3.678177736747501037e-03
1.146664141401468884e+00,1.146334944940138194e-05,1.378840927203969891e+00,3.087569901435495336e-03
1.212765342175155858e+00,1.379409090154367119e-05,1.260877401228108763e+00,3.642491106367176656e-03
1.892644079895560605e+00,1.325905652392659790e-05,1.246223850283040058e+00,4.487379060544085044e-03
1.104604828732168809e+00,5.678855239650129874e-06,1.408705783756414087e+00,2.110200487022623628e-03
1.299604016149115582e+00,7.393870704278598539e-06,1.332178738381708971e+00,2.685716697811226222e-03
1.388725300458660161e+00,5.990315432983988144e-06,1.446385529396489567e+00,2.398230851926298063e-03
1.538873028354601935e+00,1.279423940711941021e-05,1.102289354118684450e+00,4.226304886506541091e-03
1.666085597075837255e+00,6.787591480654334264e-06,1.739014852497780428e+00,2.550086178324602500e-03
1.560495606060212204e+00,9.181075134231419431e-06,1.622647271786747281e+00,2.971433284973999580e-03
1.982160946722499872e+00,8.980909459131036386e-06,1.692293893087911449e+00,3.243334360221090430e-03
1.353900644236397888e+00,8.897032044886058605e-06,1.333201968115288683e+00,3.005854827276995250e-03
1.867594556404206241e+00,8.391557269238148549e-06,1.976892591742178906e+00,2.815600567999516045e-03
1.185901718878455524e+00,9.872716107002702483e-06,1.755086653768846094e+00,2.582815546624061143e-03
1.594707207668305093e+00,1.090526882378350685e-05,1.905138820554136636e+00,3.021310452227211549e-03
1.877807908860949393e+00,1.164987811867022210e-05,1.480803429736805121e+00,3.843594533230688861e-03
1.036078371531625741e+00,1.390669649777275460e-05,1.137127605984246559e+00,3.559620430097098880e-03
1.379288985398754441e+00,1.396113439013242562e-05,1.686947313668408999e+00,3.378603505615014255e-03
1.816936977306427448e+00,1.378797185471036728e-05,1.403909734781369378e+00,4.224258952381628254e-03
1.909224172125479679e+00,1.225820816964829456e-05,1.038168871093065881e+00,4.747969898450974530e-03
1.519967692607536502e+00,6.459536854805645872e-06,1.694545879235454633e+00,2.407083760252916142e-03
1.411409298763950826e+00,9.379495534057891994e-06,1.365038925083277288e+00,3.114179989489896175e-03
1.794720498553308952e+00,8.323088403001749496e-06,1.421606441707339741e+00,3.241536931463191024e-03
1.878954528515651923e+00,1.432894729293990012e-05,1.840075586468525204e+00,3.825140978229997751e-03
1.978096438588758499e+00,1.165597965516510819e-05,1.198108814259967847e+00,4.386821762444804290e-03
1.434222902631506980e+00,1.398344237962617114e-05,1.599476248228639097e+00,3.541004491271794886e-03
1.729490680746431419e+00,5.911654296082562729e-06,1.077238558616153696e+00,3.080758693494055865e-03
1.591246412647742137e+00,5.873007831863791983e-06,1.918615551958935850e+00,2.207013697492648131e-03
1.119171763508816753e+00,9.456405858274822879e-06,1.728722290068257506e+00,2.474279791089147983e-03
1.829974440370534694e+00,7.753830754031996409e-06,1.194202999006417354e+00,3.447002447930486331e-03
1.000094601732194555e+00,1.032877468474099138e-05,1.712802483664463749e+00,2.455790422831202573e-03
1.331283890209914222e+00,6.970832938641740194e-06,1.843400369653665383e+00,2.243715770728636587e-03
1.279823681007525416e+00,5.657319881401389898e-06,1.050124506220388554e+00,2.625790314209204904e-03
1.170166291500071232e+00,1.163264141405185949e-05,1.090006335164062534e+00,3.533852765266173868e-03
1.634410500037172920e+00,1.171331324421868815e-05,1.552250262201985587e+00,3.511879287959751399e-03
1.770574411042748597e+00,1.276988499186564797e-05,1.455434815607321575e+00,3.941433512343812604e-03
1.917255703024711710e+00,7.101476801236075411e-06,1.661864054042669459e+00,2.862309607993271127e-03
1.413165742342942011e+00,5.257065703784690291e-06,1.860296375681704362e+00,1.998375896984243109e-03
1.682652082312855235e+00,1.020011933994808390e-05,1.458536351600536740e+00,3.430371545735171664e-03
1.072536804243962916e+00,8.514783026617107794e-06,1.704269574639623475e+00,2.314854770679340961e-03
1.615460595149443845e+00,1.369258559092653590e-05,1.263464688713533679e+00,4.184170394898960831e-03
1.297785355731990276e+00,8.804770775183328780e-06,1.585068447474004216e+00,2.684951536866173136e-03
1.178509480630679729e+00,7.498822500379353850e-06,1.127515762705726399e+00,2.799637268659765227e-03
1.362240832544463265e+00,7.831223669638715223e-06,1.610897119044750969e+00,2.573403330125011244e-03
1.868700625004488636e+00,1.090897532576442631e-05,1.928282775279063443e+00,3.251445540157709736e-03
1.161200264848453401e+00,7.060993899108092232e-06,1.082874925280424616e+00,2.751676231644753935e-03
1.454434769107955550e+00,9.883967171627039186e-06,1.542221634993534707e+00,3.053088374307628972e-03
1.114250427068103289e+00,8.711957075104368028e-06,1.899071877207575199e+00,2.260885491056567609e-03
1.980011722897479398e+00,1.481692053270811606e-05,1.436437945926724025e+00,4.519281793391101074e-03
1.630674358783316791e+00,1.259386606833115428e-05,1.113848674716543030e+00,4.293881551935116794e-03
1.166927673630214102e+00,1.308802462924715592e-05,1.797769626335456117e+00,2.914687524414281104e-03
1.191924646028873269e+00,1.228955769280349830e-05,1.719966794593260406e+00,2.918317201783992426e-03
1.895283950729921507e+00,7.312983017792041689e-06,1.931137089179037591e+00,2.679031823420544977e-03
1.353377011297943522e+00,7.125426760726540055e-06,1.118093618888492902e+00,2.936809344814004033e-03
1.197310305530442598e+00,7.531027780061631764e-06,1.195357777063761340e+00,2.746512180313158500e-03
1.250572657772220042e+00,1.041665758063191920e-05,1.614876736401080759e+00,2.840200303715838693e-03
1.949678662388566686e+00,8.947091346158961839e-06,1.277222857827180480e+00,3.695635360656950984e-03
1.070235260324775783e+00,9.305083394435013856e-06,1.525999780526731797e+00,2.554597759431415788e-03
1.022592747295016924e+00,6.902012451657903730e-06,1.018561045416830568e+00,2.632362479727055893e-03
1.549532923630859926e+00,6.385463158900565932e-06,1.478474362137069287e+00,2.586959960350841605e-03
1.925176923580349087e+00,8.986330050263329199e-06,1.174056750004135230e+00,3.838680454822615030e-03
1.623796184448777158e+00,6.094218877120369101e-06,1.866426290197679139e+00,2.302604561720965511e-03
1.211771466781419004e+00,1.320097568651254938e-05,1.896615702390574976e+00,2.904181173175454482e-03
1.577232884484291553e+00,7.716357882650200104e-06,1.696732662859819829e+00,2.678226990657732627e-03
1.028462009182643966e+00,8.493713507671928013e-06,1.889929081404640776e+00,2.149909491527825147e-03
1.359929101877842772e+00,1.464731114540158554e-05,1.637083995915034507e+00,3.488201832720439280e-03
1.071669622909049213e+00,1.157090316134729068e-05,1.293835860350537548e+00,3.095811418427220785e-03
1.097246445334950860e+00,8.102389089464911230e-06,1.519472481701205746e+00,2.418868278282795044e-03
1.548114327379471078e+00,8.897500930324767391e-06,1.535194463092869110e+00,2.995393191579882007e-03
1.925296959030834643e+00,1.266815261307889355e-05,1.779969128482850493e+00,3.701683394627367125e-03
1.745744684000157587e+00,1.455516066650681056e-05,1.454968131937717901e+00,4.178997635685452461e-03
1.537763346390554453e+00,6.789380935758425402e-06,1.229059544943374993e+00,2.914562540570759044e-03
1.690459920085566559e+00,1.283478897410647834e-05,1.431171534320536676e+00,3.893596659313978449e-03
1.419430045917188465e+00,8.159850690657295094e-06,1.872354524696495881e+00,2.487161925637352677e-03
1.199701032183487781e+00,5.667090113871359255e-06,1.163869570525788877e+00,2.416931927143720939e-03
1.228261231165075795e+00,8.284823483754314626e-06,1.928552863265974082e+00,2.297054122426674897e-03
1.117366518454707469e+00,1.186607621372884791e-05,1.485619518368899827e+00,2.987429018770228640e-03
1.819484567586267421e+00,6.285296898071679486e-06,1.088364212175166434e+00,3.241529366364480358e-03
1.032211630185562612e+00,1.068017601685736597e-05,1.408218267755671382e+00,2.797941257305460328e-03
1.010665557408221726e+00,1.431428350694197136e-05,1.643829031729325818e+00,2.966608364648398201e-03
1.576319592126310676e+00,6.575974873361247723e-06,1.963244541501466323e+00,2.297814734390822913e-03
1.028945698976218459e+00,1.255844132409826206e-05,1.735720295585436279e+00,2.728501693353869040e-03
1.456286787151376716e+00,1.282497625921618609e-05,1.610900864236287644e+00,3.405001693614136127e-03
1.363422450058804358e+00,1.297500133321956951e-05,1.351054795286600996e+00,3.618532222859536206e-03
1.171485690266766522e+00,9.809602091888164154e-06,1.022964058306349511e+00,3.351691223480519639e-03
1.823399446343465069e+00,1.351108604725709145e-05,1.282771436779881480e+00,4.382393782110589886e-03
1.295943051013451530e+00,1.017682981023757331e-05,1.708704832029941389e+00,2.778213969667966445e-03
1.018178053925964388e+00,1.081402645476161620e-05,1.816709624411897650e+00,2.461856991549506678e-03
1.985922837052529921e+00,9.838460008865281952e-06,1.171411888397367651e+00,4.084039498527874609e-03
1.465528231679124271e+00,1.119646386478861697e-05,1.846703955035480682e+00,2.980841584529075015e-03
1.227326258289657801e+00,9.479959117910196731e-06,1.576048187299677217e+00,2.717055435254169850e-03
1.225971597472041985e+00,8.501351205912173551e-06,1.819918676746999475e+00,2.393085374008398995e-03
1.716676455115822453e+00,8.147952758112273058e-06,1.232954164770255101e+00,3.368177811298855330e-03
1.102017203603355089e+00,1.494786374848666263e-05,1.935780630133395519e+00,2.917129320898837093e-03
1.884729829451363248e+00,9.768718357991098590e-06,1.679976527612373483e+00,3.310485876990470425e-03
1.423081786391249270e+00,5.258297368014883954e-06,1.572216107027942122e+00,2.181631425973096922e-03
1.642097905791172652e+00,8.812879768314578108e-06,1.853858023887215989e+00,2.793960170510681375e-03
1.160839229577521614e+00,8.861609369810745626e-06,1.444270098650021206e+00,2.668812905828191109e-03
1.324961680157103805e+00,6.045158654897485932e-06,1.088722230139237857e+00,2.712357715938158026e-03
1.137273648974985951e+00,5.454805665052243686e-06,1.724804131163053533e+00,1.896497339683702850e-03
1.810771187786038627e+00,1.496525578758430315e-05,1.633083644324744954e+00,4.073518052170399008e-03
1.283469908235361334e+00,1.453637399783677355e-05,1.730138581587999713e+00,3.283828320847385473e-03
1.212846538664284601e+00,1.444343827844985561e-05,1.481980166336453575e+00,3.438088294920668350e-03
1.443373076753524220e+00,9.990069375530027316e-06,1.153857371895825157e+00,3.535065683310093399e-03
1.409366391680866526e+00,1.451802972232467428e-05,1.262367999374745864e+00,4.025991073846426835e-03
1.037947034754763909e+00,8.812141678381672701e-06,1.787837621074782390e+00,2.261852581029480998e-03
1.750758208545202699e+00,1.397845335089921743e-05,1.525321185654551881e+00,4.005548505014828835e-03
1.326450202474836360e+00,1.300250879916066253e-05,1.704276044460658390e+00,3.181186154387765069e-03
1.109873135447332571e+00,7.813095260348304984e-06,1.298671083067984400e+00,2.584036502126457226e-03
1.635479329517141256e+00,1.486073890000259864e-05,1.470137479646145717e+00,4.065966132456461449e-03
1.420365162271616244e+00,5.706867686166161856e-06,1.868134918552092794e+00,2.083026468772435340e-03
1.495551878876500318e+00,1.374443842996974730e-05,1.086900720335646886e+00,4.348798679407441838e-03
1.144613746563208245e+00,1.127975151313484570e-05,1.201540750491170595e+00,3.278007875549600152e-03
1.064846307451891461e+00,6.523033022786646899e-06,1.444563786739332389e+00,2.192804387246778501e-03
1.309107025474961272e+00,1.293657611379089246e-05,1.430840945233881722e+00,3.440341633095816629e-03
1.724138329314295781e+00,5.123242850012780600e-06,1.932524409524895681e+00,2.137942548947711820e-03
1.162443493357048441e+00,8.303877496243580335e-06,1.866807154773517663e+00,2.273927761835532399e-03
1.068955018887290720e+00,7.550365706876403457e-06,1.570000776911381069e+00,2.267324993475823558e-03
1.731735871241116387e+00,1.157847214561016214e-05,1.283912387202964744e+00,3.951834602689271309e-03
1.054943819550227868e+00,1.228304599008010574e-05,1.263797036105100524e+00,3.202056854217475833e-03
1.194956953917794440e+00,1.067898513347296448e-05,1.321332748432416659e+00,3.107670906361195175e-03
1.142334006605868035e+00,1.459101781689220434e-05,1.989503649422073028e+00,2.894456164111256814e-03
1.583754891220143346e+00,5.625120990583780036e-06,1.426498610838483172e+00,2.499045952999351394e-03
1.585891926399584317e+00,1.349723770962196488e-05,1.344249241835921982e+00,3.990426742438693899e-03
1.715035748512315772e+00,6.525723631873749962e-06,1.426203400505849261e+00,2.801303689724713320e-03
1.629029077404713588e+00,1.389926808659876814e-05,1.155101669992767421e+00,4.427415468769348508e-03
1.991824051328680900e+00,8.306890512472655744e-06,1.440177530395695404e+00,3.389508394901716206e-03
1.872798531875142558e+00,1.284885888140883077e-05,1.210741116955357910e+00,4.458124206690810241e-03
1.207049734527924745e+00,9.008688612482013857e-06,1.824304564122448902e+00,2.441432367321284391e-03
1.783810831418313869e+00,5.488769985188434906e-06,1.141598545408643472e+00,2.928567312689544806e-03
1.229273082904239978e+00,1.290054637503219124e-05,1.197859988940900067e+00,3.638523705797004452e-03
1.871006961296482807e+00,8.291624619241822820e-06,1.353114711933456782e+00,3.386025386324852289e-03
1.690747262229990833e+00,6.935739252708068741e-06,1.001903882162187731e+00,3.421154563569309744e-03
1.268752410269664566e+00,1.361153608390439546e-05,1.934791869492377581e+00,2.987616729808896705e-03
1.856660372611770304e+00,7.432554512098118552e-06,1.188084411516124428e+00,3.408094565858744811e-03
1.965540803600456687e+00,1.387877378764348912e-05,1.992700696286477724e+00,3.699947351491025393e-03
1.684110001308331661e+00,1.324281606302156377e-05,1.582469046957448056e+00,3.754116873251066560e-03
1.044475530185313694e+00,1.186134792360304144e-05,1.959175894120340322e+00,2.514660981644711423e-03
1.740878760931934721e+00,7.251351182211077948e-06,1.774741915910239998e+00,2.667019121059864897e-03
1.041481167391057561e+00,9.088281672366979870e-06,1.909776767265650044e+00,2.226256994933256250e-03
1.418389036969321060e+00,1.206896152344642645e-05,1.266982589575407214e+00,3.675761382781506624e-03
1.621744303986118574e+00,5.139585588170764929e-06,1.103609450121251001e+00,2.748194946116865219e-03
1.280326242853328189e+00,8.283616588644816762e-06,1.132448662152695906e+00,3.060279243774117162e-03
1.695330177998064514e+00,5.481623419704572693e-06,1.880114484436896660e+00,2.223256635456413461e-03
1.982253007477329465e+00,1.170703763980783200e-05,1.869433476691813034e+00,3.523287169628184275e-03
1.040324438382646655e+00,1.283265122645881135e-05,1.958076640601828178e+00,2.611125539179867585e-03
1.296382580580717647e+00,5.407575172571332877e-06,1.967364231476830705e+00,1.887667464646373234e-03
1.307327204741564941e+00,5.723754216238117993e-06,1.145080396343143736e+00,2.556316644277765136e-03
1.288304203950135784e+00,5.214056702027962714e-06,1.515813344203429613e+00,2.105107234971802591e-03
1.478015648960054884e+00,5.258515837852110367e-06,1.564646563513985011e+00,2.228758353775585170e-03
1.425945719837379944e+00,7.219225889275910450e-06,1.887706465897411423e+00,2.335229567394233458e-03
1.718587827553155645e+00,7.084885739170471909e-06,1.613044081267351437e+00,2.747446049057069347e-03
1.487293622227043199e+00,5.820432319681918514e-06,1.676809159952739936e+00,2.272135152307857946e-03
1.607294071925842172e+00,1.480170845507107957e-05,1.003487723340470428e+00,4.869087313855444479e-03
1.502748627416287341e+00,1.414918169417379154e-05,1.493942541435683946e+00,3.772609765179691429e-03
1.077058735891316843e+00,1.287177063470660096e-05,1.712469016964897950e+00,2.845296165686003742e-03
1.165890935583858479e+00,1.296130733763612824e-05,1.722303045322149284e+00,2.962092268109670686e-03
1.438506271469328190e+00,6.660362474378482947e-06,1.292664714876876175e+00,2.722462242555863561e-03
1.552783304295016542e+00,5.824539828875006151e-06,1.206429701861588821e+00,2.738011233855368494e-03
1.139352056435789073e+00,8.527743171255497016e-06,1.676462269095748692e+00,2.407404869530231813e-03
1.186987407150205787e+00,1.033910513617734904e-05,1.111163053126190015e+00,3.323346585241720563e-03
1.410914535779526746e+00,1.371006826558723334e-05,1.983159027361898641e+00,3.123139563153423670e-03
1.595189556790036711e+00,8.678793936349332320e-06,1.639392268829757082e+00,2.905991876989387490e-03
1.037759536135311578e+00,8.984012020991926256e-06,1.906514897541658149e+00,2.211380252301316761e-03
1.431673628918893382e+00,9.739589889733630434e-06,1.303565262664011737e+00,3.270588899216835162e-03
1.086229734975267203e+00,8.275538497711101100e-06,1.087342495030938494e+00,2.875251208403249194e-03
1.095774345317701570e+00,5.898728311346793766e-06,1.268035755439532730e+00,2.257740435104907233e-03
1.114018232863906555e+00,1.423707965233942126e-05,1.683443071256354173e+00,3.069427569313154785e-03
1.704897344266792736e+00,6.025597746744793993e-06,1.474742882076531370e+00,2.639313813454550583e-03
1.193297548082861592e+00,5.340025557845068648e-06,1.455458699548521695e+00,2.092406684536282039e-03
1.696925535875262403e+00,1.042223988093140904e-05,1.810465462425497885e+00,3.125480565509298168e-03
1.900729583970779846e+00,9.418258659624249052e-06,1.225623055312973442e+00,3.821791700849555204e-03
1.020432168440470466e+00,1.494882767316943860e-05,1.409501016178813515e+00,3.289750348296014565e-03
1.365812693215765261e+00,1.064874890092096298e-05,1.008178967741392373e+00,3.798184428226438272e-03
1.215116521313886810e+00,6.236827870449407551e-06,1.213653790259735299e+00,2.498868679594990535e-03
1.618550369147457868e+00,1.443001123839984128e-05,1.890412555375055259e+00,3.514941875290369857e-03
1.713945606849542447e+00,6.131151807997263601e-06,1.358061056701423075e+00,2.781697527306530547e-03
1.944793894890166630e+00,6.009427111200435307e-06,1.970485379231596390e+00,2.435379908332236786e-03
1.860491153267215925e+00,1.103918978529751758e-05,1.460403789074819603e+00,3.750126597636784572e-03
1.434924196260829454e+00,1.099733415725500082e-05,1.969275207836299391e+00,2.830772601257895097e-03
1.481100973677400123e+00,9.572728873266337518e-06,1.362013146201161984e+00,3.226410061425681684e-03
1.198713960263203759e+00,1.012476421575284916e-05,1.274360815376138767e+00,3.086057659679996516e-03
1.706734052089933895e+00,7.060582253273992816e-06,1.128716528451020773e+00,3.267463483915651438e-03
1.761229635314450093e+00,1.189458281076153314e-05,1.108903768482923713e+00,4.346459824559342246e-03
1.361403612704887856e+00,1.032355602033272286e-05,1.675578528914507537e+00,2.896181102569072435e-03
1.436478040221316199e+00,1.076133944783696283e-05,1.595086772780481610e+00,3.113081596894343162e-03
1.441568610802817840e+00,9.560136005936893205e-06,1.093054988289197560e+00,3.550820256379017079e-03
1.829669800375993471e+00,6.668497852888861996e-06,1.664286715604750277e+00,2.707611153723923306e-03
1.782147502923075111e+00,1.406376772970588599e-05,1.167261067684132181e+00,4.633814727831897171e-03
1.030740310984361141e+00,8.870160883836275510e-06,1.224541811078584619e+00,2.732458469501585722e-03
1.403047765694454885e+00,9.318263027088407400e-06,1.450576862887519969e+00,3.002156568245220158e-03
1.401688367497478049e+00,9.136534128843149964e-06,1.744027574115743162e+00,2.709815992102511222e-03
1.337761540233077362e+00,1.194477092364595839e-05,1.253787438146709343e+00,3.569984319533851640e-03
1.748811229832703873e+00,8.829592863964638572e-06,1.101002907162634159e+00,3.744963360974577077e-03
1.314356542967978880e+00,1.300290616084646115e-05,1.007699654945424905e+00,4.118236229979317653e-03
1.583065712177873063e+00,6.843282135401049216e-06,1.948016736153851625e+00,2.358225613903411431e-03
1.729853215777225728e+00,1.163613765849129550e-05,1.354864594993089977e+00,3.854438359751820309e-03
1.995177692961695337e+00,1.435130929392636252e-05,1.008276796976360856e+00,5.329011603403396510e-03
1.193627971866085824e+00,1.361930425790172319e-05,1.271486366236965537e+00,3.575659052226130667e-03
1.507424180627429333e+00,5.982747468907129241e-06,1.479892830037909279e+00,2.468612601394476122e-03
1.451178401677907903e+00,1.196392316213017867e-05,1.079334265544741767e+00,4.010691228379159590e-03
1.101034789064239128e+00,1.329482724735386878e-05,1.105502629743207788e+00,3.638831788181314409e-03
1.633679855041546558e+00,1.138163139734117288e-05,1.698707649796315833e+00,3.308464003970261729e-03
1.957720538120047982e+00,1.140219783044992340e-05,1.639207622776032380e+00,3.690223344585944702e-03
1.531930114200315884e+00,6.155560762345274084e-06,1.801218070683236139e+00,2.288074391170777811e-03
1.837071536870896082e+00,8.780191578301527598e-06,1.815768866457912356e+00,2.980469950315126852e-03
1.657404123764890436e+00,9.527458248292124723e-06,1.072358106115668175e+00,3.837362393830196297e-03
1.344613608048316866e+00,1.441263578732878027e-05,1.144278634499720226e+00,4.115329018477247545e-03
1.549421261589570165e+00,5.308456051128001082e-06,1.389718808841573949e+00,2.432794363719994503e-03
1.939214641958411089e+00,1.145121686474739977e-05,1.635322885598138098e+00,3.684995851519444303e-03
1.854019776558240906e+00,7.833109704872958997e-06,1.094880566972680214e+00,3.642008138316990638e-03
1.818209030654867497e+00,6.721428744475407206e-06,1.665666653576489686e+00,2.708685974917890513e-03
1.318811560434532959e+00,6.897093942811967312e-06,1.352641968405903006e+00,2.593182095266283009e-03
1.069616389398370782e+00,1.092400616134407298e-05,1.382655338327450689e+00,2.907020037339474137e-03
1.826852150407669351e+00,1.257302836859520935e-05,1.335939644123277148e+00,4.146467151333665252e-03
1.396851404910226080e+00,8.370252493489125604e-06,1.542781038895265633e+00,2.752911421355423455e-03
1.031693619106742954e+00,1.258350995885621797e-05,1.456466593181259928e+00,2.985561398734352685e-03
1.971117810308435470e+00,1.292768340415655483e-05,1.349703592737244939e+00,4.345076658876545136e-03
1.713514822052584652e+00,8.903971506967576303e-06,1.933352913916107418e+00,2.809184379589444672e-03
1.809222443877364306e+00,6.805412054211800578e-06,1.779832237018606822e+00,2.630169044130962249e-03
1.243801553141399063e+00,1.024246965091172212e-05,1.463601504307697532e+00,2.950301952516156453e-03
1.512769937669598219e+00,6.873799582845307238e-06,1.854849835166155092e+00,2.367720844561952299e-03
1.023674147181517391e+00,8.479734908652363911e-06,1.562975322988842120e+00,2.356654651603989209e-03
1.887965370430510381e+00,6.163727711678732794e-06,1.891305836191424561e+00,2.480492128771084014e-03
1.154515867611522584e+00,6.110299981626026387e-06,1.734305807237411567e+00,2.016825761409642235e-03
1.001635877501919847e+00,1.231609524007638989e-05,1.482287298923695484e+00,2.884863451928855113e-03
1.643620031894347910e+00,1.282145524081631469e-05,1.009606398397248972e+00,4.568707201909589719e-03
1.698837136740430021e+00,1.243033057737805588e-05,1.078447909867200405e+00,4.425044330243490913e-03
1.435873853011216283e+00,8.586264924993137329e-06,1.238429339472975510e+00,3.155183844790828210e-03
1.977186199620514673e+00,1.313197598859679521e-05,1.176759701503407474e+00,4.697263589332854351e-03
1.505695017237647759e+00,1.301844408377870162e-05,1.561841336105735056e+00,3.542660958338126297e-03
1.749461928866543836e+00,1.041336905435735630e-05,1.691752413110861664e+00,3.281553399725768965e-03
1.235487177941791526e+00,7.418124779666255324e-06,1.667140383657372160e+00,2.344661231906166633e-03
1.646892244618248125e+00,1.489573114277640401e-05,1.951047333682480289e+00,3.545925459135504474e-03
1.549114184315049769e+00,5.297761926290359160e-06,1.697598348731991447e+00,2.198722709924285333e-03
1.897939597727138494e+00,1.025932389737917593e-05,1.743077456132395620e+00,3.342275311671347171e-03
1.455786517694837690e+00,6.007958440012823151e-06,1.771761039040584684e+00,2.221824404332981874e-03
1.785925289168220687e+00,6.480888204602907097e-06,1.521509071032680183e+00,2.758110334354159192e-03
1.103627034598974266e+00,1.135351427838071604e-05,1.869924126797880781e+00,2.588596310808601378e-03
1.998628772178049573e+00,6.066244341596495272e-06,1.703516812526015833e+00,2.667797155533879142e-03
1.573545482306277776e+00,1.349569747682971872e-05,1.143385987471608800e+00,4.309638920421661815e-03
1.893646821824398696e+00,1.413930819949520603e-05,1.866083853706040685e+00,3.787895546821455628e-03
1.870881760223100265e+00,6.468677769559139722e-06,1.473485682728420620e+00,2.865879785504357735e-03
1.564585412860353575e+00,1.176592855099331457e-05,1.338361054992019739e+00,3.708737508177129862e-03
1.240931300130371451e+00,7.142971948780666581e-06,1.097292681252220570e+00,2.842183412572833398e-03
1.996671544813874988e+00,5.432451720142987065e-06,1.638688269364322991e+00,2.572782539026550845e-03
1.605153804571764375e+00,6.411585321796717664e-06,1.066279750724683284e+00,3.106743929082979739e-03
1.755379660590623558e+00,1.266061439965066000e-05,1.069134007760642380e+00,4.559286145394892374e-03
1.118856138160222891e+00,7.640866692168467084e-06,1.973116061930656251e+00,2.081527341319794160e-03
1.219513618005132249e+00,1.155984360240060109e-05,1.019745520422486562e+00,3.718120008661025561e-03
1.727493497973149772e+00,1.092772160016291408e-05,1.274421240882408490e+00,3.848721812140026496e-03
1.340993590118674472e+00,1.157379517739211169e-05,1.487702163269375655e+00,3.229931038326955446e-03
1.114877212031128551e+00,1.404277094457205227e-05,1.457127326794335875e+00,3.277865836203831037e-03
1.057818913262979832e+00,7.866709618174997379e-06,1.113351771738826379e+00,2.733921379980425431e-03
1.437862318201588163e+00,6.719760676495497007e-06,1.221521899552600932e+00,2.812450746009813578e-03
1.729736663602015723e+00,1.353619152642112367e-05,1.871439879644431592e+00,3.537124128574297907e-03
1.785235798626102710e+00,1.131862346032807144e-05,1.572757176373121846e+00,3.584377660394874772e-03
1.924993306621322731e+00,1.349424879709795109e-05,1.400885852480755256e+00,4.306134530419952408e-03
1.152517501179722181e+00,7.934064102029989618e-06,1.597075719502009772e+00,2.392813572337255858e-03
1.508388240133394564e+00,1.345471621192969547e-05,1.800529192629717556e+00,3.357327875463603749e-03
1.401281234139156506e+00,7.728901852857981872e-06,1.324379850792889890e+00,2.859665703328618819e-03
1.191004219792133556e+00,5.965744475314710840e-06,1.515085072592617710e+00,2.165561213270809308e-03
1.973616209141406674e+00,1.182723884089819744e-05,1.731075615169218151e+00,3.672104365407571208e-03
1.332766378012690822e+00,1.480687612541605174e-05,1.642245315405012729e+00,3.466488148810504925e-03
1.910934798307541982e+00,1.481051166792745447e-05,1.823921085984810730e+00,3.939171995449520548e-03
1.334626934982657387e+00,1.201782066461886254e-05,1.196939187023510431e+00,3.660637794636976885e-03
1.014628836572430082e+00,6.478675332269611642e-06,1.482324975295091551e+00,2.105838182191392249e-03
1.336596061051175344e+00,7.802506733420246939e-06,1.163182965043390249e+00,2.994285090975166812e-03
1.093462365501775224e+00,8.966526569531283380e-06,1.599346665834050274e+00,2.475954932193449864e-03
1.346552579344459044e+00,9.159207195173063508e-06,1.722695389872141547e+00,2.675693441232856063e-03
1.903986015356271988e+00,1.206719817440454950e-05,1.078870353781207214e+00,4.614774348964931043e-03
1.380824315681270509e+00,7.030306004255138628e-06,1.909793155486208871e+00,2.254567078985174593e-03
1.563372540162455637e+00,9.903203648030669371e-06,1.186581775094979641e+00,3.612187271107583208e-03
1.170204804803452348e+00,1.015157585687090065e-05,1.492441767026282395e+00,2.821298079937419392e-03
1.903804931650472376e+00,1.012387760979671003e-05,1.286322702737416002e+00,3.870879923382039480e-03
1.020805606940907939e+00,1.018463277878574246e-05,1.392893628467083422e+00,2.732028558274719916e-03
1.231537690956220121e+00,1.414840392053809691e-05,1.951448121304612204e+00,2.988127151989000089e-03
1.272701588804496575e+00,1.140907722268243869e-05,1.921733464174189887e+00,2.748792622637990114e-03
1.036799440933750205e+00,1.365322969261244688e-05,1.341317350888919790e+00,3.248622920952894295e-03
1.006229191449138138e+00,1.040468040966624908e-05,1.865543991427198289e+00,2.368972838627557160e-03
1.842207713343349429e+00,9.087410862577466650e-06,1.321985353392379992e+00,3.558574467469635596e-03
1.086476898383612610e+00,5.098239526588798196e-06,1.665936672912002425e+00,1.823438506459162511e-03
1.036214984816348217e+00,1.254007590562027858e-05,1.323719291230518902e+00,3.133120280665466217e-03
1.420470864235404473e+00,1.178484381155399345e-05,1.112677492073834484e+00,3.878764651992736099e-03
1.507127822607332357e+00,1.417852120444927148e-05,1.780931803171939887e+00,3.463912136553525846e-03
1.391887305247121898e+00,1.249739200103896868e-05,1.448528369927484460e+00,3.465358981049253100e-03
1.709406980771807305e+00,8.885243790173267257e-06,1.313558986116926119e+00,3.400420461765681166e-03
1.416126508788388527e+00,1.077002145793531286e-05,1.085819144285292248e+00,3.747835868560794609e-03
1.411771797873769163e+00,7.177046277585830971e-06,1.262710538074200084e+00,2.832717214774663119e-03
1.376568768947715515e+00,1.188059161181532805e-05,1.768448017538919892e+00,3.041037955278152929e-03
1.792511677996440955e+00,7.845034438426482832e-06,1.393240592816424872e+00,3.176986463428131940e-03
1.001272949918020405e+00,9.103556263054635129e-06,1.252522596368998986e+00,2.697671087073531555e-03
1.765858549221470675e+00,8.654030617560438566e-06,1.352420316244686616e+00,3.361486154138817496e-03
1.950372510534081671e+00,7.555782856125487298e-06,1.543696380367986176e+00,3.089708978062504722e-03
1.000825346242611991e+00,8.112428393502373134e-06,1.287926860415764097e+00,2.510781879038314051e-03
1.863255152124083214e+00,1.057916020471813860e-05,1.518917951327326321e+00,3.602422155203715420e-03
1.671829809030395353e+00,1.195075467693432341e-05,1.603333989129874348e+00,3.530056839685672722e-03
1.937043492809753742e+00,1.313649835154990478e-05,1.929246616869159769e+00,3.631747282379094773e-03
1.430890770317624128e+00,6.317528141999267199e-06,1.292905473504397218e+00,2.644194799603824877e-03
1.168140246602092036e+00,1.361384234435014507e-05,1.794032061532235156e+00,2.977301059609729385e-03
1.198010582154934500e+00,9.419599764930336076e-06,1.110325671489859722e+00,3.188022381175744172e-03
1.113909691470170493e+00,8.105912748253827661e-06,1.422732399850349605e+00,2.519209832579790385e-03
1.523795656131889498e+00,5.683532285485968209e-06,1.262386365650405073e+00,2.619246568590004928e-03
1.962309213303540467e+00,6.193614726419935783e-06,1.025610817562613963e+00,3.442425247619423489e-03
1.863439796393964620e+00,8.314522446970683744e-06,1.904242407460926767e+00,2.852431487111745361e-03
1.548807842513323152e+00,1.133344901543174563e-05,1.346595032727794905e+00,3.610449818161167237e-03
1.559916791559554650e+00,6.678117890260961483e-06,1.502671486266098366e+00,2.632968930904251974e-03
1.234258154049393985e+00,6.251065663818879076e-06,1.692210487604432601e+00,2.135270213705104270e-03
1.624407513103046430e+00,1.406165371180881216e-05,1.887778971510372550e+00,3.478484896692982890e-03
1.642567062542430456e+00,6.044967688434552713e-06,1.989815711942421128e+00,2.233840286213921011e-03
1.236707869114581637e+00,6.725389587869474704e-06,1.781732416973353939e+00,2.160583448874965617e-03
1.698622258693243570e+00,9.472275919253062449e-06,1.140144522476797651e+00,3.756605784523350030e-03
1.316908280035078427e+00,1.108197479784958834e-05,1.181522695851935145e+00,3.514514253861924804e-03
1.344983696143712049e+00,1.088511353903141588e-05,1.180141136475852059e+00,3.522151375131105707e-03
1.167307661875057523e+00,6.527487985589581210e-06,1.881164160156325149e+00,2.012576330014515143e-03
1.737468828981596491e+00,1.188263773271493946e-05,1.168308245015135860e+00,4.203743594892896465e-03
1.426457050782191871e+00,1.176042741547476717e-05,1.806517296655958837e+00,3.047332481682351810e-03
1.696390769748565619e+00,1.394450274813305223e-05,1.793226917610414528e+00,3.632008379558245015e-03
1.392381345097406076e+00,1.215919357618744498e-05,1.443687525945962502e+00,3.424481956707507539e-03
1.637030322933187287e+00,1.319847280508817301e-05,1.777474233376757695e+00,3.486490980527708582e-03
1.892825176604242099e+00,9.274078859258342862e-06,1.881422356517816308e+00,3.054551797095617343e-03
1.417581523900768303e+00,6.554910959296372767e-06,1.103000245604747409e+00,2.902482539757766759e-03
1.362624086894518083e+00,1.201816635276063336e-05,1.642248786429629792e+00,3.157822112742676105e-03
1.627726855330550393e+00,1.411749090936582833e-05,1.839755693736617737e+00,3.534186348144888710e-03
1.872573383023488525e+00,6.485140528930615212e-06,1.865095997680109807e+00,2.551693595749408416e-03
1.799951522108961477e+00,5.447832980676667043e-06,1.861690579872171458e+00,2.295030945884884294e-03
1.586450657267793662e+00,1.086029160103431197e-05,1.093102552172509956e+00,3.970119448146838467e-03
1.037585464024407989e+00,1.272151564455717963e-05,1.984036565827079102e+00,2.579327756412749025e-03
1.064710130690260437e+00,1.440272545856595353e-05,1.005690192878016864e+00,3.904864126955286206e-03
1.481539518074968420e+00,8.111635667800194010e-06,1.522237038145569432e+00,2.809763042560039538e-03
1.562166198900917014e+00,1.214179745341697518e-05,1.636751534765741090e+00,3.404189531035493529e-03
1.949636257147723262e+00,1.484046970811532889e-05,1.189989607348816980e+00,4.930932250644439081e-03
1.804338951063404028e+00,9.361484235766499336e-06,1.138488633387169546e+00,3.851829614841991746e-03
1.272920838644810981e+00,6.801015169313839313e-06,1.891208936669201535e+00,2.139527210376551691e-03
1.836733974608820930e+00,1.217115404548804481e-05,1.273427981842450762e+00,4.189882220439491121e-03
1.753388937037979600e+00,1.143340394541330284e-05,1.925689753230441781e+00,3.226515420241402986e-03
1.291780613047975645e+00,1.398630058932635645e-05,1.414739543382797837e+00,3.573613365334160283e-03
1.390196451290603097e+00,1.371834955907197864e-05,1.396041664192791520e+00,3.696066958616582836e-03
1.111108742166116548e+00,1.433228131385946936e-05,1.446710398737614645e+00,3.317761343455559366e-03
1.878329039863948058e+00,5.051322919585657266e-06,1.064022182878732181e+00,2.986159917695050108e-03
1.480124370363584019e+00,8.155113881901327675e-06,1.199552183053124832e+00,3.172156074203863734e-03
1.687131013534076462e+00,1.122991485480656736e-05,1.584344313670224214e+00,3.458102417025514606e-03
1.214645106740873004e+00,1.382501980815340576e-05,1.942807488937776661e+00,2.939968648295112740e-03
1.216233454111243173e+00,1.005789469803657649e-05,1.594083612296056440e+00,2.770170283847963547e-03
1.604968860019496013e+00,1.412233699291657162e-05,1.641940852437059561e+00,3.715419330619902736e-03
1.072301837266627089e+00,5.959868573996049471e-06,1.631271453293440921e+00,1.979309678787360364e-03
1.474828081530485502e+00,7.633145786124992936e-06,1.225608764397396744e+00,3.030725120396315919e-03
1.971027985158642526e+00,1.129748715442075645e-05,1.982317517170241405e+00,3.351588672987330757e-03
1.413464103622339429e+00,1.070324120570327085e-05,1.807353933434709070e+00,2.893199916196407314e-03
1.819293120502094130e+00,1.095736200484865769e-05,1.915223659241781951e+00,3.226224571803763819e-03
1.470682176289764609e+00,1.451608753866750530e-05,1.429153736485136772e+00,3.864957558614153660e-03
1.738483423708222730e+00,1.491983019414087419e-05,1.062790616651776876e+00,4.940186693159181151e-03
1.036385695101440962e+00,1.329208317571073161e-05,1.863943373699404660e+00,2.718572208504287883e-03
1.265421083166394567e+00,7.834769296941955209e-06,1.760946696314033666e+00,2.372780334518264766e-03
1.385193650960413692e+00,1.255261830678867748e-05,1.952151403748063840e+00,2.984459289104580190e-03
1.337247164270492172e+00,5.142155757633074962e-06,1.540230319657227565e+00,2.112932495767040793e-03
1.824982640982274917e+00,1.064493451976378729e-05,1.978877924110086006e+00,3.133223421012639766e-03
1.572848831767741817e+00,1.319847211267397859e-05,1.051936792316048308e+00,4.442326746307082887e-03
1.990943121805754279e+00,1.376913720746319149e-05,1.511327631510995140e+00,4.258959194306713610e-03
1.373369746751184284e+00,8.965400189284328957e-06,1.973801247445013729e+00,2.497622905325313537e-03
1.954471628475880518e+00,9.266496321507112507e-06,1.066221818388209508e+00,4.121437149668118541e-03
1.618265504230890439e+00,5.993641471119650045e-06,1.836591171673185308e+00,2.298074069852628666e-03
1.721874949102415675e+00,1.213454848168801821e-05,1.987368915094757549e+00,3.242450599641271552e-03
1.390091409780188414e+00,1.477882528290336644e-05,1.657170334045906968e+00,3.520935442063707899e-03
1.182716502557119131e+00,7.662295841680738301e-06,1.423121067723515765e+00,2.523474162330031738e-03
1.200612567324309099e+00,7.145718431407575827e-06,1.757349181234036273e+00,2.209506891501615989e-03
1.315484647844803678e+00,1.233691863501607027e-05,1.630063109819592349e+00,3.155324523198055342e-03
1.683575938146821382e+00,7.338747826696861829e-06,1.558716127730867207e+00,2.815424094250133270e-03
1.332748237604902020e+00,1.125153972935233118e-05,1.774099797030237013e+00,2.907307806011209198e-03
1.248024092503162930e+00,1.158042500276507994e-05,1.260226905941815190e+00,3.386486588460006601e-03
1.569998788515386323e+00,1.000979674954051823e-05,1.674364848181248533e+00,3.063636530183063908e-03
1.418451101067182751e+00,7.177382774496502413e-06,1.398824459030903133e+00,2.697793038371101414e-03
1.216686989588284140e+00,9.406456716489057941e-06,1.672582938911940431e+00,2.615824671099435238e-03
1.358867430741973692e+00,1.118288335422100241e-05,1.362622961878993788e+00,3.339470341271886383e-03
1.486296151827032341e+00,5.442581157218835551e-06,1.187933568882145074e+00,2.609510544635500976e-03
1.505210575244704474e+00,1.078648752928084643e-05,1.632816209536375851e+00,3.153334205076856796e-03
1.299468901021831879e+00,1.006882930899411266e-05,1.815509490547633664e+00,2.684560357426602969e-03
1.248092998488314453e+00,1.378114304670204266e-05,1.580877445871516906e+00,3.298503825078636861e-03
1.809337490482710642e+00,1.075631077935882102e-05,1.542503841121083408e+00,3.552043983338559405e-03
1.191811295316543395e+00,5.050053354469035314e-06,1.957591558663998477e+00,1.753439113431882893e-03
1.624890288894720536e+00,1.042118309401245068e-05,1.477005758017271742e+00,3.385941422927273448e-03
1.528578597450002130e+00,1.055640221906354182e-05,1.958130966371760984e+00,2.870654885800774138e-03
1.226987899968849938e+00,1.222234308855064964e-05,1.584980269233227990e+00,3.075993724304051588e-03
1.627687764301093409e+00,9.489919173955370542e-06,1.903322760702478522e+00,2.848790980260456056e-03
1.429692111750513250e+00,1.426231752431648142e-05,1.401149204985826291e+00,3.814820595381174066e-03
1.913872854978807769e+00,5.074487032167223620e-06,1.359225817693073379e+00,2.673048306895560097e-03
1.595438991702130771e+00,5.665840337570525952e-06,1.154082034863623374e+00,2.798684397262971718e-03
1.097520850599597919e+00,1.423777505872360100e-05,1.861448467206456403e+00,2.897356561395841509e-03
1.965319005633632266e+00,9.032850329056881728e-06,1.154073417561782833e+00,3.922041775360994402e-03
1.956974140007438301e+00,1.408706958880284873e-05,1.131016795346508896e+00,4.937059330383053099e-03
1.192622019096875707e+00,8.756095400066216111e-06,1.914795277205578294e+00,2.335315061004498895e-03
1.005416852006133066e+00,1.268572756493734188e-05,1.825090477867294281e+00,2.643556340527096569e-03
1.552817601454309138e+00,6.549832619781885325e-06,1.547371091136483745e+00,2.563764230963996252e-03
1.725322918393808358e+00,1.050676641747360108e-05,1.550568554660277654e+00,3.419197979358149821e-03
1.283175836224776933e+00,1.495695448139193449e-05,1.490917754104386539e+00,3.587879338248030694e-03
1.070704963060322035e+00,6.714526599801099486e-06,1.020248384512047135e+00,2.654542294655660734e-03
1.546252455087842925e+00,1.225894168991534995e-05,1.200388087398202686e+00,3.973798599103036018e-03
1.079160736879043903e+00,1.383509207060814184e-05,1.750482390843528968e+00,2.920486625341911415e-03
1.427767107564129390e+00,1.283415366737754846e-05,1.490841843334411054e+00,3.505875722320520547e-03
1.180346439547692583e+00,7.866095665830043801e-06,1.725088324855113875e+00,2.319950353410597538e-03
1.956880783244170141e+00,6.957449690606642582e-06,1.869423862434177241e+00,2.698692055409942624e-03
1.025850870893725952e+00,9.118800866634144993e-06,1.606877302331322532e+00,2.412790551731844400e-03
1.025912666536492157e+00,6.326490014626545928e-06,1.366120022561156722e+00,2.179677198556200651e-03
1.655035076444705044e+00,7.484521309842138141e-06,1.193169897668544532e+00,3.222066294593211363e-03
1.447000392523324352e+00,1.493839066667323768e-05,1.946649174458429776e+00,3.332286900939390208e-03
1.363103722301410414e+00,5.340895775590994793e-06,1.329837146861962749e+00,2.339765178728286672e-03
1.045189176549307319e+00,1.380261512355112591e-05,1.752209596287873206e+00,2.869360488393860997e-03
1.745420521311232154e+00,1.299353166660412303e-05,1.895282388013739050e+00,3.459208026728806742e-03
1.043376750451098900e+00,5.467881695149569049e-06,1.909109293924953210e+00,1.728680513096601899e-03
1.707910380105347681e+00,1.159398759331773187e-05,1.469646091410802713e+00,3.670646590488191828e-03
1.553451970035733654e+00,9.139836386173474673e-06,1.747531654642346499e+00,2.850398627157496589e-03
1.165443212675830065e+00,8.190785225782622525e-06,1.134267747795054238e+00,2.901018751088133962e-03
1.775384567195122720e+00,1.434750706896337639e-05,1.327816667900786785e+00,4.379912010429919643e-03
1.375411156462835516e+00,1.422341455325200904e-05,1.544015985047566542e+00,3.559527145677054451e-03
1.988475402442521967e+00,9.373949035585394892e-06,1.750299814584320934e+00,3.263361474410532339e-03
1.519083823046412318e+00,5.616999161522784915e-06,1.837450956372834288e+00,2.154939942022838454e-03
1.159032393927057480e+00,1.294251276305340118e-05,1.335358950688729118e+00,3.351645497681879967e-03
1.725495566878487264e+00,1.301501296547764297e-05,1.102448084905611747e+00,4.513361841152255943e-03
1.855882143504828274e+00,7.931160091301735736e-06,1.037060396304245291e+00,3.767398234661553571e-03
1.284505061904818390e+00,1.238600285787056963e-05,1.957274455822016979e+00,2.851068382038505870e-03
1.082401738576053596e+00,9.211014873734707530e-06,1.036605514542093598e+00,3.101281760432346435e-03
1.485242580462117212e+00,1.066847932567906957e-05,1.729945750279700878e+00,3.026451465527620240e-03
1.793955465861349685e+00,5.212986967797709952e-06,1.873224062476847251e+00,2.234365847500172780e-03
1.984773379692701845e+00,1.238020290424180929e-05,1.314450457113296000e+00,4.323617177599015440e-03
1.582890149272200730e+00,9.363322593033130740e-06,1.863918151240814503e+00,2.819856204734191765e-03
1.461452656773547742e+00,5.407081284879498609e-06,1.579237457770851227e+00,2.236918218029211938e-03
1.889310667441117753e+00,1.027436328015363318e-05,1.176501878990929395e+00,4.061933737768811531e-03
1.216349742269371426e+00,1.253381197674901132e-05,1.928195982372927553e+00,2.811869976538472309e-03
1.151556107252980077e+00,7.718387599491561266e-06,1.938986327159884393e+00,2.141008887892899195e-03
1.057999369393566536e+00,1.483089621796510076e-05,1.009268791208638216e+00,3.942965528750979297e-03
1.621670021778568671e+00,1.308929817390557248e-05,1.462075928199566999e+00,3.810258681515570935e-03
1.140074381365631329e+00,7.875087465959728934e-06,1.874216356649879955e+00,2.188690861160107280e-03
1.722995686983038510e+00,9.766650442165568290e-06,1.056795468668605853e+00,3.990427695554646381e-03
1.853289063994604913e+00,1.154927911846157659e-05,1.801009581786224611e+00,3.447394691170745963e-03
1.867450915256090305e+00,7.570502668687993747e-06,1.882123039991801861e+00,2.740709155684458408e-03
1.717303021346272107e+00,7.859651030662494038e-06,1.267707341362867890e+00,3.262988898361147277e-03
1.075840764558096740e+00,8.449730344503597222e-06,1.562868699152230034e+00,2.411760489976706116e-03
1.646722961764287785e+00,7.769857656581818098e-06,1.119579600427663024e+00,3.380565177800638234e-03
1.485556297883542598e+00,7.368926396843439316e-06,1.369441533982510117e+00,2.827319698441554171e-03
1.556772659990480534e+00,5.429789970914201728e-06,1.918349389842333164e+00,2.099134465463929882e-03
1.001395316884281517e+00,8.394359038801661103e-06,1.296399533284575689e+00,2.546402871513042416e-03
1.459295416880109109e+00,8.365710765620434046e-06,1.576312883415899924e+00,2.782927032052069476e-03
1.030614602682355496e+00,1.431333847368982442e-05,1.217714739036088734e+00,3.480533635932917067e-03
1.507037439374733223e+00,6.038591886084652985e-06,1.556778264121615685e+00,2.417778329691596707e-03
1.780717084921107585e+00,6.804526659074426312e-06,1.630404827943119361e+00,2.726143397524085146e-03
1.169330132248568521e+00,6.081864821398298110e-06,1.518870178372918600e+00,2.163847372584816724e-03
1.670400759740075847e+00,5.449501840952082805e-06,1.853738245231173254e+00,2.215973365562385906e-03
1.731492351461975332e+00,1.451790493957924832e-05,1.904666680882321383e+00,3.632894371255066847e-03
1.927760966538680343e+00,9.532357922319439027e-06,1.961603181971145471e+00,3.060702956237519069e-03
1.420131836920745627e+00,1.306107439215943748e-05,1.829328594357956472e+00,3.184255604846021777e-03
1.603581701558321804e+00,9.949896111506685150e-06,1.259664182975839708e+00,3.558995415801448087e-03
1.832734823822652181e+00,5.137373009223731855e-06,1.379327310828380337e+00,2.612682871826551342e-03
1.993369649171875979e+00,6.791706995131044240e-06,1.715779451538654854e+00,2.809005957678416005e-03
1.153241197303707999e+00,1.413071189698254470e-05,1.732548430810147533e+00,3.066898501786320588e-03
1.887444761011657368e+00,1.430874185652436433e-05,1.757715488551639282e+00,3.919796850317290235e-03
1.943381281873105326e+00,9.149039642416878704e-06,1.060584672194457401e+00,4.094436020549123943e-03
1.195205139070609768e+00,1.267577667334028556e-05,1.326349389040486049e+00,3.379710839379023064e-03
1.185208194462251008e+00,8.874612980694106853e-06,1.161376962679034897e+00,3.009438208580007129e-03
1.571089859940992817e+00,5.561807420300716254e-06,1.543520660190526472e+00,2.379316755278481927e-03
1.430745810768009108e+00,9.463890556745501836e-06,1.135278865490298328e+00,3.453542617202702992e-03
1.202076476530381521e+00,6.772264665034014708e-06,1.313425990666499121e+00,2.489603623400286209e-03
1.989101002458432799e+00,8.712465081204864956e-06,1.714588829057757113e+00,3.179208042755902325e-03
1.928118283915568387e+00,1.376214727538014880e-05,1.805481510974620063e+00,3.833658418596066868e-03
1.118026275061134056e+00,1.308118914405882624e-05,1.321139987316720221e+00,3.327171588854222189e-03
1.807106264200404322e+00,1.058621612837313117e-05,1.559772974152145109e+00,3.502124073692804585e-03
1.019806586054218922e+00,5.011627375433128072e-06,1.340325264946004458e+00,1.952734461083122227e-03
1.303218868068377834e+00,1.419877011451897128e-05,1.117583045473908854e+00,4.069060443931704109e-03
1.769921160512442082e+00,1.299257386623712664e-05,1.491707415541483117e+00,3.926293252955483787e-03
1.298140806474635145e+00,1.243149615357583865e-05,1.048692910358564490e+00,3.922820488998049124e-03
1.867110748815305588e+00,5.566221535010376199e-06,1.778798404293620461e+00,2.417140624775031103e-03
1.301476040368259923e+00,1.006578926021094831e-05,1.076435178285920724e+00,3.488575001489257772e-03
1.079103565989931068e+00,7.776519006406087622e-06,1.516409269518637082e+00,2.352425982244167081e-03
1.040899431809374942e+00,8.321472182550802618e-06,1.609068618560206776e+00,2.320155998219940261e-03
1.509595862082507178e+00,1.173746940491569708e-05,1.748568025231004075e+00,3.183290833887816081e-03
1.863015556017401764e+00,1.249053776655148121e-05,1.421541308940441617e+00,4.045936541542336125e-03
1.676814904438038045e+00,1.321125151577072759e-05,1.580352413887091911e+00,3.744014922935183075e-03
1.099928182029311197e+00,1.146359303413591973e-05,1.574314538245666917e+00,2.830067484980412947e-03
1.992600198423583713e+00,7.825540496514034881e-06,1.489314716756481749e+00,3.235742965624226197e-03
1.383489618591861925e+00,8.664487018705115893e-06,1.820476110624187571e+00,2.566060478587851856e-03
1.104187411081358761e+00,8.078735168181954462e-06,1.872296421927311938e+00,2.182758951002509735e-03
1.619212224064070504e+00,1.259527946774019634e-05,1.791716727887068927e+00,3.373813850628515788e-03
1.819877214907728025e+00,1.170356597910465558e-05,1.372561030507460922e+00,3.939257001189144965e-03
1.217416978364917135e+00,9.912405739893871242e-06,1.306274286968105880e+00,3.039429142829736495e-03
1.752767845167625405e+00,6.201201888557877169e-06,1.376004529500823192e+00,2.810542793470593558e-03
1.686557087279339395e+00,1.286833602769707808e-05,1.064843226331789516e+00,4.514595903540826946e-03
1.144287973757664778e+00,1.185406278198050683e-05,1.225332500425743820e+00,3.327164717286282963e-03
1.699252644177337457e+00,1.278319958465303364e-05,1.626990110378708110e+00,3.653897039019143953e-03
1.459435865678134991e+00,8.407334421515339279e-06,1.256069316870474850e+00,3.125466623095331763e-03
1.794050099544746590e+00,7.611698049267322244e-06,1.186860799226356900e+00,3.392018141832319009e-03
1.485227813390845641e+00,1.086368887980403317e-05,1.242155867186105933e+00,3.604102626814502733e-03
1.709061295100869016e+00,6.946296284155967945e-06,1.381018019823372800e+00,2.931944860666980956e-03
1.392671138520971574e+00,1.444868284735529091e-05,1.732004184564140736e+00,3.408505101889388895e-03
1.239605863280044851e+00,8.979971403893691038e-06,1.204928315742532341e+00,3.039475748244042062e-03
1.672912990508222508e+00,1.329963961788999672e-05,1.153473154461106098e+00,4.391904293630085818e-03
1.359681941153580764e+00,1.011938457576277657e-05,1.638035623592426049e+00,2.898237984431726796e-03
1.610863370017101559e+00,8.768092329519760146e-06,1.243068551040587000e+00,3.370810752624140219e-03
1.454244387512605652e+00,5.316193193345283877e-06,1.950294113842044208e+00,1.990989733941155113e-03
1.195500015575176933e+00,6.817070837277498484e-06,1.118725977164626961e+00,2.699055625636577384e-03
1.823631775572939873e+00,7.747431756090878305e-06,1.767713982031076325e+00,2.827101861891566197e-03
1.057664160323671165e+00,7.691737611166517085e-06,1.449835675361251575e+00,2.368790940763584613e-03
1.939750407544801103e+00,7.874741800020665250e-06,1.364451735553173339e+00,3.345892614571198669e-03
1.786549818875407425e+00,1.228901917554896310e-05,1.277706222396271851e+00,4.145249462521445778e-03
1.021052525925321586e+00,1.352296180040586291e-05,1.166517471901308500e+00,3.440442696171176849e-03
1.584962416060438084e+00,8.726375047215994895e-06,1.546587651391726492e+00,2.990467949759502506e-03
1.654548627240838066e+00,1.057655761458840951e-05,1.966653370289714875e+00,2.982964103800693576e-03
1.720557622894806737e+00,1.117506968085611746e-05,1.889426524157893361e+00,3.190029704293237053e-03
1.885610422243169548e+00,1.309115874482536708e-05,1.474919087701911824e+00,4.091013678079534477e-03
1.233216317044085297e+00,1.103005847622962068e-05,1.184799140735588896e+00,3.388333685154817313e-03
1.262441001706456012e+00,9.085959884374494947e-06,1.209951657987570872e+00,3.078980536716370391e-03
1.870919630556707514e+00,5.111381187859887028e-06,1.470043068003114239e+00,2.550537256450389426e-03
1.964991024515843288e+00,1.203961987402661101e-05,1.422747821668307378e+00,4.077769830634411265e-03
1.068449434001262022e+00,7.798479515394378834e-06,1.819827075540046080e+00,2.139769010102134539e-03
1.975736176059367910e+00,7.864981956340466861e-06,1.089956154432153657e+00,3.775798653757427015e-03
1.651904591083287688e+00,8.570295680045930705e-06,1.051400131822286310e+00,3.669495583452232323e-03
1.295191911268288365e+00,8.616110098982865238e-06,1.691412384873169916e+00,2.568608577870701380e-03
1.165373641862358367e+00,1.341457796733143518e-05,1.126725193120043489e+00,3.724878403368647121e-03
1.106080375374693059e+00,8.312073902521981502e-06,1.916081839970551925e+00,2.190488684188409904e-03
1.766591483102312621e+00,5.886783807506703085e-06,1.143586321690575058e+00,3.015592353278109122e-03
1.791144352914771032e+00,1.307860859258735918e-05,1.483428023157476794e+00,3.973862408550195291e-03
1.817086035949705636e+00,5.169737471249592558e-06,1.136336740761676678e+00,2.875202687773404080e-03
1.215832907212207159e+00,1.222032056805548382e-05,1.633659034755499118e+00,3.015765278136831387e-03
1.899783463893081947e+00,1.189475217657948168e-05,1.897577159518977430e+00,3.450881358594397492e-03
1.790342057493051087e+00,7.707460511491942242e-06,1.918538607989083378e+00,2.681874120970807480e-03
1.262057228531628716e+00,9.988974311568361733e-06,1.964244159519956234e+00,2.533391080725186373e-03
1.976722715523694829e+00,7.830696351795586965e-06,1.891667981370131368e+00,2.860557038790138753e-03
1.163612131971882402e+00,5.708171386798908775e-06,1.627625107674576466e+00,2.020111923885445793e-03
1.818051630230576254e+00,7.588128997601818049e-06,1.620882787916638312e+00,2.917391098999998385e-03
1.718424394185402271e+00,1.085967713697812023e-05,1.919671367779802518e+00,3.117885969904297429e-03
1.772943245870385098e+00,7.267318031084975767e-06,1.483855942753601553e+00,2.946718364013893761e-03
1.106192766899042113e+00,1.139298858899892344e-05,1.580671463636437846e+00,2.823666698702887497e-03
1.981958207424157514e+00,7.890851467118826376e-06,1.523895663862243177e+00,3.203550421609792538e-03
1.511350532171269245e+00,1.407111304994642978e-05,1.887563039107222451e+00,3.356572989075292963e-03
1.523508082521172424e+00,8.594409062297626501e-06,1.668419165421659134e+00,2.801417302125943243e-03
1.449504866661176283e+00,8.913953857739883622e-06,1.731888686065913285e+00,2.731398346677941895e-03
1.973283178049109576e+00,1.313394628343904938e-05,1.992680307719220556e+00,3.606396809647309260e-03
1.300979037127177662e+00,5.257785743529800827e-06,1.396011482772028245e+00,2.213564067535795862e-03
1.930597908423469677e+00,1.475644635526576293e-05,1.458600485121272161e+00,4.419454128472958578e-03
1.038841671312424442e+00,8.521161953263905174e-06,1.874796703782905860e+00,2.172936326000537207e-03
1.127921667232836711e+00,5.501954689401576063e-06,1.556465003739655462e+00,1.996771155241024946e-03
1.855671164091227565e+00,8.283661661456217596e-06,1.936403906000653041e+00,2.817498611456541961e-03
1.418858999278610700e+00,7.204222951847790536e-06,1.315752039103322613e+00,2.787251552235148807e-03
1.924197990930125224e+00,6.601507904047530517e-06,1.494679980629029625e+00,2.915226770068499347e-03
1.448985529548181050e+00,1.040117734136206202e-05,1.425631982152791633e+00,3.251393700631475571e-03
1.266389537877642191e+00,6.152084938625050316e-06,1.647327221439972345e+00,2.174727673575696518e-03
1.749529355965144806e+00,8.973453813127603602e-06,1.751408706361708312e+00,2.993964736254209509e-03
1.196031693752467095e+00,9.377390401795320323e-06,1.131877719302892826e+00,3.147839546245091626e-03
1.790772897336410985e+00,8.576412447136318626e-06,1.211546740446266757e+00,3.560434485952006841e-03
1.576476072672654549e+00,1.051560930570837443e-05,1.504342305515944389e+00,3.319613929619827201e-03
1.781319794976632842e+00,5.009986036530105463e-06,1.263419920068810987e+00,2.657757453167120323e-03
1.646078750557705028e+00,8.158370680516689299e-06,1.897380517541161771e+00,2.660417541984868867e-03
1.759746872303828535e+00,5.351536392418900366e-06,1.894651641409821119e+00,2.229459858849339345e-03
1.945374804801501378e+00,9.827934300866164748e-06,1.523842958587940277e+00,3.542115019136738829e-03
1.805069567682183518e+00,1.031468099757710059e-05,1.051889063255526224e+00,4.207168468219587946e-03
1.448511860646283678e+00,1.234023059994766444e-05,1.304838121709018361e+00,3.701215287313250335e-03
1.386225368308446004e+00,1.177530710611831683e-05,1.725263087441591292e+00,3.075922416734337174e-03
1.558211657804897898e+00,5.091981733274327957e-06,1.658163198583926690e+00,2.187474540340789923e-03
1.612725620373430591e+00,1.392935848098118872e-05,1.000284300629093792e+00,4.738971250934401538e-03
1.201959366629072434e+00,6.542483072925742681e-06,1.938214626054935774e+00,2.014258772143619550e-03
1.341776625621404762e+00,8.092310422218742356e-06,1.106558889783397337e+00,3.132485809295821287e-03
1.980633657668613878e+00,8.589344480918998206e-06,1.921735155223406322e+00,2.975331227025359779e-03
1.173725776064278747e+00,1.236939693403544642e-05,1.051187258785406753e+00,3.716357972518939939e-03
1.788852266044585360e+00,1.300067055823227001e-05,1.064536069431385457e+00,4.674013084067165855e-03
1.554062907405557636e+00,1.358930230372054726e-05,1.575661504331184126e+00,3.661014213592315904e-03
1.583667626070877521e+00,5.212335593607045532e-06,1.965675739594378024e+00,2.049237362354680309e-03
1.896837404365798285e+00,1.476275233620766053e-05,1.880341258638981827e+00,3.859049788548279437e-03
1.941053380128748618e+00,1.065225509354635923e-05,1.913782844433775665e+00,3.286950697386012941e-03
1.325713936141187155e+00,5.443490421705109546e-06,1.602320025081103161e+00,2.122213203553785336e-03
1.529133523713560150e+00,1.070652084508352255e-05,1.756868096211471775e+00,3.052652085654264380e-03
1.573748202987989231e+00,1.210585784868489981e-05,1.270088622298640724e+00,3.873008015668733504e-03
1.933449470237694090e+00,1.312095654030767173e-05,1.421161458494609953e+00,4.225007179039808394e-03
1.681357464349877873e+00,9.437176624525990467e-06,1.227175375016423153e+00,3.595818428197257791e-03
1.459931947362417048e+00,6.904176412131095595e-06,1.802343510930380477e+00,2.364849255390082377e-03
1.733993739155025082e+00,8.376943950721906464e-06,1.230368212545917661e+00,3.435967254024640139e-03
1.017483923521975697e+00,9.224384478433653720e-06,1.785845277780035545e+00,2.292506423949939101e-03
1.110768032411378226e+00,1.270972599473290087e-05,1.065849869653901827e+00,3.639416518321764767e-03
1.802136709119480873e+00,9.890175058375488571e-06,1.120054729602417698e+00,3.989112036368157137e-03
1.178897735239128775e+00,8.882730953018099865e-06,1.095938659319377173e+00,3.091136599295367642e-03
1.727902484897705815e+00,9.210418026097232503e-06,1.753886198630930870e+00,3.012302485188220885e-03
1.228051375913057353e+00,6.122057668502682264e-06,1.525847637745510355e+00,2.219736336078299670e-03
1.156548325463516047e+00,1.463039061815225183e-05,1.534728993803046393e+00,3.320427514403900479e-03
1.691743539965614884e+00,1.358844087839467717e-05,1.965541659285031661e+00,3.419880661928526890e-03
1.643964782415590076e+00,1.090636188154459093e-05,1.551046827265988970e+00,3.399959563534358641e-03
1.240849871188685505e+00,7.598880953182665239e-06,1.085563741016841277e+00,2.947180777098219739e-03
1.002736863629483333e+00,8.916096709571898738e-06,1.001673244405996810e+00,2.987568275371335885e-03
1.955897977478197491e+00,6.444337324742751910e-06,1.705350560895926737e+00,2.718663128725679924e-03
1.256835018397630677e+00,8.082471986371718645e-06,1.327022194874714067e+00,2.766764196543288271e-03
1.930899901486953230e+00,1.423346498665208155e-05,1.095253292065380579e+00,5.009310075197334795e-03
1.353121668364815289e+00,7.488089106021189812e-06,1.314198918157893470e+00,2.776664281047551419e-03
1.750376726981325071e+00,6.828029824620055514e-06,1.527229879036564597e+00,2.797443113424685594e-03
1.081799974923024710e+00,7.549350687658450839e-06,1.110630570235400016e+00,2.711711431061707058e-03
1.732675812833826878e+00,9.644135226438936079e-06,1.780534742637103651e+00,3.063480187608406177e-03
1.476041862334502852e+00,1.160756058521494743e-05,1.002449936866802727e+00,4.134171326834817743e-03
1.282408120022461961e+00,1.394052774665369878e-05,1.887429874234481719e+00,3.077636506099688547e-03
1.766669761026375962e+00,1.289862250358865872e-05,1.676339099355315554e+00,3.686959922026840364e-03
1.888396644544590330e+00,1.261078753976435177e-05,1.063585390750111603e+00,4.731856143623890121e-03
1.355940763332619481e+00,7.333002722831132715e-06,1.163035690494596208e+00,2.923915116031835203e-03
1.331669476285234133e+00,1.096860068481056463e-05,1.298979450809856662e+00,3.353302210955528499e-03
1.646996236536257374e+00,9.437348099937383766e-06,1.541180302042085115e+00,3.175737269424184009e-03
1.348266915647221120e+00,5.466609866464963804e-06,1.336996198081719101e+00,2.347912419974783858e-03
1.943391352426962815e+00,1.413851391108153919e-05,1.903254494237394123e+00,3.799562412264451561e-03
1.723520016019355339e+00,7.429895675258364835e-06,1.964126687449146758e+00,2.553376019397327491e-03
1.131901434244076299e+00,5.184714630171157847e-06,1.896997787627698884e+00,1.758868299931969689e-03
1.541282967530005488e+00,1.281443974364042333e-05,1.482479421769591355e+00,3.650031936249176906e-03
1.885214446892198303e+00,1.199090216723796434e-05,1.153034177945993610e+00,4.427771688705151552e-03
1.450450763051344349e+00,9.664252675920508305e-06,1.554367454215000333e+00,3.003023884641042775e-03
1.059492253663568917e+00,7.121302563729597747e-06,1.236317776238397226e+00,2.470378819150331837e-03
1.000059520203816943e+00,7.730693131648486006e-06,1.409561663034819556e+00,2.341963389704014575e-03
1.136674316162952003e+00,1.068075504341203235e-05,1.324312602734422306e+00,3.027776019202241611e-03
1.911649250839977388e+00,1.206781287539645473e-05,1.449237014060715367e+00,3.989777532515221929e-03
1.577019039702364678e+00,6.579185890556377721e-06,1.628917960759910244e+00,2.523800029041028351e-03
1.328329217908885695e+00,5.054385255061247924e-06,1.463733215941323884e+00,2.141687339830061418e-03
1.598663901714325153e+00,1.363772933559315525e-05,1.756332752991743629e+00,3.523272366030277738e-03
1.849965483212788531e+00,1.026912827963171320e-05,1.190502568826464991e+00,3.994693231956850110e-03
1.925682043958508505e+00,5.150749960573540033e-06,1.863712654606089369e+00,2.306949285215661397e-03
1.659820633294136982e+00,1.472175654162093870e-05,1.154533399770602875e+00,4.600522346531923067e-03
1.762875651455459103e+00,1.277740476557263162e-05,1.913756984169181274e+00,3.430747627854851059e-03
1.451468837912064824e+00,8.658559792306040029e-06,1.776747101475339985e+00,2.659585034365486919e-03
1.099761370046235420e+00,5.369700510881825637e-06,1.275629893066568377e+00,2.151601896529913190e-03
1.966029934245387967e+00,1.273763793892153712e-05,1.175438203608657028e+00,4.615721662887417413e-03
1.312344113825254954e+00,7.221278531187950628e-06,1.946969817406125181e+00,2.206232625358128373e-03
1.116179605526005369e+00,1.098648355287941694e-05,1.648928089901084526e+00,2.727065305804478833e-03
1.058988945704191220e+00,1.000282533123296948e-05,1.768477529808044402e+00,2.447413114940062088e-03
1.470148606449681150e+00,9.116823149964472915e-06,1.058710133621707961e+00,3.558064760669618978e-03
1.239580572764908517e+00,5.358112842216683938e-06,1.324748148151317029e+00,2.239116281344323469e-03
1.794974433206805164e+00,1.235534314035161216e-05,1.677180773682228399e+00,3.636357737126390960e-03
1.275021070580182103e+00,1.228924938906437230e-05,1.102148701901130234e+00,3.770520123297659704e-03
1.498846092678995712e+00,1.456205629054796121e-05,1.553768314141498408e+00,3.747975492805788542e-03
1.234040463383256014e+00,9.398984854133484384e-06,1.430798320129636814e+00,2.847186817239182825e-03
1.696757132192197037e+00,9.248610081848094590e-06,1.930045913169359917e+00,2.851440124515866592e-03
1.803439489003011875e+00,1.455527680137159698e-05,1.121747842516358507e+00,4.837415596482154759e-03
1.750290133350511201e+00,1.005465413918757738e-05,1.900204843379160735e+00,3.043255251335402062e-03
1.802427115085175391e+00,1.441627001013014893e-05,1.841308956747270908e+00,3.756574249063501531e-03
1.396700568899124750e+00,5.076535039009528444e-06,1.681334219630285398e+00,2.053564381496207798e-03
1.981614762028236054e+00,1.298798987332998455e-05,1.705116726295484497e+00,3.885111862530980353e-03
1.933901176342962103e+00,1.112134822824168367e-05,1.820607265318106460e+00,3.437064821137090272e-03
1.529997072371665823e+00,8.916236335641795652e-06,1.037695369688378833e+00,3.625777471616135200e-03
1.730873286347646811e+00,8.281491973345228428e-06,1.384916845506976024e+00,3.217177934165757654e-03
1.571211406476278771e+00,9.395247921631077597e-06,1.458748895372937060e+00,3.181128143757721086e-03
1.047899479246635845e+00,1.126310668344424294e-05,1.819855314010388359e+00,2.546657147810432644e-03
1.542576990657825053e+00,1.027580232870014210e-05,1.169036014495411058e+00,3.682284584900269355e-03
1.940494538469274222e+00,1.060726056799423104e-05,1.469062038348622590e+00,3.743154584187943952e-03
1.734913705430424891e+00,1.350636117673723605e-05,1.567945306855903942e+00,3.865829214213735605e-03
1.282797275429979234e+00,8.281378544850688864e-06,1.013352281751577877e+00,3.237800665450157097e-03
1.817411244420394034e+00,1.185258376046424795e-05,1.310897634919417687e+00,4.053673183564360585e-03
1.519863429906857633e+00,6.590669861262019583e-06,1.646532251013568482e+00,2.466504661595079941e-03
1.059385082111815590e+00,1.116284917357490969e-05,1.363018973888672658e+00,2.945530365289175667e-03
1.300012096277110896e+00,1.130774949813505935e-05,1.602416978501696843e+00,3.028823855356051111e-03
1.956178568757102276e+00,1.094113524613412037e-05,1.622094017821901435e+00,3.632431475386212801e-03
1.192379732346918075e+00,8.891660443264147760e-06,1.642146308728091864e+00,2.540930598880830615e-03
1.469171756649788607e+00,5.939655332305320892e-06,1.485936815434702796e+00,2.423353309836441712e-03
1.446442213565143353e+00,8.339441243937313893e-06,1.516132163487883489e+00,2.820658377766630236e-03
1.378226900041685798e+00,1.213694059953489558e-05,1.556137318728053609e+00,3.278619483053329953e-03
1.101445698496655856e+00,7.137259001583044200e-06,1.698013190965711683e+00,2.151675348578652950e-03
1.197856807005904134e+00,1.138389061428906652e-05,1.014213008475382649e+00,3.666766216115733938e-03
1.769048681746460794e+00,6.117814427586017235e-06,1.973065757747137106e+00,2.342055929473165106e-03
1.439969976664399631e+00,1.038733250970004195e-05,1.795735819142754819e+00,2.886074335545964903e-03
1.908930095122703730e+00,1.233184731922269730e-05,1.212167147518592891e+00,4.406845524628406202e-03
1.602846268889105197e+00,6.040942688908489315e-06,1.685838772060014090e+00,2.396570858644250096e-03
1.119323639795496872e+00,8.292972606807391800e-06,1.480863362238266756e+00,2.503660624720988048e-03
1.375431872077602202e+00,1.164844654420201863e-05,1.028485805136324593e+00,3.946884307242041166e-03
1.305337878072013513e+00,5.398641517035961641e-06,1.661639723156916215e+00,2.059374270346312711e-03
1.273402994570373536e+00,9.537145165655128279e-06,1.244523811507893596e+00,3.123852538238071613e-03
1.369887302229941817e+00,5.855607479920591005e-06,1.722686907982889704e+00,2.157869725057698102e-03
1.704129708640305774e+00,8.750498842165728078e-06,1.230629413262465111e+00,3.481000488423472393e-03
1.523102192500734420e+00,8.875080927477037846e-06,1.664358223383871849e+00,2.849884632595293867e-03
1.020561543845546870e+00,1.209584014902344602e-05,1.903316085958641546e+00,2.546725636480005536e-03
1.531159680236917398e+00,8.004076902970526554e-06,1.949859761407942038e+00,2.507056837923930890e-03
1.135725359238920706e+00,9.823892901545233896e-06,1.090518812791606340e+00,3.198614414968057543e-03
1.085536379182610922e+00,1.492913024419696051e-05,1.450203012772812716e+00,3.342912761355752715e-03
1.080241071166702760e+00,1.495553368412645779e-05,1.060244462462989201e+00,3.903536943016192896e-03
1.370974429268426498e+00,1.172821393030617205e-05,1.817511915410157552e+00,2.974349395342673792e-03
1.464000540419176044e+00,1.190900073845308699e-05,1.428861344943271217e+00,3.493117833125821380e-03
1.642858813803808271e+00,7.683084705001192696e-06,1.293546069787805619e+00,3.123755122177164847e-03
1.070593124040169375e+00,1.198705647225576800e-05,1.505274880221183942e+00,2.919850350939977475e-03
1.801172356785756268e+00,7.117861245774707334e-06,1.709096266267840836e+00,2.738855581232208306e-03
1.775423973994040061e+00,1.411795754125459715e-05,1.497105838219721541e+00,4.091765382110401292e-03
1.070235227065006178e+00,1.078099241804824616e-05,1.837638362553728033e+00,2.505757084408859192e-03
1.721160001313150500e+00,9.343669914698691142e-06,1.670849164319511582e+00,3.102421084897837630e-03
1.424107396859835006e+00,7.619001714228127462e-06,1.212351316717840355e+00,2.991618171302748170e-03
1.425138216977130501e+00,1.083311139119675222e-05,1.860363544342833020e+00,2.880754091359197678e-03
1.411296732342165683e+00,1.196723832563566050e-05,1.867372549028843753e+00,3.007396243221740345e-03
1.061437441435002071e+00,1.233394957309629655e-05,1.976741600071966198e+00,2.573495035212956545e-03
1.629995837287274263e+00,6.207866286826885622e-06,1.687326403485159165e+00,2.448865164710752138e-03
1.558999641037233097e+00,1.165899230970462007e-05,1.330976482698474683e+00,3.695458457874853473e-03
1.538099585642429989e+00,7.615920064717395554e-06,1.094647571279333320e+00,3.271268993481326638e-03
1.946866280248274350e+00,9.303917715094962528e-06,1.909970724988478086e+00,3.079552672650387370e-03
1.759198815858273646e+00,1.303196998463041896e-05,1.698120459551758721e+00,3.674330774558396979e-03
1.553367360987865986e+00,6.549551905231812022e-06,1.624840775740830967e+00,2.502289060779489070e-03
1.980940547460185552e+00,9.537234417514554462e-06,1.347661662292071405e+00,3.744178218878864602e-03
1.842441767721351820e+00,5.368298164510743534e-06,1.772475107819841300e+00,2.362246028274153989e-03
1.214865992728845656e+00,8.367343282032936461e-06,1.347826004785086962e+00,2.746256294684347107e-03
1.072783361502273936e+00,7.206285185999225161e-06,1.801352523081098278e+00,2.071630903938405117e-03
1.477993653874127400e+00,8.602897846476458848e-06,1.110937107225195675e+00,3.383092957138132944e-03
1.857134949527846857e+00,1.319106613603080467e-05,1.232576141826518867e+00,4.458151284165083432e-03
1.882220244606016557e+00,1.210369589983244142e-05,1.207576561269135818e+00,4.343470583068643164e-03
1.778151862121794213e+00,1.052175469230687937e-05,1.255762709444309788e+00,3.859888144436215713e-03
1.445148232791054532e+00,7.497687965104109331e-06,1.588705332542198256e+00,2.611549142593212747e-03
1.689523549942013148e+00,6.150616852597062265e-06,1.462407077693247404e+00,2.665675752941823202e-03
1.237006275691493906e+00,7.925029092886783788e-06,1.062618085598872053e+00,3.037370582680978728e-03
1.440090704671208588e+00,1.193752583797859926e-05,1.052553465109300701e+00,4.041382934253242090e-03
1.638659363361762100e+00,1.156176498998707200e-05,1.125249531342293885e+00,4.103287907216158700e-03
1.339738930990644894e+00,1.254837120219800532e-05,1.709120693289136295e+00,3.136298578732514639e-03
1.362982350477967675e+00,6.736979703530106888e-06,1.289438266711355308e+00,2.668562987928595458e-03
1.442594298730519586e+00,5.792228332799805848e-06,1.024321433408813542e+00,2.856122381189758579e-03
1.376674914016588591e+00,1.450299225898059942e-05,1.714391494620886913e+00,3.412632364699697170e-03
1.689304886798144167e+00,1.296936870397131931e-05,1.359172450262366549e+00,4.014913159379319800e-03
1.190198657084071465e+00,1.109287600600348101e-05,1.735850631673408140e+00,2.757881688910151802e-03
1.381535548926196233e+00,1.358180015790737787e-05,1.773378092450176080e+00,3.252812503389556058e-03
1.305420865143862130e+00,8.389101049040554838e-06,1.622751553550206616e+00,2.597807528112563817e-03
1.354290596157249782e+00,7.635816562111383518e-06,1.312333842856872934e+00,2.807123438370205063e-03
1.205384637581136786e+00,5.287744240945595152e-06,1.619007481990355046e+00,1.984145967249373570e-03
1.429478409590952515e+00,1.157087599012990349e-05,1.103992007614025272e+00,3.870695031784985619e-03
1.286590438534605418e+00,8.296197914724856204e-06,1.660715390303588723e+00,2.535199301986912606e-03
1.331303482469383237e+00,5.365555919026993038e-06,1.749389746284497615e+00,2.020703568356142961e-03
1.516723373944282249e+00,1.399851560795448529e-05,1.877169644567765472e+00,3.363120446769253796e-03
1.553510300363423191e+00,1.392836114331341457e-05,1.571670541432631296e+00,3.710447760288718665e-03
1.071424462792092136e+00,5.955923996286549792e-06,1.177393289785535480e+00,2.328062172948867567e-03
1.918508721609185619e+00,5.285020790205950595e-06,1.831800856378274389e+00,2.352697603514712979e-03
1.294640120192659838e+00,9.802690039273031060e-06,1.140005788749054894e+00,3.336519271532714312e-03
1.837299959445062747e+00,1.008275672674304630e-05,1.568150314929127598e+00,3.437049859954066471e-03
1.713583638630203687e+00,5.684772588798504166e-06,1.046939465430320348e+00,3.050341165931480612e-03
1.467990662421867931e+00,1.082645438030125036e-05,1.401173636356172869e+00,3.367896937828244314e-03
1.248843701799918549e+00,1.499573941611585134e-05,1.855108894379660089e+00,3.177263858250599544e-03
1.704606734826593861e+00,1.142850399547547869e-05,1.831868223077511848e+00,3.261066669593915435e-03
1.933546408592549337e+00,7.341868894783808703e-06,1.552183637505541114e+00,3.024189924740107449e-03
1.288046973691481023e+00,1.321935331239483007e-05,1.792047568936139257e+00,3.082451052839585946e-03
1.329764382634848419e+00,5.668026354837168694e-06,1.209464949422133451e+00,2.496356666360049527e-03
1.966894636274444608e+00,1.288799803875253369e-05,1.524855842794342387e+00,4.077264487693858103e-03
1.813700302376938911e+00,1.416582064601808384e-05,1.426970539801187154e+00,4.243225659051913512e-03
1.315613804199474490e+00,7.394594622316355450e-06,1.302760122557688360e+00,2.732682452073705894e-03
1.776929655280060860e+00,5.165278241451121773e-06,1.181549671750057096e+00,2.787122043765355439e-03
1.194685975220439289e+00,8.522583412117009882e-06,1.731158795042009757e+00,2.425180455925646933e-03
1.983529262608306976e+00,1.454500975746757341e-05,1.109630207421455239e+00,5.099025441973326946e-03
1.827652814036851758e+00,6.031978602326602461e-06,1.354255691740533285e+00,2.853161867799283279e-03
1.295910760199805223e+00,1.191469570825451279e-05,1.292501609413492902e+00,3.456316298767250165e-03
1.016418965494796378e+00,7.688155951666355228e-06,1.455569417163103507e+00,2.317026554524319933e-03
1.079308316029087056e+00,1.236744536182701255e-05,1.746112644579306927e+00,2.764882203812858708e-03
1.489138324723598750e+00,8.531020326383900292e-06,1.680875963604605783e+00,2.749161006620281546e-03
1.274313572506552639e+00,7.944057314162310832e-06,1.631345582504529323e+00,2.491072418220849002e-03
1.662902320895381925e+00,8.002082032675988246e-06,1.500498859094289372e+00,2.977947482889726789e-03
1.400929602656951101e+00,6.173149093127448307e-06,1.768357503151682497e+00,2.211446842431215656e-03
1.433733680295840252e+00,1.014020824562745921e-05,1.225968116691640963e+00,3.443642768130964014e-03
1.095170777721692801e+00,1.096402778407161025e-05,1.789107393100839660e+00,2.590644266502033569e-03
1.549076583511704186e+00,6.977800237624897961e-06,1.761638053807806692e+00,2.477064806743128206e-03
1.913895800731743257e+00,1.139739507012892227e-05,1.746821041624684323e+00,3.533765600160870997e-03
1.972863577568046534e+00,1.075119389365328375e-05,1.997445689364016896e+00,3.258662514730873219e-03
1.181575447854387839e+00,1.286194479570715521e-05,1.224601897687124463e+00,3.522788627277011371e-03
1.845765280754922522e+00,5.507816191389608040e-06,1.461511685132655280e+00,2.637404904632728413e-03
1.116173564543410546e+00,1.268812333167002566e-05,1.320752965296347226e+00,3.274566124714375134e-03
1.777695182393525419e+00,6.623703341043990599e-06,1.121406374611589429e+00,3.240392170196502650e-03
1.976702688450898471e+00,1.458072708103534191e-05,1.992560085373836776e+00,3.803247196388068619e-03
1.777431388961624226e+00,5.430390710625094325e-06,1.062672416030365330e+00,3.013784935672326332e-03
1.653692655509321208e+00,5.866056201616983335e-06,1.983427893081274984e+00,2.211527277082102946e-03
1.307202333204751099e+00,1.357722410296041400e-05,1.510124956889785208e+00,3.428234001181410060e-03
1.231343258615431591e+00,1.172275660647758782e-05,1.583480462163451730e+00,3.019243138184480365e-03
1.989997843933930310e+00,7.675944759375587017e-06,1.637358287661602851e+00,3.054360974168756401e-03
1.738353017639796771e+00,7.441063690317464560e-06,1.746251949206151455e+00,2.721654838084468578e-03
1.047556503428080710e+00,1.441485486811686515e-05,1.509801300487352282e+00,3.162525006475805801e-03
1.482967725307374085e+00,9.652895618926850906e-06,1.328327576426829637e+00,3.282782127020341008e-03
1.685758138748953083e+00,9.500330894467510476e-06,1.887823456096454855e+00,2.912636647330048203e-03
1.654660693425652251e+00,1.311289126015804821e-05,1.735995715859935506e+00,3.535325294380291163e-03
1.637836904386514858e+00,7.760316494111223006e-06,1.241804615191225647e+00,3.199251692471794493e-03
1.196233679004312656e+00,1.476328513601207534e-05,1.213357154404063554e+00,3.815093525514484229e-03
1.256800885502622256e+00,1.182607101238741893e-05,1.510258199970187398e+00,3.137096506102401549e-03
1.492015230976745155e+00,5.318440508929078848e-06,1.603355150674083074e+00,2.224661379698995942e-03
1.712701061440915717e+00,5.127133907304474328e-06,1.763609353640855915e+00,2.231397369587201970e-03
1.658654305366139114e+00,1.156612252082318776e-05,1.841678249729754135e+00,3.227490368215187033e-03
1.813237803269549309e+00,1.081717446922199631e-05,1.883138380845244653e+00,3.227328566957826834e-03
1.734242656420180939e+00,5.604514952026774189e-06,1.886883815790415975e+00,2.269610690422031209e-03
1.310604614147855118e+00,1.084299560836286843e-05,1.559257871401867002e+00,3.018919375158576196e-03
1.885167349740790588e+00,1.108294825526192846e-05,1.366474008572165832e+00,3.910226545793796596e-03
1.077504555630112604e+00,8.023913866533111165e-06,1.036182280115768961e+00,2.888581370444206001e-03
1.797112969140054251e+00,1.491059324891820921e-05,1.430108677679233331e+00,4.328631642012193727e-03
1.232166801078550034e+00,1.161514132547152446e-05,1.813726513566511933e+00,2.809060545561444487e-03
1.071813513114474148e+00,1.448009305378033902e-05,1.007280590488467409e+00,3.925274723839339459e-03
1.955772917724034832e+00,5.695423848430286633e-06,1.120119299334888741e+00,3.153480128735450423e-03
1.047797072929487427e+00,1.487703150755811517e-05,1.950512803155665331e+00,2.826977351705060957e-03
1.455996547412801601e+00,1.395362792447536567e-05,1.993312272900226167e+00,3.192537971122999790e-03
1.405879572422533030e+00,7.475516009447592315e-06,1.326812503221864725e+00,2.814426235568268965e-03
1.052404048746920617e+00,6.434358776742929349e-06,1.419872204577524499e+00,2.183832188618668995e-03
1.052602735718313198e+00,5.403748505376881077e-06,1.884122921966250530e+00,1.737501526576669874e-03
1.837842333790824512e+00,8.165013645099145222e-06,1.586101177088997227e+00,3.075864071648987726e-03
1.715494102408533728e+00,6.398977799940767830e-06,1.122248921428699475e+00,3.127557609105469181e-03
1.210742741300566916e+00,7.812925342409375264e-06,1.188426751527906333e+00,2.821282432273496555e-03
1.364131922558569521e+00,5.799913355363508848e-06,1.980104436309350735e+00,1.998917593833491289e-03
1.594956739037874272e+00,1.128287444103768104e-05,1.686887450191682847e+00,3.266188745086454938e-03
1.127202821805930899e+00,8.040256021191593286e-06,1.322664266484758544e+00,2.617647496965532384e-03
1.887126242794211484e+00,1.288822972886503320e-05,1.744455567435598820e+00,3.733938454353796788e-03
1.019097686040984829e+00,6.338450384066647914e-06,1.229887227680591000e+00,2.291747728680067469e-03
1.508437801676810741e+00,7.911038278741166837e-06,1.821658270195279483e+00,2.559452014956798641e-03
1.533499320576418690e+00,8.545697028764256649e-06,1.504536536620027176e+00,2.951305522053738334e-03
1.278328653063456333e+00,1.305880371642850269e-05,1.234813816969025702e+00,3.676818724062887872e-03
1.931369730641363081e+00,8.706318113733604999e-06,1.204302592631689039e+00,3.736647802758989983e-03
1.314892602841371883e+00,7.937076857941354307e-06,1.688554687294624657e+00,2.486095850105658842e-03
1.902498126497790043e+00,9.368887958671254907e-06,1.391893647009519119e+00,3.578517251610860862e-03
1.661093029685957401e+00,1.234075133583624920e-05,1.440827146048532681e+00,3.771914480179814223e-03
1.873370120188934784e+00,7.866897894494072834e-06,1.867971374534528994e+00,2.808849324572157760e-03
1.821010731874801003e+00,6.351908374897677262e-06,1.374900643095641417e+00,2.900498916039333415e-03
1.188298031592407433e+00,5.884456428886358217e-06,1.872874089881285009e+00,1.932242249084631207e-03
1.421271256815394679e+00,1.265050465707153246e-05,1.239682670385047647e+00,3.808352562608928720e-03
1.784061087731779294e+00,8.269189304950211422e-06,1.978287072529448354e+00,2.730811172905025022e-03
1.584632438257953524e+00,1.425856389698289497e-05,1.507563034492602760e+00,3.871367715722222498e-03
1.540612867655914320e+00,6.256714227615383625e-06,1.761654374414123980e+00,2.339158049939505692e-03
1.910413584257296904e+00,1.251248011908993673e-05,1.467255145989350140e+00,4.036292011061448116e-03
1.252229118156800602e+00,1.198675485410805353e-05,1.662273663922190003e+00,3.004979051379233837e-03
1.462523574014753747e+00,7.851694661381866745e-06,1.584515802959112651e+00,2.692060719785551500e-03
1.749391218541255455e+00,1.275767397376167424e-05,1.727633280088741063e+00,3.594209932972645873e-03
1.197540426619163600e+00,7.415061519805036436e-06,1.583966581893280878e+00,2.367715207366126277e-03
1.055547465422069786e+00,6.164357949977283363e-06,1.499942354326795346e+00,2.082790192321685215e-03
1.588981936420160945e+00,1.039626543939099420e-05,1.936803902958804890e+00,2.920487380686568029e-03
1.740927247827174673e+00,9.079114254258576568e-06,1.181751560303780924e+00,3.657202094588552291e-03
1.326469277070000397e+00,5.329642614819170193e-06,1.547694324569987456e+00,2.137248626776936788e-03
1.981626731752328840e+00,1.331065617380245745e-05,1.258407811965732481e+00,4.578254763466877743e-03
1.496090292577429093e+00,9.531909808948259484e-06,1.178697198218802367e+00,3.478305625110550241e-03
1.699344927727964194e+00,1.066403601734174601e-05,1.674989574606899900e+00,3.289239653419210024e-03
1.197706762140874126e+00,1.109218630082875243e-05,1.641591093276443480e+00,2.844797350712237501e-03
1.410454185971852237e+00,9.631814583528247766e-06,1.099899658137406311e+00,3.514447137973532309e-03
1.035593402055940082e+00,1.087537155140120469e-05,1.148353693366359174e+00,3.131690632891513844e-03
1.626147511494685283e+00,8.903041043141557892e-06,1.750922437038984425e+00,2.875515435462249521e-03
1.460671102245111985e+00,8.044428713865060224e-06,1.477019923658341227e+00,2.820529495036082444e-03
1.882287444543568888e+00,8.255407163448307033e-06,1.523263213082888257e+00,3.193925226931463874e-03
1.797605171255381329e+00,8.875942510387839713e-06,1.192531369285241283e+00,3.657796068279033953e-03
1.722491393656152781e+00,5.021729250507615557e-06,1.013120889871434116e+00,2.921961854696007374e-03
1.103664948582819161e+00,9.940355093450323572e-06,1.329916439920922677e+00,2.872151848669097975e-03
1.240096549589603248e+00,1.008156607836544743e-05,1.731553989010120365e+00,2.687037524921660151e-03
1.548284093183481369e+00,1.027155713144879752e-05,1.424850940428625812e+00,3.340863658468051257e-03
1.889573528946572711e+00,1.074023022975246549e-05,1.070312814832592441e+00,4.354450229879801987e-03
1.056896250760050116e+00,1.420660054333168669e-05,1.708883334119285058e+00,2.964183299648537762e-03
1.015282986296347500e+00,5.069461770182629133e-06,1.544679961272244828e+00,1.825388138427292252e-03
1.063316404725056952e+00,8.674588218573123837e-06,1.141994843510392599e+00,2.841997029441923478e-03
1.430258852302706440e+00,8.785376722712881389e-06,1.022802788582264366e+00,3.505028591937819384e-03
1.579013545083718606e+00,5.273892989781491551e-06,1.258523691466851613e+00,2.572337131247508582e-03
1.042022062151239936e+00,1.222276697952349925e-05,1.077606050932371939e+00,3.437899782555372836e-03
1.306987407795073164e+00,1.161913495027970913e-05,1.358207872691802987e+00,3.343793720645038287e-03
1.001918946010747824e+00,1.383560938042548654e-05,1.339343277067818860e+00,3.217136511695907648e-03
1.897822993106692779e+00,1.335441128752934092e-05,1.056939204777878727e+00,4.896832197444471631e-03
1.906022380006541450e+00,1.000844853236515595e-05,1.898809712679617956e+00,3.169616037905523872e-03
1.844664676893466471e+00,9.566809675302501809e-06,1.888665241856033461e+00,3.056784263658803014e-03
1.854790016043367906e+00,9.627576034706588997e-06,1.086694461511543697e+00,4.053704868529662241e-03
1.682385982809104785e+00,6.432796078515286582e-06,1.879784028311171085e+00,2.399433594797935592e-03
1.045029929948765757e+00,1.085836807776102629e-05,1.451293474684600682e+00,2.796205095794784823e-03
1.011784995274470411e+00,1.388866869556156268e-05,1.335385395106233997e+00,3.243927320262861552e-03
1.688999906252422800e+00,1.068093928074544814e-05,1.326046687378831024e+00,3.688417962416971462e-03
1.087010435378925166e+00,7.935628896465168989e-06,1.556073615394331533e+00,2.354466211288395137e-03
1.701025013014889620e+00,1.234068762824537007e-05,1.152873776587348464e+00,4.267113053184578599e-03
1.891617629685942603e+00,1.139508649980254488e-05,1.236523894312277827e+00,4.175170670978863366e-03
1.658444458890143913e+00,8.390613579812276641e-06,1.383747768923696109e+00,3.171165144201334996e-03
1.099632101493316583e+00,1.149182766025106035e-05,1.690733017724141085e+00,2.733888134365928396e-03
1.825794573689752065e+00,1.317031642398265213e-05,1.525588539417447098e+00,3.970135705292459488e-03
1.864389037328497256e+00,6.603495071341059488e-06,1.559130784260549962e+00,2.810049214127165445e-03
1.839305869563301332e+00,5.108291840604786516e-06,1.722030704393170186e+00,2.335846950026778529e-03
1.778326839030455409e+00,1.314851136516972848e-05,1.694755948561410097e+00,3.714415655221463015e-03
1.474688667198867265e+00,1.350363053797042437e-05,1.563538951999398741e+00,3.568790813654657175e-03
1.029849391673398395e+00,7.419698527505276048e-06,1.678942557282786074e+00,2.133349789998802582e-03
1.293722732287791555e+00,5.930849470268922925e-06,1.466059056376824543e+00,2.287722390900553526e-03
1.521520319690859768e+00,9.406528775261022038e-06,1.483461922846585290e+00,3.106099550892316759e-03
1.108711201456480389e+00,5.122586857625820930e-06,1.349608306803150137e+00,2.051398396876240055e-03
1.729724208244386663e+00,1.163912311143709077e-05,1.105224668190700532e+00,4.267988867334531790e-03
1.425748832135124822e+00,7.779844166251584825e-06,1.333846537449351999e+00,2.883726234222598432e-03
1.043531553055232042e+00,1.281299635594769306e-05,1.398315754466929572e+00,3.092256553255042732e-03
1.937146313404226383e+00,1.201100268777903650e-05,1.520239178351676212e+00,3.912144466972487800e-03
1.504973679359438155e+00,1.425430884461293204e-05,1.864399312903944894e+00,3.392095473386745087e-03
1.883238840612385445e+00,7.234423935880715039e-06,1.499794072045771198e+00,3.013969563839172857e-03
1.888861759696605080e+00,1.238153660976562554e-05,1.882254492407543500e+00,3.524911268051116389e-03
1.505522506208921474e+00,1.489941774852735724e-05,1.412260743280445485e+00,3.985390039352383444e-03
1.928444897128143154e+00,5.808003703635206637e-06,1.444636400074630789e+00,2.784439477866014652e-03
1.867198784289000546e+00,1.492243239730475668e-05,1.463295147367946525e+00,4.363642086887806019e-03
1.416706820664123345e+00,1.228404410961035443e-05,1.258441400855980774e+00,3.718725974742182350e-03
1.967020487537979534e+00,7.005954499306124205e-06,1.560775762950360246e+00,2.971445996379720993e-03
1.122637672524349206e+00,1.032947826870754472e-05,1.055487551411004699e+00,3.314610038364704594e-03
1.751502310131500373e+00,8.894653654026943651e-06,1.467477238555431551e+00,3.258248404603235945e-03
1.986496088429341222e+00,5.539863616389149215e-06,1.599215740632551785e+00,2.623251113026475387e-03
1.552489284676978887e+00,1.206167467895628655e-05,1.371202047700016635e+00,3.695450458532673933e-03
1.169788996177285600e+00,1.448216041822005006e-05,1.369007961090684233e+00,3.517770122392913437e-03
1.371069919975661744e+00,6.429655272414299053e-06,1.758408058396503826e+00,2.239050109691036877e-03
1.649712826715207248e+00,7.359056274312000323e-06,1.045059308377611629e+00,3.408354575009395291e-03
1.253111633967282090e+00,6.651325756779548985e-06,1.667081098520444726e+00,2.235993962205866121e-03
1.083854331593192999e+00,6.382163877907975066e-06,1.248103452122560686e+00,2.354204266255240877e-03
1.004405207371546593e+00,9.829581385194751091e-06,1.224908612674949104e+00,2.839031067871135034e-03
1.509937151631418839e+00,1.359828388109777150e-05,1.758127611001131019e+00,3.417403736349021535e-03
1.092731154744709610e+00,7.599980706079294325e-06,1.351564550521530350e+00,2.478817259417914146e-03
1.132608707549918936e+00,1.011294443150829357e-05,1.693450092787637917e+00,2.600713771811252219e-03
1.764190806722473415e+00,1.381634636017529664e-05,1.501202555791331328e+00,4.029486784264324148e-03
1.904013615528869607e+00,5.304877728798870141e-06,1.801330622643740886e+00,2.367968920457892441e-03
1.689221743579621959e+00,8.338575131506137530e-06,1.954332030319370084e+00,2.684664868262085727e-03
1.524126801841719114e+00,7.915531597754990129e-06,1.079570668563520464e+00,3.342912855227301704e-03
1.409863413451415637e+00,1.392552579725416176e-05,1.325680733106900711e+00,3.848352531780494402e-03
1.543810082227847325e+00,1.451148803051858903e-05,1.591658181545512196e+00,3.751699171885267137e-03
1.165770636248792735e+00,1.232539388434089436e-05,1.091734963301086658e+00,3.627841879751989712e-03
1.876677351523546866e+00,1.498722403307795465e-05,1.055085124368135618e+00,5.163113308360765298e-03
1.310897702230628070e+00,9.572057825272660769e-06,1.692626096109616007e+00,2.722742320042256369e-03
1.754596971828311869e+00,1.190183459014076462e-05,1.044738601568103942e+00,4.470867735798656276e-03
1.122916750376742323e+00,6.086022899701877758e-06,1.809876513435801915e+00,1.943193723441147660e-03
1.700927606861585506e+00,6.785918702549871749e-06,1.889681245967855805e+00,2.471456464924400107e-03
1.740050050365244960e+00,9.170666733500740947e-06,1.569772634555388846e+00,3.188327674960918668e-03
1.019739485904333165e+00,9.034281466138824836e-06,1.872174435588250585e+00,2.218289743825538080e-03
1.030537099307576865e+00,7.917632840885306897e-06,1.384358974441088908e+00,2.427756550381555533e-03
1.445569294978404473e+00,1.192907714930159610e-05,1.414002800489138734e+00,3.492189050511185656e-03
1.884459949468016760e+00,6.607619506878530170e-06,1.413398322712636102e+00,2.968135227531613126e-03
1.659559866731936673e+00,1.448559531331773318e-05,1.606363585524419380e+00,3.868500974424370596e-03
1.454952668649646119e+00,5.339623373121296453e-06,1.570939745303815638e+00,2.223821791466863360e-03
1.422728720752965081e+00,9.428702679607004259e-06,1.077648760604176914e+00,3.528161065284825433e-03
1.309419012620908651e+00,9.752121255744400404e-06,1.600158475004159753e+00,2.824927910653533998e-03
1.701010902508953482e+00,1.090367585704146510e-05,1.046271704591370089e+00,4.210345879841685506e-03
1.882850589419024612e+00,6.828663304209758628e-06,1.760202544279921177e+00,2.702678936970249243e-03
1.564657674644544416e+00,5.960010912612372094e-06,1.169498092338010053e+00,2.823796762261025512e-03
1.451612916814388754e+00,7.168786644243816867e-06,1.650769872439514341e+00,2.510758678622732314e-03
1.402213967199670730e+00,1.041391872737321394e-05,1.677859130129874643e+00,2.950098308957548737e-03
1.726678190131868185e+00,9.525037383700560669e-06,1.185420055886932111e+00,3.724799589637384483e-03
1.001227022570978065e+00,1.311900084454238334e-05,1.729387146965954969e+00,2.755945010254325263e-03
1.448219233037784548e+00,1.286118960406710087e-05,1.007618916506151541e+00,4.299417004085920660e-03
1.209006841357183282e+00,1.259765809130075283e-05,1.465347064610588390e+00,3.223955498384814457e-03
1.440690281352612789e+00,5.989998769964783568e-06,1.109188002799326833e+00,2.789305595831019675e-03
1.650842292365072739e+00,1.344667347020245024e-05,1.584607911477019737e+00,3.742823199071809107e-03
1.181210668007491194e+00,1.058220140289284884e-05,1.993093210783964508e+00,2.504308841800844537e-03
1.978304684277825132e+00,1.135308335101603862e-05,1.764413857068471536e+00,3.567822770142852276e-03
1.697023928255119607e+00,1.257620216696551040e-05,1.736123992281914274e+00,3.506132856854252827e-03
1.005473939404528450e+00,9.021087166968322287e-06,1.112442728218690391e+00,2.855459588426084196e-03
1.942971991631741169e+00,1.292901699633508585e-05,1.016383427977516130e+00,4.971497617560174942e-03
1.142513330954330719e+00,5.168494500706083805e-06,1.439255376316466606e+00,2.025553586918303270e-03
1.710035327393076621e+00,1.472701172211051890e-05,1.258878662464599119e+00,4.472680965932188980e-03
1.344980572428136067e+00,1.169394487206632702e-05,1.605418412350125390e+00,3.130000499906651634e-03
1.045360961856423465e+00,1.017779262122863326e-05,1.698660511849916954e+00,2.502687601802841902e-03
1.535064424652774484e+00,1.373621798107736014e-05,1.228653364712254836e+00,4.142687780855327379e-03
1.468290714191857305e+00,7.720232090537727375e-06,1.967085177640036209e+00,2.400543728063229271e-03
1.829930032639195625e+00,8.658600733966803831e-06,1.442113064723837823e+00,3.314678746840014033e-03
1.198058402266453992e+00,1.164207726613004603e-05,1.880868899487698975e+00,2.723171358267220937e-03
1.848196478921520391e+00,8.703080901016068018e-06,1.067452389726385231e+00,3.881828306867507895e-03
1.903628817313318677e+00,1.203818084813694086e-05,1.288006814492771435e+00,4.218057411705052745e-03
1.314267418391525055e+00,5.926675761042167839e-06,1.869916006359487071e+00,2.040968986104226262e-03
1.296425417148510562e+00,8.191087344429760862e-06,1.584174508552148364e+00,2.589065494212492748e-03
1.350922629895840554e+00,1.052787870952744592e-05,1.964639516917237039e+00,2.690569638978463751e-03
1.614571926109762412e+00,7.177334075475591133e-06,1.665599631861551355e+00,2.637697398256315558e-03
1.655392726297864936e+00,9.826551591945467828e-06,1.980629048327848585e+00,2.865824020720310339e-03
1.136969677929941858e+00,7.142142021965972944e-06,1.765678148322618934e+00,2.144533876727623776e-03
1.382825941354328236e+00,6.082761752854689891e-06,1.801218793459347323e+00,2.160980895898347975e-03
1.941037959923292533e+00,1.147451126700375522e-05,1.861927125259125626e+00,3.458619400708761327e-03
1.415916213413168645e+00,1.365116980597598387e-05,1.665545873755801320e+00,3.406633496475497923e-03
1.600702098011534735e+00,1.002794888179483446e-05,1.359961562590567219e+00,3.435563625127787627e-03
1.234956800126430609e+00,9.047154150492134908e-06,1.585235980199454886e+00,2.654819002237828948e-03
1.179659558276274112e+00,1.479021721919429090e-05,1.866946822725000121e+00,3.057029627356494181e-03
1.191795484179206444e+00,1.135973638584688473e-05,1.207354308057347225e+00,3.348633567049499968e-03
1.620679326042065105e+00,8.147302210258488284e-06,1.395828698481575980e+00,3.075667598401604554e-03
1.375381664173277674e+00,1.039651957876802085e-05,1.977377976834460149e+00,2.689123553298969002e-03
1.272993679777724374e+00,7.153118700702179971e-06,1.752890864530955106e+00,2.279205062400823951e-03
1.560142859680229588e+00,1.003185369477030403e-05,1.393797393187918843e+00,3.350988634225992094e-03
1.038499461097640575e+00,8.524693625161136105e-06,1.687183556204420398e+00,2.290663841792909324e-03
1.503468410513195908e+00,7.665971579901735485e-06,1.310219483902813176e+00,2.965915198345805016e-03
1.907660580815816687e+00,1.067892303069359404e-05,1.328582224341859241e+00,3.915796034412896177e-03
1.116657632501370401e+00,1.232105843704965431e-05,1.710919701757358524e+00,2.835758316162725196e-03
1.191439894462366755e+00,8.654177473561392261e-06,1.688154616158389132e+00,2.471398946806019955e-03
1.419760187502411508e+00,8.658609201273764663e-06,1.932015440833656950e+00,2.522471508867460844e-03
1.352663148452682762e+00,1.076774642284930076e-05,1.210862854866322280e+00,3.468244934009549058e-03
1.916321929751492403e+00,1.109725969003967558e-05,1.693414511343643625e+00,3.543728740687806557e-03
1.659351180811439619e+00,1.374391774406774974e-05,1.037927135517757726e+00,4.687496914496869053e-03
1.665392532066760634e+00,7.220376198781043779e-06,1.833114073011691492e+00,2.561199884847469282e-03
1.914019004968945614e+00,9.684238600954644895e-06,1.298193464440997147e+00,3.778645538615009979e-03
1.979832003417951292e+00,5.758074098814267846e-06,1.455291975917367697e+00,2.798837778872403838e-03
1.695785553579795657e+00,1.407083178627428020e-05,1.776884653387910351e+00,3.664508496227560259e-03
1.199156745232340171e+00,1.422162534445726222e-05,1.153243820435314815e+00,3.845493007203546528e-03
1.669955515589224060e+00,1.467276059860537354e-05,1.275385192064542261e+00,4.383163611101325609e-03
1.412776373492534709e+00,8.264471048136021034e-06,1.715079052559974837e+00,2.609168770066273152e-03
1.883456105873368980e+00,1.328016805754237466e-05,1.414330056718487327e+00,4.205369414016371134e-03
1.772455897944781977e+00,9.759775983252236189e-06,1.716801098376044221e+00,3.174297685302771097e-03
1.674818762108552406e+00,1.385205712223070129e-05,1.579017837643182043e+00,3.833076858510334368e-03
1.070812950245690232e+00,6.089596686679665322e-06,1.293870721416253255e+00,2.244944609012949465e-03
1.388623809391372088e+00,1.035503696209907998e-05,1.232836717688875261e+00,3.415193774728292331e-03
1.735194172149536973e+00,9.247223152478224083e-06,1.158949028341151433e+00,3.720896084195431889e-03
1.308207448115775717e+00,1.383220402140785015e-05,1.891868137207603162e+00,3.092705525593182105e-03
1.026249956022628140e+00,1.273326326967424434e-05,1.079232846165925519e+00,3.479676400793409001e-03
1.375399551069074855e+00,7.619778307644711990e-06,1.317878805519490104e+00,2.819991961410931326e-03
1.416192137144162810e+00,9.497549308336980040e-06,1.246250006849629610e+00,3.285218660589843583e-03
1.779157199000550360e+00,5.736609803322758029e-06,1.204356737951205236e+00,2.911100796874046149e-03
1.988524336025461858e+00,1.116640841133173585e-05,1.376938507468874917e+00,4.015733988736108241e-03
1.377063231791410658e+00,1.398956365258120069e-05,1.468322152013040061e+00,3.622166004151871135e-03
1.911450215817838139e+00,9.078313111619531534e-06,1.904268847563314493e+00,3.018699918232029163e-03
1.488873193420916952e+00,1.372533071036127514e-05,1.829808027958220062e+00,3.341854210884308719e-03
1.717448608688376677e+00,7.860200367947059805e-06,1.809097243216013506e+00,2.731666821648534582e-03
1.987731982054196767e+00,1.127362667499015180e-05,1.065600532925439659e+00,4.585783240451652039e-03
1.768919654868772895e+00,1.270218994107498862e-05,1.331778253216546304e+00,4.107498330521271168e-03
1.234116513535003179e+00,7.657884475831891062e-06,1.382302886412469789e+00,2.614754262081543917e-03
1.322140853462414167e+00,6.592746324456514664e-06,1.021947612427277940e+00,2.920503482370253624e-03
1.532153473412597888e+00,1.296548080705453213e-05,1.547476623330052981e+00,3.582889380260508971e-03
1.923792559461464879e+00,1.196100048240859702e-05,1.466233906330443704e+00,3.961514457134975020e-03
1.573145668981950074e+00,1.450852559828185782e-05,1.323482547169579471e+00,4.152761602923064378e-03
1.852010391409661505e+00,5.255183478421584909e-06,1.358124187740795019e+00,2.676984825237654127e-03
1.490638010658742907e+00,9.940634371848580916e-06,1.527692929976960379e+00,3.114405168348838120e-03
1.649066473331308291e+00,7.966383398661578254e-06,1.793305526919269255e+00,2.706590415644339297e-03
1.783741609774751602e+00,1.062769909232376268e-05,1.049020498709538174e+00,4.251024510695598606e-03
1.307780905323967957e+00,8.387653810769160251e-06,1.933374107867363634e+00,2.381934394489594251e-03
1.788550222608064733e+00,1.306800936263076166e-05,1.461127473909750840e+00,3.999550961270680396e-03
1.114704911661302811e+00,1.207574242432680480e-05,1.683851385900109854e+00,2.827385318137712322e-03
1.224962130472249777e+00,5.742095115615482735e-06,1.762588062817518564e+00,1.997657868245047812e-03
1.134852558115248211e+00,8.548670590578461915e-06,1.557059955965717002e+00,2.496125079739702334e-03
1.115178245281391867e+00,8.876517184817739293e-06,1.352518714399736588e+00,2.705339676535218219e-03
1.454522144553188401e+00,1.467195032054109701e-05,1.092581825076245128e+00,4.419540385313618265e-03
1.107085645351804981e+00,8.093082701612778676e-06,1.020897016988377093e+00,2.962488216692618810e-03
1.705611110872776504e+00,9.846957533671151555e-06,1.715694814761560938e+00,3.128751143645667771e-03
1.187745214966117402e+00,9.064183550633239515e-06,1.571942337412437496e+00,2.617023876386422639e-03
1.683786516622132856e+00,5.024852886321540840e-06,1.458645874516696583e+00,2.408409077269966277e-03
1.869005573490431393e+00,9.698450165529992688e-06,1.451490001221911630e+00,3.533860838879097042e-03
1.201861681803917836e+00,9.260012060490341849e-06,1.970317808779249447e+00,2.376648083220176712e-03
1.911170563753585405e+00,9.817590898021381278e-06,1.862303073666454978e+00,3.174146806468144087e-03
1.195378245693547115e+00,1.299302830805722526e-05,1.293855968071394802e+00,3.464694124788923052e-03
1.900316548727447596e+00,9.845322021935462066e-06,1.732692061323158894e+00,3.285997625137174367e-03
1.638564321973308591e+00,6.389430249328536244e-06,1.765755842819276777e+00,2.434991715192330770e-03
1.008447211337805793e+00,8.084546743275813514e-06,1.672567249023115377e+00,2.207814740670935392e-03
1.228662416886483255e+00,6.784655799630774306e-06,1.285997457216061068e+00,2.546010216241339098e-03
1.741000319831945919e+00,1.007355028303434947e-05,1.524962253674833956e+00,3.391260549214969618e-03
1.390775063687977653e+00,1.247708914960247915e-05,1.803676280989646052e+00,3.101742848835958334e-03
1.326076101579942268e+00,1.314583784767631278e-05,1.722301252368140467e+00,3.181440467701656706e-03
1.683317005530313715e+00,7.589060517501982779e-06,1.080771100729802869e+00,3.438033481465586211e-03
1.968384761468347843e+00,6.515557801189116678e-06,1.491866379038900181e+00,2.932012616073341547e-03
1.623371888900822402e+00,1.380856495241809985e-05,1.482386085325904546e+00,3.888683696511658228e-03
1.151130267235340732e+00,6.189676709752041069e-06,1.920286452284684309e+00,1.926252479248161380e-03
1.150891339100197142e+00,1.317340733485074938e-05,1.717944898052041536e+00,2.970719222065208373e-03
1.262161165299223731e+00,1.317202898905736898e-05,1.649195094579145593e+00,3.175029234636601600e-03
1.559382379550978914e+00,9.658812174143603500e-06,1.120685866456854640e+00,3.666031770005420253e-03
1.224532741684508430e+00,1.328237848570124489e-05,1.355940821822830156e+00,3.463400846469343996e-03
1.208314583814653176e+00,9.940867158417469992e-06,1.321271070634181033e+00,3.015130963714743404e-03
1.414572981746955671e+00,7.786376097825044510e-06,1.235775144075177856e+00,2.985455761236400010e-03
1.327403194936441544e+00,1.442084818092325313e-05,1.700816887647140563e+00,3.354810950883141928e-03
1.958380571643253631e+00,1.060705127893559292e-05,1.346993244312404858e+00,3.927020527399143271e-03
1.044011295672731876e+00,1.032580463008963171e-05,1.830213898609234224e+00,2.426965630403979130e-03
1.876527672480079456e+00,1.284531714724662562e-05,1.737644722838141975e+00,3.724512270292826450e-03
1.260174889863975523e+00,1.179369169953680365e-05,1.023954154757985346e+00,3.809781248366460142e-03
1.374029572464108062e+00,1.261291128299972083e-05,1.373198033696066744e+00,3.552541205879947844e-03
1.021300077429625475e+00,7.087282562266623898e-06,1.589613174364848058e+00,2.133884111075615240e-03
1.555957409553781812e+00,1.219360192284345890e-05,1.501655320674155192e+00,3.554509909450653642e-03
1.942854588870198018e+00,1.255791492743717754e-05,1.013595980875802161e+00,4.906213884034888242e-03
1.745264974407456648e+00,9.947114961382090185e-06,1.612162307124796579e+00,3.281518625419286433e-03
1.036760921187272588e+00,1.284366434263371277e-05,1.196021677097571345e+00,3.336677689849139317e-03
1.049930594523803107e+00,7.066774446311397783e-06,1.130726802915981821e+00,2.561604438426905335e-03
1.535463209775276061e+00,8.578680892459163279e-06,1.365112593997784840e+00,3.106316671681025928e-03
1.200391629034121888e+00,5.350128951224698694e-06,1.081164330226507264e+00,2.437236926273273104e-03
1.115172676678592101e+00,1.296362915176260010e-05,1.895530578666904109e+00,2.761652066126603616e-03
1.015019210373853120e+00,8.064603006573955391e-06,1.005987335076435452e+00,2.852544124531824783e-03
1.657554631829165182e+00,8.873814167252055721e-06,1.462318064241547200e+00,3.171525210893586140e-03
1.117722330608884151e+00,1.195328830996488003e-05,1.917764738344873265e+00,2.639447308940044614e-03
1.328164301858584917e+00,1.080286999684096263e-05,1.743090815186422393e+00,2.869032508785354218e-03
1.020902333561057640e+00,7.860613440770718892e-06,1.986712327790054022e+00,2.009799920689448773e-03
1.038340947345542720e+00,5.343712437038836762e-06,1.441850399380036007e+00,1.961694746628584850e-03
1.533313987006004631e+00,1.109041840746961127e-05,1.740493629266314901e+00,3.125743201227415211e-03
1.616159775000394205e+00,5.551500321757690367e-06,1.212631067306923827e+00,2.720088197429483198e-03
1.703002400267535688e+00,1.376207596904681666e-05,1.441611364371535586e+00,4.032046266535672940e-03
1.351385347894532574e+00,1.140833140646152485e-05,1.531117513648015738e+00,3.173192398220732457e-03
1.870670141081563820e+00,6.516093945364385654e-06,1.872011989300744084e+00,2.551749055832965712e-03
1.930806086885017647e+00,8.199604065455846078e-06,1.637678276959417811e+00,3.109220170919929898e-03
1.190980012793151133e+00,1.016043999786472946e-05,1.369973871417026867e+00,2.972024273969866084e-03
1.849675186184390752e+00,1.303627025914393019e-05,1.653019836357782379e+00,3.819314136522545741e-03
1.663957563921620419e+00,1.442536608008993603e-05,1.336932577318752369e+00,4.237208080069552671e-03
1.213210764313930268e+00,8.259619969539749293e-06,1.539818060870830729e+00,2.551017604416779255e-03
1.670858312060006678e+00,7.808183102480364195e-06,1.637034653293655495e+00,2.823032447306565110e-03
1.216073355622187213e+00,8.752524580076151932e-06,1.341578328194242165e+00,2.816686673755709313e-03
1.244226531841967631e+00,1.203830144166002336e-05,1.882085716991747315e+00,2.821062036005707145e-03
1.260509712034370899e+00,9.728714495664975373e-06,1.902483018097411271e+00,2.538869819061211671e-03
1.323171252898413197e+00,7.960787950320257855e-06,1.851575084785082037e+00,2.385148328458325771e-03
1.342149904664042825e+00,5.468417437032551119e-06,1.620599762857115156e+00,2.128106982389433958e-03
1.087926261578258780e+00,5.870957212059119083e-06,1.043709388134884009e+00,2.473798904255079378e-03
1.383067913006756022e+00,1.454532532286326342e-05,1.162176689003256103e+00,4.160517877424814957e-03
1.269501457678367640e+00,5.713489753174115253e-06,1.184882458426740115e+00,2.474170892686161898e-03
1.829810898797326058e+00,1.291316292663278006e-05,1.252366278845862713e+00,4.343639138103538855e-03
1.955006329663414588e+00,8.410784815158045847e-06,1.915170334260017926e+00,2.930141826998348530e-03
1.188339218452665547e+00,8.581376547038851137e-06,1.611340698422647710e+00,2.515677737225950009e-03
1.384697129273602556e+00,8.287656759838719981e-06,1.656225093848359808e+00,2.632289150503175357e-03
1.147196589475477646e+00,1.113735437605631834e-05,1.756956393882145528e+00,2.696680231423337869e-03
1.605927199454208587e+00,5.481883450356690528e-06,1.771835898279372712e+00,2.229030841624907253e-03
1.965704730697222846e+00,6.843312969136640088e-06,1.193678043506884556e+00,3.356979891439533254e-03
1.313839048601556092e+00,8.484785081383629739e-06,1.642875906540534725e+00,2.604888422428547085e-03
1.521386155059141210e+00,1.297732154492118692e-05,1.245184812852327294e+00,3.981945898280502688e-03
1.676336888210035347e+00,8.238639936834778299e-06,1.648789119819374260e+00,2.894182118047741205e-03
1.612728817439031959e+00,1.269545133656232433e-05,1.212189178675571632e+00,4.109789179346391014e-03
1.882617315489390819e+00,5.441003137320418933e-06,1.447061893185128234e+00,2.660583902253607982e-03
1.980153679280317602e+00,1.291251332357119813e-05,1.414208352285654779e+00,4.252047828101322008e-03
1.970940987077468565e+00,7.380099282241979114e-06,1.376600293464276481e+00,3.250603388729701986e-03
1.843732534496492548e+00,8.397118832488629754e-06,1.955892669224499336e+00,2.813465537397966208e-03
1.588918974656902350e+00,1.303501557051907627e-05,1.550070974385325151e+00,3.655365939625559047e-03
1.947839554539352758e+00,7.122964059261055123e-06,1.526484229937714820e+00,3.014815961344285110e-03
1.326986164378154420e+00,1.166344742510382971e-05,1.626446294482433608e+00,3.084798504834281290e-03
1.701885125405749211e+00,6.509309535994021168e-06,1.297745997940048746e+00,2.921714218986959377e-03
1.421047703300009957e+00,1.010234649852561755e-05,1.785483795098170567e+00,2.835551256539300177e-03
1.462978710970921581e+00,9.446758647039023169e-06,1.768089885230308189e+00,2.795813793902990514e-03
1.797993945186119547e+00,1.482554000536726664e-05,1.172628032116980634e+00,4.767813258544359618e-03
1.482629961142418296e+00,1.184618281755491246e-05,1.614584304972265461e+00,3.298186715984165011e-03
1.053141921575405870e+00,5.821926651591452100e-06,1.155068814983856829e+00,2.303949129635008905e-03
1.149671623530226894e+00,1.126295221232232766e-05,1.573037891601514193e+00,2.869085130913836580e-03
1.470299597694217031e+00,7.031218335506835538e-06,1.578112742592219675e+00,2.559465016695787031e-03
1.899188860217001951e+00,1.051458830039231305e-05,1.575365103546506385e+00,3.560324664128358338e-03
1.277993947929017438e+00,5.430819747788362691e-06,1.844248702260500306e+00,1.939935763875457516e-03
1.152186758933246180e+00,1.307234020701095216e-05,1.536423314286255115e+00,3.130997108503638313e-03
1.287409774239923532e+00,1.168757355985554820e-05,1.879917455302636320e+00,2.829118831194113795e-03
1.210159037392634307e+00,1.329140733254741393e-05,1.122309716912528899e+00,3.785736188288578788e-03
1.642497074442224925e+00,9.167589010349265412e-06,1.261127339019977978e+00,3.455416476243678824e-03
1.730210071160328988e+00,5.592805491568324128e-06,1.263519804169136451e+00,2.767408362243005838e-03
1.561118850086950616e+00,1.051253030652202997e-05,1.661888428902793979e+00,3.142466685686050049e-03
1.477398341477027754e+00,6.307683485759132840e-06,1.918582806540052754e+00,2.203908073338590057e-03
1.307793813115321058e+00,8.060280949659720046e-06,1.360385602623297885e+00,2.783644147810353416e-03
1.561833846984199692e+00,8.228634096066606747e-06,1.358522406783207792e+00,3.075727726756116547e-03
1.597075627247941831e+00,5.526088012895879268e-06,1.426505060577775819e+00,2.487339011780160918e-03
1.121100921449272869e+00,1.083911906760669491e-05,1.235032062541155273e+00,3.136752350282253320e-03
1.821119379028838914e+00,5.582842030788471988e-06,1.979985789098680282e+00,2.266030969662639286e-03
1.557815721721840685e+00,1.242308057475169405e-05,1.613165325945917772e+00,3.463644039686967786e-03
1.815373048377193044e+00,1.484875403663379892e-05,1.466684859024013576e+00,4.287059825660795992e-03
1.829658180418879621e+00,5.302650403710096352e-06,1.113316317927602217e+00,2.952039684153220673e-03
1.913323841805611103e+00,7.233371847932172578e-06,1.579998970083301035e+00,2.959621921918540160e-03
1.908342532746522213e+00,1.089430903285990422e-05,1.324798544849937754e+00,3.961440059242835564e-03
1.408047366747747553e+00,1.371532091500148184e-05,1.538495085214356628e+00,3.542938083541884164e-03
1.832253821748406120e+00,1.241595379690413219e-05,1.421010749620081226e+00,4.001143986896833760e-03
1.544918815767632125e+00,1.147229515973029334e-05,1.789222165250735852e+00,3.147355879342481760e-03
1.209921829614343025e+00,1.006678761381545193e-05,1.189402735963757340e+00,3.200071210339701464e-03
1.244303610409925653e+00,1.478473081512433825e-05,1.763953879499124522e+00,3.229432998352414156e-03
1.408726656309768011e+00,1.092563826268602992e-05,1.625782531229679861e+00,3.076844503111076257e-03
1.597203884600269408e+00,8.682008338939537010e-06,1.835543533925599213e+00,2.748577161977572292e-03
1.967986421395055530e+00,1.273652495741765220e-05,1.528510713609224858e+00,4.049508181177952255e-03
1.994773809029069422e+00,9.247853477236915660e-06,1.299147107875097795e+00,3.768236338895265911e-03
1.106782220348840884e+00,1.214487526752323145e-05,1.589558920585288693e+00,2.907965843213170497e-03
1.381329726173846417e+00,8.012866622044758299e-06,1.574961308061306742e+00,2.650987569632148790e-03
